16,0,3.1606,5.6015,7.1738,2.2288
16,0,3.285,5.6545,8.2428,3.0923
16,0,6.1172,5.5265,7.5151,2.6032
16,0,2.6065,5.7131,8.174,2.7782
16,0,2.4147,5.6928,7.5633,2.3415
16,0,3.9699,5.6849,8.3097,3.104
16,0,3.595,5.3768,7.0245,2.3653
16,0,3.2469,5.8315,8.5834,3.0305
16,0,2.5055,5.701,8.1721,2.934
16,0,5.0942,5.7286,7.7226,2.5084
16,0,2.0658,5.7674,8.2056,2.8404
16,0,4.3848,5.6021,7.8224,2.7147
16,0,4.6439,5.5502,7.7993,2.8117
16,0,5.6355,5.5977,7.7906,2.7083
16,0,4.6865,5.7512,8.3927,3.0314
16,0,5.198,5.5087,7.8082,2.7705
16,0,4.6196,5.3656,7.3486,2.6993
16,0,2.8722,5.535,7.6936,2.7052
16,0,4.583,5.8084,8.6001,3.103
16,0,2.1569,5.8794,8.7168,3.1699
16,0,2.4359,5.902,9.0361,3.3433
16,0,4.2842,5.4581,7.5446,2.6424
16,0,4.653,5.9298,9.1683,3.3114
16,0,3.385,5.7089,8.408,3.022
16,0,5.2924,5.5205,7.8562,2.8886
16,0,2.3705,5.539,7.6807,2.6748
16,0,4.9349,5.6943,8.2034,2.9448
16,0,2.3546,5.4174,7.2389,2.5813
16,0,5.5569,5.756,8.3728,3.0695
16,0,3.302,5.7146,8.2398,2.8488
16,0,4.2349,5.7335,8.4544,3.1325
16,0,3.1389,5.8353,8.5169,2.9771
16,0,2.9094,5.3769,7.2218,2.4464
16,0,3.7934,5.4212,7.2949,2.4996
16,0,3.5854,5.3503,7.2916,2.6693
16,0,3.6994,5.5156,7.8865,2.8537
16,0,2.8976,5.6705,8.2068,2.9252
16,0,2.7666,5.7448,8.5138,3.1921
16,0,4.8487,5.5646,7.8985,2.8161
16,0,6.186,5.9057,9.563,3.7318
16,0,2.7063,5.3529,7.0381,2.4759
16,0,2.8029,5.4803,7.6341,2.7112
16,0,2.5359,5.8425,8.6916,3.0178
16,0,3.6933,5.2595,7.013,2.5568
16,0,3.5803,5.3495,6.9717,2.3653
16,0,3.0523,5.6795,8.2447,2.993
16,0,2.9945,5.4519,7.221,2.4395
16,0,3.8676,5.6261,7.7638,2.5759
16,0,3.6331,5.5618,7.6011,2.5762
16,0,3.4476,5.4887,8.0177,3.0704
16,0,7.307,5.6478,8.2462,2.9928
16,0,2.8247,5.5787,7.8124,2.7528
16,0,3.8748,5.6406,7.8866,2.7626
16,0,2.758,5.7462,8.8277,3.2894
16,0,2.3712,5.7925,8.5917,3.1062
16,0,2.5289,5.5833,8.0039,2.9538
16,0,4.6425,5.5523,7.8206,2.8193
16,0,4.662,5.6708,7.9094,2.6828
16,0,3.2361,5.6177,8.2429,3.0677
16,0,3.5978,5.4779,7.3451,2.4933
16,0,4.3363,5.6558,8.2647,3.0024
16,0,3.6494,5.4301,7.3127,2.5318
16,0,4.1398,5.4719,7.0919,2.3376
16,0,3.5844,5.4708,7.1855,2.4789
16,0,5.523,5.7306,8.0831,2.8647
16,0,4.4573,5.5011,7.2495,2.4178
16,0,2.4929,5.6893,8.0919,2.8107
16,0,5.1912,5.4716,7.7217,2.8482
16,0,3.9682,5.4499,7.3619,2.6134
16,0,2.1172,5.5404,7.543,2.6263
16,0,4.0636,5.4193,6.623,2.0648
16,0,4.4632,5.4731,6.8663,2.1481
16,0,3.6983,5.6036,7.7334,2.6596
16,0,2.9986,5.6995,8.3595,3.1373
16,0,4.6451,5.7388,7.8141,2.5974
16,0,2.473,5.5521,7.616,2.7363
16,0,2.2783,5.8282,8.5646,3.0583
16,0,2.6441,5.6529,8.1356,2.9037
16,0,2.7248,5.626,8.2154,3.0264
16,0,2.3836,5.486,7.6198,2.6795
16,0,2.0292,6.1107,9.9226,3.767
16,0,5.1033,5.7259,8.5078,3.1587
16,0,3.2305,5.4679,7.1563,2.3376
16,0,2.7421,5.496,7.5836,2.6294
16,0,3.1359,5.6362,7.5103,2.5514
16,0,2.9969,5.3931,6.83,2.2241
16,0,2.6427,5.6561,8.1434,3.0164
16,0,4.792,5.5832,7.583,2.5633
16,0,2.0523,5.8127,8.6398,3.1132
16,0,3.1514,5.1969,6.452,2.171
16,0,4.9127,5.9415,8.9669,3.1694
16,0,3.0756,5.7332,8.7296,3.3751
16,0,3.1266,5.4148,7.1309,2.4207
16,0,1.9615,5.5669,7.7581,2.7105
16,0,5.9921,5.7427,8.3169,2.9828
16,0,2.5469,5.6518,8.2913,3.0568
16,0,3.1054,5.733,8.3417,2.8549
16,0,3.7666,5.6406,8.0068,2.8449
16,0,2.6575,5.5371,7.6989,2.7366
16,0,4.9277,5.6363,8.1377,2.9406
16,0,2.5344,5.4606,7.0409,2.3437
16,0,2.9984,5.7844,8.0611,2.7028
16,0,2.5553,5.6473,8.3818,3.1122
16,0,2.7155,5.6116,7.8473,2.7479
16,0,3.0221,5.5236,7.9443,2.975
16,0,3.2276,5.6438,8.3097,3.0982
16,0,3.9777,5.3594,6.9432,2.4309
16,0,2.7024,5.8288,8.2455,2.6792
16,0,5.5556,5.58,8.1385,2.9863
16,0,5.4029,5.662,7.8337,2.7037
16,0,4.3836,5.9083,9.0309,3.3618
16,0,4.8427,5.459,7.7039,2.7875
16,0,4.4861,5.4628,7.1501,2.4602
16,0,4.293,5.5116,7.6151,2.6667
16,0,4.0645,5.6582,8.0941,2.8646
16,0,5.2743,5.6326,8.1593,3.0148
16,0,2.6616,5.8046,8.5629,2.955
16,0,2.1097,5.7937,8.3616,2.9364
16,0,2.3485,5.5839,7.6035,2.5539
16,0,4.0066,5.616,7.9528,2.8745
16,0,3.4663,5.3746,6.9736,2.4012
16,0,3.591,5.5852,7.9271,2.8118
16,0,3.6363,5.9568,8.9752,3.245
16,0,3.7008,5.5523,7.363,2.2114
16,0,2.7775,5.728,8.4287,2.9944
16,0,3.7284,5.814,8.4051,2.8542
16,0,6.3667,5.5553,7.4654,2.5733
16,0,3.5776,5.4781,7.4476,2.566
16,0,2.9247,5.6145,7.5964,2.5278
16,0,4.2176,5.6467,7.9867,2.8298
16,0,2.7331,5.6389,8.2806,2.9721
16,0,5.7455,5.6817,7.9743,2.6731
16,0,6.0416,5.4588,7.0786,2.3277
16,0,3.2771,5.4614,7.2845,2.4745
16,0,2.8713,5.5889,7.7558,2.6587
16,0,3.6684,5.7055,8.3255,3.017
16,0,4.2083,5.7761,8.3774,2.8325
16,0,4.182,5.7323,8.097,2.7605
16,0,2.9946,5.4413,7.3967,2.6371
16,0,4.2265,5.6232,7.8369,2.6723
16,0,2.6527,5.8729,8.58,2.9974
16,0,3.302,5.58,7.7179,2.7006
16,0,2.3824,5.6743,8.2055,2.9939
16,0,4.282,5.3551,6.8719,2.2639
16,0,4.5405,5.8004,8.2428,2.9141
16,0,3.6665,5.5328,7.5712,2.632
16,0,2.3513,5.6982,8.415,3.1103
16,0,2.6437,5.5847,7.8068,2.7854
16,0,3.72,5.476,7.3174,2.5679
16,0,5.1365,5.8512,8.8836,3.296
16,0,2.9555,5.8815,8.88,3.2146
16,0,4.195,5.5437,7.5963,2.6662
16,0,4.1593,5.3616,6.8168,2.1904
16,0,4.8403,5.654,7.9534,2.8408
16,0,4.0634,5.3437,6.8616,2.38
16,0,3.3515,5.6068,7.9732,2.8238
16,0,3.4446,5.495,7.7504,2.8393
16,0,3.1872,5.624,7.7641,2.6886
16,0,2.8564,5.3576,6.8558,2.2893
16,0,2.8026,5.5744,7.905,2.7796
16,0,4.7182,5.7433,8.5229,3.1118
16,0,2.2765,5.9202,9.5319,3.6923
16,0,2.6077,5.8746,8.6516,3.0303
16,0,3.5922,5.6695,8.0931,2.8751
16,0,2.7645,5.4116,7.0778,2.4144
16,0,3.2157,5.4409,7.4761,2.6839
16,0,4.1915,5.6869,8.2649,2.9901
16,0,3.9247,5.521,7.3607,2.4586
16,0,4.3006,5.3927,6.9564,2.0801
16,0,3.938,5.642,7.7382,2.6701
16,0,3.975,5.8288,8.6539,3.1938
16,0,3.4483,5.5978,7.857,2.759
16,0,2.9276,5.5884,7.9635,2.856
16,0,3.3451,5.6025,7.9774,2.9265
16,0,3.316,5.6658,8.3197,3.0856
16,0,3.2073,5.634,8.0245,2.7703
16,0,3.4009,5.5343,7.4706,2.5248
16,0,2.4092,5.4405,6.9151,2.231
16,0,2.2641,5.6742,7.69,2.5417
16,0,3.9602,5.4655,6.9918,2.216
16,0,2.3528,5.5215,7.2326,2.3509
16,0,3.7786,5.6899,7.9592,2.7849
16,0,3.935,5.4317,7.4916,2.6826
16,0,6.276,5.5428,7.7032,2.7244
16,0,2.2352,5.7925,8.1281,2.7739
16,0,4.2054,5.6285,7.3206,2.1975
16,0,4.3683,5.657,8.3587,3.1124
16,0,2.3781,5.5726,7.912,2.8174
16,0,3.3044,5.7427,8.1459,2.9323
16,0,2.2995,5.6886,8.1868,2.9488
16,0,8.7007,5.4548,7.7452,2.8315
16,0,3.4172,5.7825,8.366,2.965
16,0,4.1262,5.7049,8.2929,2.9723
16,0,5.794,5.5001,7.6409,2.7554
16,0,3.9339,5.5475,7.5213,2.5495
16,0,3.8495,5.4018,7.3661,2.6604
16,0,2.8867,5.6895,8.4544,3.1438
16,0,4.5757,5.5507,7.8064,2.7937
16,0,2.7479,5.7209,8.446,3.1196
16,0,3.6712,5.5068,7.5062,2.6158
16,0,2.2979,5.6703,7.8234,2.6128
16,0,3.1699,5.5568,7.6813,2.7345
16,0,2.7708,5.7356,8.3715,3.0636
16,0,3.9094,5.4339,7.8376,2.9292
16,0,6.5821,5.6728,7.8377,2.603
16,0,3.2132,5.802,8.261,2.8425
16,0,3.484,5.4702,7.2429,2.4359
16,0,3.6879,5.7238,8.0148,2.8009
16,0,4.5081,5.7014,8.4266,3.104
16,0,3.8528,5.6051,7.9396,2.8125
16,0,3.6841,5.5939,8.236,3.1364
16,0,2.8705,5.5464,7.9516,2.8994
16,0,2.2918,5.6873,7.8561,2.6538
16,0,2.0499,5.4366,7.3644,2.5308
16,0,3.8738,5.6768,8.0137,2.7801
16,0,3.1412,5.7446,8.8885,3.4123
16,0,3.3814,5.7182,7.8211,2.5684
16,0,2.9191,5.7628,8.37,2.9823
16,0,5.6475,5.3874,7.213,2.542
16,0,3.4557,5.5262,7.2885,2.3684
16,0,2.9524,5.5631,7.6868,2.6771
16,0,4.125,5.4648,7.1834,2.3923
16,0,4.5494,5.576,7.8176,2.8509
16,0,2.8128,5.6672,8.2566,2.9839
16,0,4.1199,5.7055,8.3611,3.0937
16,0,3.5531,5.8756,7.9795,2.2759
16,0,3.6398,5.5647,7.8999,2.8771
16,0,4.1049,5.7131,8.2128,2.8744
16,0,2.5357,5.6982,8.1135,2.881
16,0,2.8389,5.4503,7.6694,2.7787
16,0,3.3659,5.6558,7.8495,2.6574
16,0,3.9935,5.7919,8.9045,3.3458
16,0,4.9575,5.3946,7.6418,2.8996
16,0,3.4089,5.6053,8.0211,2.8944
16,0,4.5214,5.5978,7.8421,2.7742
16,0,4.9023,5.5639,7.5791,2.6045
16,0,2.9184,5.8305,8.5534,2.9942
16,0,2.5404,5.7835,8.5015,3.0184
16,0,3.8269,5.536,7.9051,2.79
16,0,2.4176,5.913,9.149,3.3658
16,0,2.7376,5.5576,7.6924,2.7561
16,0,3.0203,5.7892,7.6699,2.0705
16,0,2.7341,5.5117,7.6921,2.7659
16,0,3.2448,5.5996,8.3195,3.1806
16,0,5.2532,5.587,7.5052,2.4913
16,0,3.2055,5.5436,7.6991,2.7339
16,0,4.6588,5.4387,7.2445,2.501
16,0,3.6765,5.9352,8.6432,2.9284
16,0,2.4594,5.576,7.6275,2.5526
16,0,2.6974,5.5325,7.8808,2.862
16,0,3.7834,5.6903,8.316,3.0377
16,0,2.9485,5.8435,8.8048,3.1643
16,0,3.8697,5.5253,7.4152,2.5285
16,0,3.328,5.3945,6.5681,1.9844
16,0,6.0423,5.426,7.6463,2.7181
16,0,2.24,5.4866,7.4724,2.66
16,0,3.599,5.7195,8.1194,2.8715
16,0,3.2047,5.6821,7.6956,2.5701
16,0,3.5603,5.9037,8.4319,2.7258
16,0,4.5697,5.4281,7.2353,2.4791
16,0,6.5395,5.4674,7.5361,2.6702
16,0,2.521,5.612,8.0839,2.8704
16,0,4.6049,5.5986,7.9019,2.8388
16,0,2.8616,5.6146,7.9716,2.8736
16,0,4.6981,5.4473,7.7876,2.9171
16,0,4.0131,5.4675,7.3179,2.5255
16,0,5.1074,5.6192,7.9501,2.8541
16,0,2.8985,5.7106,8.4759,3.0977
16,0,3.1158,5.6194,8.2048,3.0129
16,0,3.3861,5.474,7.6574,2.8192
16,0,2.9319,5.7758,8.7808,3.2211
16,0,3.6753,5.6627,8.0401,2.8616
16,0,2.4776,5.443,7.4126,2.6939
16,0,4.4341,5.4828,7.9304,2.9884
16,0,2.4664,5.6389,8.4014,3.1504
16,0,3.576,5.5752,7.4499,2.534
16,0,4.0087,5.8226,8.5265,2.9842
16,0,4.5163,5.5018,7.7081,2.824
16,0,2.5692,5.7344,8.4242,2.9827
16,0,2.9963,5.5405,7.1204,2.2649
16,0,4.5449,5.3666,6.9641,2.3419
16,0,2.8396,5.5279,7.8026,2.8278
16,0,2.7122,5.5545,7.4907,2.5338
16,0,3.3038,5.8277,8.5834,3.129
16,0,4.582,5.7348,8.4609,3.0949
16,0,2.5058,5.6508,7.4975,2.4114
16,0,7.6376,5.4344,7.1014,2.376
16,0,2.8928,5.3483,7.5837,2.8807
16,0,3.1665,5.4027,7.2141,2.5396
16,0,3.5497,5.7709,8.3774,3.0275
16,0,2.944,5.6202,7.8482,2.6985
16,0,2.9855,5.7129,8.4561,3.106
16,0,3.7566,5.6279,8.3777,3.1484
16,0,6.1334,5.6267,7.8456,2.716
16,0,6.526,5.6972,8.1667,2.8513
16,0,4.6525,5.5596,7.6147,2.6442
16,0,4.3892,5.5173,7.6315,2.7549
16,0,3.6511,5.4921,7.5376,2.6579
16,0,7.1472,5.4591,7.616,2.7821
16,0,2.5533,5.5301,7.1692,1.9777
16,0,2.4455,5.6451,8.3439,3.0685
16,0,2.5601,5.3659,7.2278,2.5427
16,0,4.7065,5.4834,7.7955,2.8352
16,0,3.0239,5.659,8.1075,2.8833
16,0,5.3907,5.54,7.4616,2.5565
16,0,2.4215,5.7993,8.7053,3.1789
16,0,4.1425,5.6832,8.238,2.9405
16,0,3.297,5.6214,8.1796,3.0313
16,0,2.8041,5.8937,8.6197,2.9722
16,0,4.6832,5.4635,7.8459,2.9088
16,0,4.1367,5.6114,7.9479,2.8527
16,0,2.4764,5.519,7.5536,2.5516
16,0,6.5217,5.5958,7.8272,2.777
16,0,4.2977,5.8907,9.225,3.5248
16,0,4.3888,5.4543,7.4542,2.692
16,0,3.0249,5.6684,8.0769,2.8067
16,0,3.9899,5.6319,7.9552,2.8324
16,0,3.6483,5.687,8.3779,3.1029
16,0,3.9166,5.7382,8.6915,3.2486
16,0,3.2734,5.7054,8.326,2.9765
16,0,3.277,5.3284,7.1404,2.513
16,0,3.1585,5.6471,7.8542,2.6942
16,0,2.4999,5.6009,7.6199,2.5829
16,0,2.974,5.5412,7.3828,2.4797
16,0,3.7171,5.4223,7.1093,2.4007
16,0,4.1338,5.8304,8.883,3.2942
16,0,4.0024,5.6934,8.8499,3.4348
16,0,4.3462,5.3999,7.3834,2.6579
16,0,3.547,5.5549,7.9396,2.9161
16,0,2.7811,5.8177,8.3991,2.9584
16,0,2.5942,5.8989,9.2704,3.4683
16,0,2.5699,5.605,7.4351,2.329
16,0,3.8446,5.7722,8.7067,3.2952
16,0,2.8944,6.0128,9.4739,3.5302
16,0,2.5746,5.5155,7.3505,2.5058
16,0,3.315,5.6977,8.1078,2.7984
16,0,3.5348,5.7276,8.2181,2.8457
16,0,3.9069,5.6255,7.636,2.609
16,0,2.8451,5.5904,7.3496,2.3618
16,0,3.2862,5.7794,8.4876,3.0556
16,0,4.7167,5.7205,7.9676,2.75
16,0,4.0205,5.7195,7.897,2.7041
16,0,3.7423,5.694,8.5821,3.226
16,0,3.5472,5.5226,7.6276,2.6733
16,0,4.2632,5.6848,7.8887,2.5854
16,0,3.1792,5.8668,9.0132,3.3952
16,0,5.1715,5.8592,8.4912,2.9505
16,0,4.974,5.3147,6.6311,2.1633
16,0,3.416,5.6152,7.3865,2.2132
16,0,4.3395,5.2739,6.7406,2.2733
16,0,4.1098,5.6941,8.4082,3.123
16,0,2.8544,5.4683,7.2755,2.5028
16,0,4.0294,5.3683,7.1274,2.5005
16,0,1.8596,5.6164,8.0879,2.9222
16,0,2.5611,5.7458,8.5744,3.1076
16,0,4.4155,5.6437,7.9908,2.8116
16,0,3.1786,5.5947,7.5984,2.6369
16,0,3.7262,5.6679,8.1158,2.8853
16,0,3.9344,5.9389,9.0728,3.3062
16,0,4.0971,5.4126,6.9813,2.3328
16,0,4.4451,5.6577,7.7832,2.6743
16,0,4.5971,5.4929,7.2312,2.3938
16,0,4.1661,5.8665,8.6762,3.0712
16,0,3.0998,5.6153,7.8075,2.7738
16,0,2.9789,5.6022,7.7704,2.6931
16,0,4.8046,5.7799,8.5846,3.2077
16,0,3.394,5.8339,8.7761,3.2307
16,0,3.3625,6.0733,9.1605,3.1122
16,0,3.8217,5.4095,6.6872,2.1395
16,0,2.2352,5.6387,7.743,2.6362
16,0,4.3934,5.4993,7.717,2.7955
16,0,2.9077,5.2942,7.0142,2.4698
16,0,3.5973,5.8688,8.739,3.071
16,0,4.2028,5.5957,7.7245,2.6938
16,0,2.116,5.7178,7.9108,2.4854
16,0,6.6288,5.558,8.014,3.0237
16,0,6.7957,5.7428,7.9947,2.7491
16,0,3.373,5.2659,7.2125,2.6858
16,0,2.4317,5.5688,7.7479,2.7211
16,0,2.5756,5.8069,9.0021,3.3253
16,0,2.7308,5.8601,8.0416,2.5953
16,0,4.2728,5.8639,9.2592,3.5486
16,0,2.8122,5.6777,8.1489,2.8559
16,0,2.8722,5.527,7.55,2.5744
16,0,3.2098,5.5798,7.8823,2.877
16,0,3.9055,5.6702,7.7252,2.5126
16,0,4.3586,5.6913,8.2392,2.935
16,0,3.6237,5.5248,7.6167,2.6705
16,0,4.2533,5.4507,7.6007,2.8258
16,0,5.5996,5.4338,6.7744,2.1639
16,0,4.5218,5.7635,8.1699,2.8034
16,0,3.2944,5.5864,7.7352,2.7371
16,0,1.9468,5.5803,7.6305,2.7039
16,0,3.5992,5.4948,7.625,2.8141
16,0,4.545,5.4546,7.7495,2.9158
16,0,4.2163,5.8893,8.9597,3.2982
16,0,3.7132,5.8427,8.859,3.2382
16,0,4.2755,5.3155,7.1326,2.4953
16,0,3.6363,5.7437,8.4939,3.1294
16,0,3.8156,5.7947,8.5454,3.0906
16,0,4.1493,5.5846,7.5411,2.6105
16,0,2.2712,5.5984,8.0196,2.9134
16,0,2.5569,5.6107,7.2259,2.2157
16,0,3.9542,5.9773,9.3167,3.3766
16,0,4.3959,5.7029,7.6945,2.4543
16,0,2.3832,5.8329,8.3662,2.8431
16,0,2.9869,5.7694,7.6384,2.3236
16,0,2.9494,5.5791,7.695,2.7268
16,0,2.9854,5.6157,7.5273,2.4541
16,0,4.3729,5.7184,7.8292,2.5468
16,0,4.9592,5.6879,8.2427,2.9362
16,0,2.6197,5.429,7.0041,2.2563
16,0,4.2884,5.5828,7.9192,2.8498
16,0,4.2432,5.5261,7.7736,2.8317
16,0,4.1192,5.618,7.2484,2.3285
16,0,4.9154,5.8838,8.4981,2.7576
16,0,3.2061,5.4983,7.1679,2.3497
16,0,5.0046,5.5222,8.0604,3.0679
16,0,3.6558,5.6895,8.3022,2.9356
16,0,3.675,5.4789,7.1734,2.3772
16,0,2.5376,5.6436,8.6227,3.3598
16,0,2.3512,5.5758,7.6,2.5868
16,0,3.7933,5.7723,8.6855,3.2097
16,0,6.1942,5.4718,7.9632,3.0739
16,0,4.7183,5.8274,9.0502,3.3393
16,0,5.2008,5.8514,8.5587,2.9792
16,0,3.3476,5.6364,7.7281,2.5091
16,0,2.6875,5.962,9.103,3.3475
16,0,3.6281,5.6961,8.0389,2.7942
16,0,3.9331,5.3427,7.0607,2.4344
16,0,3.7846,5.8258,8.2841,2.8418
16,0,4.0716,5.7082,8.0376,2.7644
16,0,2.6838,5.5637,7.8265,2.8022
16,0,3.7441,5.5611,7.7148,2.6642
16,0,3.6331,5.6044,7.8938,2.8248
16,0,5.0129,5.7069,8.0052,2.7799
16,0,2.3567,5.9172,8.7659,3.1154
16,0,3.8175,5.6296,7.6532,2.5295
16,0,2.7906,5.604,7.6668,2.7001
16,0,5.6431,5.7836,8.4321,2.9289
16,0,4.8342,5.5752,7.8225,2.8112
16,0,3.7347,5.7274,8.3804,3.0981
16,0,3.2894,5.822,8.794,3.2055
16,0,2.7754,5.8081,9.1975,3.5225
16,0,2.7875,5.5533,7.072,2.2424
16,0,3.8886,5.4056,7.0357,2.4071
16,0,4.1359,5.5835,8.0365,2.9457
16,0,3.9531,5.8748,8.6654,3.0671
16,0,3.6027,5.8601,8.7033,3.1713
16,0,2.5107,5.7224,8.4539,3.0982
16,0,3.5572,5.5819,8.0372,2.9732
16,0,2.6293,5.7069,8.3319,3.0673
16,0,2.9269,5.7787,8.498,3.1003
16,0,5.1032,5.7821,8.4969,3.0154
16,0,4.1672,5.5501,7.4544,2.5415
16,0,2.5576,5.6313,8.1253,2.8875
16,0,3.6746,5.6839,7.9415,2.8495
16,0,2.8936,5.8406,8.2525,2.8155
16,0,2.9043,5.4925,6.8589,2.0882
16,0,3.3154,5.5119,7.874,2.9151
16,0,5.4372,5.378,7.1259,2.4597
16,0,4.1356,5.5188,7.7168,2.7885
16,0,4.9936,5.5165,7.2655,2.3307
16,0,2.2992,5.5445,7.6401,2.6494
16,0,3.5137,5.8853,8.9805,3.268
16,0,3.3388,5.6907,8.3001,2.9718
16,0,3.7641,5.5456,8.1722,3.0643
16,0,3.899,5.7717,7.9682,2.6675
16,0,4.4611,5.3929,7.3034,2.6642
16,0,2.8056,5.5112,7.1461,2.2255
16,0,2.627,5.5366,7.9112,2.8915
16,0,3.2773,5.6025,7.7363,2.6169
16,0,3.3773,5.6773,7.7717,2.65
16,0,5.2662,5.4919,7.6717,2.7356
16,0,5.8311,5.595,7.4995,2.3758
16,0,2.8252,5.6729,8.0645,2.7491
16,0,2.7401,5.6774,7.8191,2.5816
16,0,5.1681,5.8067,8.7834,3.1879
16,0,2.9244,5.718,8.2969,2.9759
16,0,3.1543,5.6965,7.7363,2.5131
16,0,3.7082,5.4198,7.4468,2.6625
16,0,5.5936,5.642,7.7256,2.5908
16,0,4.4229,5.6283,8.37,3.215
16,0,2.6902,5.6844,7.8459,2.6367
16,0,4.9799,5.2496,7.1049,2.6135
16,0,3.4941,5.7084,8.0963,2.7312
16,0,2.9007,5.9308,8.8482,3.1933
16,0,3.9147,5.6502,8.0951,2.9195
16,0,3.1577,6.0035,9.2209,3.2123
16,0,3.3024,5.6038,7.7661,2.6932
16,0,2.0582,5.6298,8.2928,3.0565
16,0,2.0118,5.6827,8.2034,2.9603
16,0,3.6511,5.7722,8.4184,2.9334
16,0,2.353,5.7438,8.5789,3.1013
16,0,2.3294,5.5431,7.7923,2.7898
16,0,2.1001,5.4731,7.3851,2.5887
16,0,5.3689,5.7403,8.2792,2.8495
16,0,5.7596,5.6063,7.8298,2.7157
16,0,5.4549,5.5856,7.6978,2.6421
16,0,4.9053,5.1798,6.3469,2.1188
16,0,3.9453,5.7429,8.7842,3.3035
16,0,2.4199,5.5972,7.3395,2.3903
16,0,2.7752,5.5513,8.12,3.0952
16,0,4.5073,5.3074,7.1215,2.5515
16,0,2.7226,5.735,7.9989,2.8009
16,0,2.9872,5.6866,8.0387,2.788
16,0,4.9074,5.4221,7.2597,2.545
16,0,3.1312,5.694,8.0344,2.7813
16,0,3.2675,5.4491,7.3514,2.6002
16,0,3.051,5.8956,9.0629,3.3774
16,0,4.882,5.6009,8.0036,2.9019
16,0,2.7728,5.6651,7.7976,2.5921
16,0,3.8771,5.8212,8.9833,3.3605
16,0,3.5515,5.6424,7.9947,2.814
16,0,4.0759,5.9369,8.5794,2.846
16,0,3.2091,5.8156,8.689,3.1358
16,0,5.763,5.8485,8.7592,3.1763
16,0,4.2429,5.4892,7.6792,2.8036
16,0,4.1329,5.637,8.2575,3.0628
16,0,3.1799,5.6255,7.6619,2.5596
16,0,3.7732,5.8142,8.6646,3.0557
16,0,3.144,5.557,7.9729,2.933
16,0,2.6348,5.7661,8.0197,2.6831
16,0,4.3209,5.5767,8.0304,2.9201
16,0,3.4041,5.5378,7.4673,2.4491
16,0,3.06,5.4541,7.4906,2.6113
16,0,2.9812,5.4454,7.4952,2.6988
16,0,2.3291,5.453,7.6397,2.8438
16,0,3.2284,5.8844,8.4984,2.7956
16,0,2.2495,5.8442,8.6934,3.147
16,0,2.4137,5.5661,7.6669,2.6819
16,0,3.6596,5.5126,7.5066,2.6053
16,0,2.8345,5.4961,7.4718,2.4562
16,0,4.651,5.5227,7.3646,2.459
16,0,2.4186,5.7332,8.3322,3.0267
16,0,3.5969,5.5666,7.9662,2.8727
16,0,2.5203,5.6469,7.9646,2.8178
16,0,3.1661,5.5085,7.6118,2.7505
16,0,4.4741,5.8834,9.1012,3.3319
16,0,3.4157,5.4913,7.2243,2.4836
16,0,2.875,5.6169,8.2996,3.1577
16,0,2.3293,5.7134,8.2925,2.8548
16,0,4.3971,5.5171,7.5693,2.6873
16,0,2.8777,5.523,7.5579,2.6614
16,0,4.5785,5.8757,8.9733,3.2903
16,0,4.1385,5.5811,7.5525,2.5859
16,0,4.1752,5.7226,8.1073,2.7626
16,0,3.7311,5.6182,8.1115,2.9522
16,0,4.9558,5.3663,6.7437,2.2667
16,0,3.9011,5.5243,7.8196,2.9356
16,0,2.563,5.6544,8.3995,3.1588
16,0,3.8583,5.7387,8.0274,2.7328
16,0,3.4265,5.7311,8.3509,2.9155
16,0,2.4579,5.4132,7.1676,2.5182
16,0,4.8444,5.634,8.1733,2.9694
16,0,3.2934,5.6214,7.9215,2.7457
16,0,3.3098,5.5491,7.4049,2.4793
16,0,3.5097,5.6091,7.655,2.6235
16,0,4.2888,5.9721,9.0195,3.233
16,0,4.0426,5.3499,6.8227,2.1983
16,0,2.6361,5.6653,7.9469,2.8055
16,0,3.07,5.6993,8.1947,2.8659
16,0,2.7684,5.5067,7.845,2.9059
16,0,2.8555,5.5154,7.5408,2.6538
16,0,3.0137,5.7344,8.7332,3.2304
16,0,6.1339,5.6166,7.7199,2.5966
16,0,3.152,5.6062,7.9613,2.8036
16,0,1.7388,6.0169,9.2151,3.3551
16,0,4.9617,5.6009,7.4732,2.5258
16,0,2.9566,5.8837,8.9042,3.2762
16,0,5.4498,5.7609,8.0964,2.6507
16,0,3.1966,5.5716,7.4921,2.537
16,0,5.1177,5.5744,7.9656,2.9112
16,0,2.1087,5.5454,7.5683,2.5856
16,0,3.5705,5.6761,8.4204,3.1566
16,0,4.4977,5.6284,8.001,2.8701
16,0,2.9699,5.5312,7.8258,2.8162
16,0,2.6415,5.5956,7.4978,2.5328
16,0,3.0995,5.7858,8.1114,2.7102
16,0,5.5996,5.5048,7.3605,2.4062
16,0,2.8942,5.5574,8.2805,3.1404
16,0,3.3641,5.581,7.7939,2.8058
16,0,2.7112,5.5613,7.7362,2.7965
16,0,2.8034,5.7641,8.6688,3.2786
16,0,2.7942,5.5886,7.3472,2.3119
16,0,4.1368,5.4284,7.2794,2.5565
16,0,2.6958,5.5258,7.6956,2.6912
16,0,3.1277,5.4704,7.4367,2.6447
16,0,5.6815,5.8634,8.6777,3.1583
16,0,2.4924,5.7939,8.3989,3.0104
16,0,3.2943,5.8235,8.65,3.0833
16,0,2.9063,5.2976,6.92,2.3566
16,0,3.2,5.6578,8.3663,3.1
16,0,4.5984,5.5104,7.813,2.8893
16,0,2.6431,5.5322,7.4553,2.6017
16,0,3.5273,5.6639,7.9125,2.6914
16,0,2.6321,5.8419,8.928,3.3154
16,0,3.4334,5.5037,7.7647,2.855
16,0,4.7283,5.5796,7.6733,2.701
16,0,2.542,5.9012,8.4835,2.9054
16,0,4.6689,5.4043,6.6548,1.9972
16,0,2.8939,5.4234,7.4573,2.6482
16,0,2.369,5.661,8.4488,3.1685
16,0,3.7033,5.3819,7.5024,2.8142
16,0,5.0196,5.7822,8.3061,2.9274
16,0,4.4465,5.6185,7.7127,2.5481
16,0,7.1774,5.437,7.3134,2.5048
16,0,4.7179,5.5275,7.8211,2.8715
16,0,2.8924,5.4391,7.608,2.8182
16,0,5.816,5.5894,7.2712,2.3134
16,0,4.7584,5.6293,8.2747,3.0221
16,0,2.5057,5.5177,7.4601,2.5719
16,0,4.1484,5.336,6.7533,2.2813
16,0,3.1142,5.6355,7.5646,2.5202
16,0,2.0209,5.4612,7.447,2.5888
16,0,3.7286,5.4301,7.366,2.6412
16,0,3.0071,5.5022,7.626,2.7413
16,0,3.2275,5.4436,7.7559,2.8263
16,0,2.6408,5.5817,7.5611,2.4459
16,0,3.4598,5.3551,7.3614,2.7198
16,0,3.204,5.8344,9.0306,3.3966
16,0,4.3661,5.8729,9.1196,3.4555
16,0,2.7399,5.7417,8.2914,2.9545
16,0,3.1187,5.6836,8.2838,3.0397
16,0,3.6752,5.5924,7.9826,2.8539
16,0,3.9089,5.5589,7.613,2.5695
16,0,2.3523,5.7214,8.2562,3.0039
16,0,3.6109,5.4346,7.0532,2.2694
16,0,3.7482,5.6875,8.1002,2.8904
16,0,3.9037,5.7209,8.4012,3.0542
16,0,3.9071,5.7805,8.5111,3.0676
16,0,3.7146,5.7498,8.8142,3.2793
16,0,3.5778,5.8108,8.4725,2.9927
16,0,3.9155,5.421,6.8992,2.2016
16,0,4.0621,5.5025,7.6508,2.7041
16,0,3.3802,5.278,6.4895,2.0369
16,0,6.5503,5.4894,7.4467,2.6221
16,0,3.8897,5.4375,7.2842,2.5221
16,0,2.4746,5.7996,8.8438,3.3252
16,0,4.1026,5.4699,7.5034,2.6596
16,0,2.9837,5.9112,9.0896,3.3772
16,0,5.4595,5.4888,7.488,2.6568
16,0,4.2341,5.6667,8.0407,2.8302
16,0,4.5588,5.4733,7.8607,2.9556
16,0,2.2179,5.4637,7.261,2.5018
16,0,2.9334,5.6295,7.8928,2.7855
16,0,2.4991,5.8872,8.6768,3.1003
16,0,2.6062,5.6627,7.9417,2.7961
16,0,2.4388,5.463,7.6605,2.8296
16,0,3.1338,5.7587,8.5422,3.0306
16,0,3.6882,5.7838,8.7523,3.241
16,0,3.2938,5.5331,7.1415,2.313
16,0,2.9419,5.6043,7.647,2.609
16,0,6.4686,5.5738,8.0449,2.9531
16,0,2.0932,5.7914,8.649,3.1398
16,0,4.1625,5.5417,8.1001,3.0353
16,0,2.434,5.925,8.453,2.7719
16,0,3.9403,5.5907,7.7088,2.7199
16,0,2.42,5.786,8.6256,3.2108
16,0,2.7896,5.5374,7.8545,2.7961
16,0,4.7832,5.6507,7.8528,2.6928
16,0,3.1379,5.5711,8.2008,3.1329
16,0,3.4059,5.4073,7.3796,2.5898
16,0,3.3187,5.6698,7.9392,2.6841
16,0,2.6073,5.9248,8.8538,3.2119
16,0,3.1086,5.768,8.3989,3.0108
16,0,2.2777,5.48,7.4911,2.6699
16,0,3.1725,5.3937,7.691,2.9073
16,0,2.8044,5.6638,7.7301,2.6233
16,0,4.587,5.743,8.4283,3.1337
16,0,3.7545,5.6326,8.0964,2.932
16,0,2.8457,5.6369,8.1411,2.8324
16,0,2.3658,5.48,7.3832,2.604
16,0,2.0124,5.7374,8.3008,2.9421
16,0,2.7937,5.512,7.9028,2.9485
16,0,2.5754,5.8008,8.6388,3.1244
16,0,4.656,5.4103,7.3265,2.5009
16,0,3.3266,5.7517,8.2443,2.8736
16,0,3.3991,5.9177,8.9236,3.2922
16,0,5.2258,5.5859,7.9648,2.857
16,0,7.0566,5.7641,8.4078,3.0044
16,0,3.7248,5.8191,8.8434,3.2387
16,0,5.715,5.5625,7.9129,2.9073
16,0,4.4366,5.6849,7.8372,2.642
16,0,2.5387,5.5806,7.7319,2.6574
16,0,4.4257,5.5526,7.5527,2.6212
16,0,3.5024,5.5607,7.4333,2.4426
16,0,3.7525,5.4308,7.3449,2.5113
16,0,3.6925,5.7082,8.1881,2.9602
16,0,3.5215,5.6822,8.2489,3.0333
16,0,6.5693,5.3937,7.2198,2.3853
16,0,2.248,5.6019,7.9201,2.8633
16,0,3.1135,5.8567,8.615,3.074
16,0,2.1614,5.8346,8.8633,3.221
16,0,2.5418,5.5959,7.605,2.5508
16,0,4.2526,5.8283,8.5632,3.0286
16,0,2.6096,5.6107,7.8135,2.7252
16,0,3.9049,5.2479,6.8612,2.4804
16,0,2.779,5.7277,8.484,3.1623
16,0,2.3974,5.5507,7.3912,2.4598
16,0,3.3057,5.8042,8.1688,2.6055
16,0,4.3537,5.6864,8.1281,2.8845
16,0,5.2697,5.4379,6.8839,2.0836
16,0,2.9704,5.6318,7.7567,2.7362
16,0,3.5031,5.8189,8.8038,3.1754
16,0,4.0452,5.7189,8.3669,3.0021
16,0,3.2802,5.9453,9.1557,3.3851
16,0,2.3283,5.6996,8.0541,2.7873
16,0,4.0729,5.335,6.9174,2.4233
16,0,3.1106,5.8312,8.6128,3.1783
16,0,3.8462,5.4988,7.6521,2.7044
16,0,3.7092,5.8068,8.0664,2.6626
16,0,3.8515,5.5639,7.5536,2.581
16,0,4.1095,5.6315,7.9135,2.7928
16,0,1.8612,5.7012,8.247,2.8133
16,0,4.766,5.6732,8.0385,2.794
16,0,5.0347,5.5031,7.3269,2.5514
16,0,4.5652,5.4603,7.4666,2.6969
16,0,4.6215,5.7519,8.7943,3.4353
16,0,4.0048,5.33,6.8446,2.3278
16,0,4.0463,5.6157,7.3543,2.3517
16,0,3.3155,5.6532,7.6551,2.5438
16,0,3.1356,5.5395,7.5643,2.6109
16,0,2.9857,5.6171,8.0079,2.8365
16,0,2.9007,5.6667,8.1462,3.0309
16,0,3.3178,5.7182,8.1891,2.9625
16,0,5.3404,5.6538,8.3666,3.0952
16,0,4.2379,5.5468,7.4998,2.4407
16,0,4.5398,5.7023,8.0142,2.7599
16,0,4.0201,5.4152,7.0936,2.4266
16,0,2.2734,5.8448,8.5306,2.9313
16,0,5.3872,5.587,8.1338,3.0728
16,0,2.817,5.7537,8.2039,2.8793
16,0,2.9308,5.7848,8.5396,3.0637
16,0,2.8633,5.6261,7.6298,2.4656
16,0,3.6172,5.7639,8.3797,3.0114
16,0,1.8207,5.5476,7.8344,2.8743
16,0,2.6441,5.6984,8.4871,3.1227
16,0,4.0478,5.6268,7.9595,2.7511
16,0,3.6506,5.541,7.6927,2.7641
16,0,5.3191,5.6161,7.736,2.6899
16,0,3.8766,5.5464,7.4443,2.5096
16,0,4.5603,5.5759,7.9427,2.8157
16,0,4.8833,5.6065,7.8602,2.7421
16,0,4.2424,5.7867,8.0492,2.6509
16,0,3.8897,5.6337,7.8015,2.6859
16,0,3.1282,5.6335,7.8423,2.7349
16,0,3.3872,5.6603,7.7741,2.6197
16,0,5.1952,5.813,9.0468,3.4014
16,0,2.7387,5.4099,6.8468,2.083
16,0,3.0092,5.5744,7.3536,2.3717
16,0,2.9536,5.6467,7.8929,2.803
16,0,2.704,5.5258,7.1524,2.3159
16,0,3.0594,5.6055,8.137,2.9806
16,0,3.5073,5.7097,8.1781,2.8645
16,0,5.0257,5.5203,7.9552,2.9455
16,0,2.5052,5.7103,8.4606,3.1087
16,0,3.2268,5.5988,7.9023,2.8292
16,0,3.0818,5.786,8.5716,3.098
16,0,7.428,5.5939,7.592,2.6116
16,0,4.025,5.6328,7.9453,2.7011
16,0,3.185,5.5212,7.5863,2.627
16,0,4.2892,5.6969,8.1542,2.8572
16,0,4.4784,5.5126,7.6797,2.7175
16,0,3.2897,5.6859,8.0869,2.8231
16,0,2.5235,5.4952,7.4944,2.6288
16,0,2.9246,5.6636,8.27,3.0134
16,0,3.7629,5.4349,7.3425,2.5425
16,0,5.4014,5.5857,7.8295,2.735
16,0,2.7213,5.6117,7.7788,2.6102
16,0,3.1545,5.5566,7.7273,2.7464
16,0,2.7371,5.6918,8.1585,2.9201
16,0,3.8589,5.5956,8.248,3.1223
16,0,3.8948,5.6845,8.31,3.0103
16,0,3.667,5.8872,9.0216,3.2858
16,0,2.7909,5.5877,8.0859,2.9896
16,0,2.9079,5.7891,8.2278,2.83
16,0,4.3313,5.8136,8.7928,3.2454
16,0,3.9511,5.627,8.2473,3.0456
16,0,6.0879,5.6487,7.5294,2.4228
16,0,3.9641,5.492,7.6647,2.711
16,0,3.0259,5.841,8.9441,3.2062
16,0,2.7374,5.4646,7.8717,2.9657
16,0,4.5688,5.5456,7.7618,2.7574
16,0,4.9099,5.7555,8.4503,2.9901
16,0,2.3034,5.3724,7.0948,2.4116
16,0,4.2169,5.5071,7.1108,2.3483
16,0,4.5406,5.6241,8.1479,2.9942
16,0,3.2025,5.5758,7.9221,2.696
16,0,2.9451,5.7857,8.5797,3.1088
16,0,2.9977,5.5459,7.9588,2.9034
16,0,3.4529,5.7078,7.9302,2.675
16,0,3.3208,5.6567,8.0504,2.8483
16,0,5.1871,5.6091,7.9511,2.864
16,0,2.8216,5.8668,8.9015,3.2532
16,0,2.4789,5.8334,8.9059,3.3182
16,0,2.5783,5.5584,7.07,2.1888
16,0,2.662,5.6231,7.8394,2.7329
16,0,5.2321,5.5986,8.3552,3.2082
16,0,2.8699,5.3756,7.5879,2.8415
16,0,3.0367,5.4248,7.1666,2.4752
16,0,4.4978,5.539,7.6439,2.7246
16,0,3.564,5.9208,8.7503,3.0197
16,0,4.687,5.7603,8.033,2.6948
16,0,4.9012,5.6016,8.259,3.1012
16,0,4.4812,5.564,7.8526,2.7053
16,0,2.3123,5.6697,8.0045,2.7994
16,0,2.644,5.8436,8.6675,3.13
16,0,5.2546,5.3067,6.9738,2.469
16,0,4.9337,5.775,8.286,2.9241
16,0,2.5456,5.5181,7.4753,2.5427
16,0,4.28,5.7246,8.006,2.7749
16,0,2.9602,5.3953,7.2136,2.5714
16,0,2.2095,5.4582,7.5696,2.6642
16,0,3.8701,5.5889,7.6322,2.6153
16,0,2.9663,5.5887,7.2487,2.1474
16,0,2.7276,5.4917,7.8571,2.9083
16,0,3.1536,5.49,7.6487,2.7869
16,0,3.0962,5.5753,7.6111,2.6264
16,0,5.894,5.5742,7.9019,2.9158
16,0,3.23,5.4822,7.6869,2.7959
16,0,3.3004,5.6403,7.7531,2.6026
16,0,2.0798,5.4427,7.2867,2.4834
16,0,2.7295,5.7587,8.2186,2.8313
16,0,3.223,5.6587,7.8908,2.7267
16,0,2.878,5.7475,8.1725,2.8486
16,0,3.4131,5.51,7.8207,2.8274
16,0,4.3556,5.7355,8.377,2.9103
16,0,4.4521,5.5149,7.5745,2.6356
16,0,3.6947,5.6992,7.9394,2.6304
16,0,2.6607,5.6077,7.404,2.4018
16,0,3.3404,5.6062,7.625,2.4991
16,0,2.5121,5.4573,7.1487,2.195
16,0,3.2922,5.7288,8.1682,2.8809
16,0,2.9978,5.2473,6.9521,2.4708
16,0,3.3889,5.6088,8.0988,3.0034
16,0,4.2992,5.6041,7.7697,2.7094
16,0,3.199,5.8585,8.5816,2.9544
16,0,2.2395,5.8144,8.6803,3.197
16,0,3.8873,5.7298,8.8661,3.3995
16,0,3.7931,5.503,7.1223,2.3262
16,0,3.4638,5.6791,7.8971,2.7424
16,0,2.7984,5.7126,7.9657,2.7484
16,0,3.5363,5.8636,8.8906,3.2132
16,0,2.5326,5.6514,7.7849,2.6454
16,0,4.9297,5.4956,7.5439,2.6427
16,0,3.2715,5.5466,7.4137,2.4575
16,0,3.532,5.5225,8.0117,3.0472
16,0,3.3343,5.5449,7.5407,2.6029
16,0,5.6868,5.6207,8.1569,3.0032
16,0,2.8288,5.7865,8.3603,2.8935
16,0,3.7411,5.4443,7.2596,2.569
16,0,3.0028,5.707,8.211,2.8128
16,0,4.9818,5.2534,6.6637,2.2069
16,0,4.2942,5.743,8.3325,2.893
16,0,3.412,5.7351,8.2613,2.9898
16,0,3.1385,5.5079,8.0703,3.0859
16,0,4.432,5.6843,8.3139,3.0022
16,0,4.3879,5.7086,8.5317,3.0517
16,0,3.2562,5.6421,8.5025,3.2842
16,0,2.9314,5.6709,8.0765,2.918
16,0,4.0639,5.5504,7.3829,2.5596
16,0,3.6839,5.6226,8.1968,3.0379
16,0,2.654,5.696,8.1584,2.9666
16,0,4.1278,5.6529,7.707,2.633
16,0,3.4911,5.7641,8.5131,3.1078
16,0,3.8457,5.5154,7.189,2.2277
16,0,3.2868,5.6446,8.5497,3.3311
16,0,3.0547,5.6714,7.9942,2.6492
16,0,3.0386,5.5943,7.3731,2.3074
16,0,2.0144,5.6511,7.7688,2.5624
16,0,2.5193,5.7156,8.5238,3.1343
16,0,2.8614,5.4604,7.2,2.4384
16,0,3.1532,5.6449,8.2683,2.8901
16,0,3.6518,5.6787,7.5647,2.4321
16,0,2.8676,5.5211,7.4991,2.6158
16,0,4.3991,5.5772,7.8358,2.7711
16,0,3.1274,5.5299,7.5342,2.4843
16,0,2.7848,5.6392,8.3235,3.1149
16,0,5.0332,5.667,7.7454,2.5512
16,0,2.7006,5.6782,8.1112,2.8944
16,0,3.3476,5.5388,7.8168,2.7989
16,0,2.2814,5.5008,7.5584,2.6236
16,0,3.4263,5.3391,6.9588,2.3543
16,0,3.7156,5.4974,7.0245,2.2549
16,0,3.2074,5.5732,7.4277,2.5004
16,0,2.461,5.5946,7.7829,2.6624
16,0,3.5388,5.6201,8.1005,2.9592
16,0,3.8038,5.6133,7.7655,2.5908
16,0,2.656,5.636,7.7991,2.733
16,0,3.7676,5.8323,8.6086,3.0449
16,0,4.3646,5.4555,7.7484,2.7419
16,0,3.1224,5.8561,8.8841,3.218
16,0,4.9957,5.5653,7.6178,2.6588
16,0,3.0872,5.7269,8.2046,2.9309
16,0,4.8527,5.8696,9.1953,3.5433
16,0,3.3249,5.6154,8.1284,2.9679
16,0,3.8115,5.6335,7.5705,2.4948
16,0,3.5304,5.671,8.4848,3.1035
16,0,4.4565,5.6291,8.1246,2.9391
16,0,4.689,6.1483,9.3554,3.294
16,0,4.7326,5.2884,7.3231,2.7292
16,0,4.2422,5.6421,7.9547,2.7665
16,0,2.5793,5.8101,8.5057,3.0364
16,0,3.9705,5.5987,8.1713,3.086
16,0,3.6019,5.6766,7.9863,2.8428
16,0,5.8671,5.4836,7.577,2.7434
16,0,5.2971,5.6944,8.0095,2.8655
16,0,5.0274,5.6133,8.1947,2.998
16,0,2.8642,5.5459,8.2525,3.1485
16,0,2.5671,5.6748,8.6113,3.3342
16,0,3.4523,5.388,7.0638,2.4029
16,0,5.6095,5.8382,8.8247,3.2235
16,0,3.8712,5.5259,7.5961,2.7274
16,0,3.1878,5.6275,8.454,3.2008
16,0,2.4452,5.4902,7.7649,2.8073
16,0,2.1602,5.4511,7.2484,2.4688
16,0,2.4189,5.5949,7.4795,2.4947
16,0,3.3198,5.6656,7.8893,2.6648
16,0,4.3888,5.5781,7.5563,2.3967
16,0,3.2052,5.592,7.7086,2.6913
16,0,5.2408,5.6377,8.0568,2.83
16,0,6.8136,5.7971,8.6704,3.1746
16,0,2.9769,5.6705,8.1017,2.896
16,0,4.8681,5.6488,8.0266,2.837
16,0,4.1334,5.6085,8.1535,3.0032
16,0,2.0762,5.4155,7.0769,2.4163
16,0,3.9708,5.5319,7.5938,2.6956
16,0,3.9241,5.2594,6.8609,2.4505
16,0,3.6351,5.7973,8.6424,3.1266
16,0,4.3381,5.5853,7.8807,2.8116
16,0,1.9585,5.6557,8.0492,2.8832
16,0,2.5475,5.5394,7.3678,2.4798
16,0,4.0995,5.3161,7.1746,2.5652
16,0,3.9407,5.7198,8.7513,3.3747
16,0,3.5751,5.8226,8.6869,3.1355
16,0,4.5866,5.7027,8.0719,2.7778
16,0,3.4571,5.5027,7.7175,2.7706
16,0,3.0799,6.0031,9.4747,3.5505
16,0,3.9714,5.7471,8.3645,3.075
16,0,3.7409,5.5242,7.793,2.8226
16,0,3.938,5.4801,7.4202,2.6171
16,0,3.4668,5.9137,9.3759,3.6294
16,0,2.2781,5.6291,8.131,2.9653
16,0,4.4952,5.5271,7.7575,2.796
16,0,3.2799,5.3276,6.6342,2.1541
16,0,2.5595,5.632,8.01,2.879
16,0,3.209,5.6841,8.0551,2.815
16,0,3.4827,5.5959,8.3331,3.1915
16,0,4.9318,5.3794,6.9159,2.3203
16,0,3.3021,5.4375,7.3033,2.5511
16,0,3.1045,5.6737,8.1785,2.8372
16,0,3.3905,5.3725,7.318,2.6366
16,0,4.0155,5.7304,8.3432,2.9925
16,0,3.7073,5.9496,9.1655,3.4352
16,0,3.8672,5.8888,8.6419,3.0215
16,0,5.4423,5.6768,8.2959,3.0696
16,0,3.7319,5.511,7.4268,2.6479
16,0,4.8433,5.7467,8.6066,3.1908
16,0,3.2899,5.682,8.1575,2.912
16,0,3.5036,5.8689,8.8937,3.2431
16,0,2.7537,5.7047,8.3616,3.0899
16,0,3.6367,5.4668,7.731,2.8084
16,0,4.5284,5.5284,6.9625,2.1825
16,0,2.1489,5.5443,7.6846,2.6616
16,0,4.4075,5.5903,7.4751,2.4215
16,0,3.7734,5.5324,7.4675,2.4732
16,0,2.3031,5.6203,7.6447,2.6351
16,0,4.0811,5.1956,6.4681,2.2274
16,0,2.5169,5.7431,8.4969,3.0858
16,0,3.8409,5.8437,8.3254,2.6794
16,0,2.5461,5.9156,8.6696,3.0183
16,0,2.9299,5.6191,7.8411,2.6941
16,0,4.1895,5.6035,8.0861,3.0394
16,0,2.4285,5.5913,7.8365,2.8715
16,0,3.4326,5.5139,7.3165,2.4031
16,0,3.6117,5.8387,8.6932,3.1629
16,0,2.3559,5.695,8.2066,2.8808
16,0,3.1474,5.6088,8.0668,2.9753
16,0,4.3966,5.7625,8.5269,3.1415
16,0,3.8078,5.4303,7.506,2.6339
16,0,2.9718,5.5898,7.8332,2.8168
16,0,3.1858,5.6171,8.0404,2.7881
16,0,3.3971,5.6833,8.1144,2.9008
16,0,4.7417,5.7488,8.2019,2.8771
16,0,2.8408,5.582,7.824,2.787
16,0,3.0284,5.5694,7.7186,2.6772
16,0,2.1219,5.4963,7.6157,2.7102
16,0,6.0978,5.8913,8.5563,2.8901
16,0,2.7564,5.6504,8.1132,2.9067
16,0,6.281,5.5159,7.7261,2.6766
16,0,3.4577,5.7555,8.4748,3.0708
16,0,3.1869,5.7194,8.6013,3.181
16,0,3.0724,5.608,7.9604,2.8674
16,0,3.9762,5.2651,6.8285,2.3982
16,0,3.1062,5.6969,8.569,3.251
16,0,2.2867,5.6579,7.9067,2.7511
16,0,2.8386,5.6223,7.7502,2.5886
16,0,2.5542,5.5531,7.8371,2.9062
16,0,4.2987,5.5367,7.6503,2.6727
16,0,3.3284,5.5763,7.8316,2.8111
16,0,2.7498,5.4632,7.5805,2.7105
16,0,4.7105,5.4488,7.5326,2.657
16,0,2.5527,5.6095,7.7416,2.733
16,0,2.8295,5.4191,7.2147,2.5568
16,0,3.1821,5.6977,8.6068,3.194
16,0,4.0808,5.6161,8.123,2.8485
16,0,3.5894,5.6215,8.0171,2.8441
16,0,4.5429,5.7363,8.3239,3.0489
16,0,2.9944,5.5534,7.7156,2.7755
16,0,5.5256,5.6049,7.9628,2.9205
16,0,2.4259,5.7233,8.2721,2.9651
16,0,3.8715,5.7838,8.6461,3.1838
16,0,2.9552,5.7012,7.9381,2.6792
16,0,4.5348,5.5856,7.736,2.7253
16,0,4.1985,5.6832,8.2164,2.9462
16,0,2.5886,5.6872,8.0188,2.849
16,0,2.5612,5.4615,7.0616,2.3018
16,0,3.0781,5.6907,8.2531,2.9829
16,0,2.4636,5.6501,7.8824,2.6965
16,0,6.1427,5.6065,8.0458,2.9457
16,0,3.3764,5.609,8.1415,3.0035
16,0,5.0729,5.746,8.7463,3.2973
16,0,3.9938,5.7357,8.0694,2.7941
16,0,2.3842,5.5257,7.6408,2.6036
16,0,4.0272,5.6273,8.2354,3.0767
16,0,2.6498,6.0173,9.7105,3.6472
16,0,3.1348,5.6319,7.759,2.6812
16,0,3.2986,5.6079,7.9814,2.9397
16,0,2.8163,5.7464,8.1724,2.8248
16,0,2.7242,5.6775,8.0432,2.8236
16,0,3.5682,5.795,8.438,2.9871
16,0,6.7455,5.3804,6.9557,2.4011
16,0,3.8721,5.75,8.6302,3.2668
16,0,5.0241,5.7279,8.0317,2.7478
16,0,2.2083,5.7064,8.437,3.0314
16,0,4.7333,5.6134,8.4562,3.2196
16,0,3.7108,5.6737,7.6166,2.524
16,0,4.8128,5.5713,7.9817,2.9566
16,0,6.1742,5.5685,7.9635,2.9519
16,0,3.0865,5.5519,7.4988,2.5095
16,0,4.3919,5.5609,7.5801,2.5683
16,0,2.4917,5.9109,8.655,3.01
16,0,4.252,5.5282,8.2234,3.1757
16,0,2.6771,6.0602,9.5738,3.4922
16,0,3.1376,5.5653,7.9318,2.8947
16,0,2.7606,5.8063,8.5152,2.995
16,0,2.3104,5.5672,7.7887,2.7549
16,0,3.158,5.4699,7.5792,2.7777
16,0,3.8244,5.5076,7.7572,2.8022
16,0,4.7112,5.2042,6.5656,2.2622
16,0,3.5829,5.6703,7.718,2.5645
16,0,3.2176,5.6811,7.722,2.5734
16,0,5.2428,5.5207,7.028,2.2797
16,0,6.2053,5.3983,7.4256,2.7099
16,0,3.99,5.3227,7.3076,2.7052
16,0,2.7322,5.5149,7.4278,2.5455
16,0,3.9102,5.4937,7.7462,2.804
16,0,1.9466,5.7355,8.5067,3.0952
16,0,3.2276,5.553,7.8664,2.8699
16,0,3.2412,5.5592,7.7835,2.7349
16,0,4.8166,5.6662,7.4631,2.4096
16,0,2.4997,5.5321,7.6966,2.7502
16,0,2.3805,5.7082,8.5646,3.1678
16,0,4.9704,5.4188,7.1263,2.3679
16,0,5.1311,5.416,7.2924,2.5334
16,0,4.489,5.4747,7.2537,2.4011
16,0,2.7226,5.5719,7.4774,2.506
16,0,3.6756,5.6011,7.9711,2.9149
16,0,3.5581,5.8749,8.6298,3.1037
16,0,4.5303,5.6731,8.139,2.974
16,0,2.3688,5.8799,8.895,3.2497
16,0,5.3554,5.573,6.9923,2.1485
16,0,1.9707,5.6472,7.7319,2.5485
16,0,5.6171,5.7203,8.2996,2.9958
16,0,3.7028,5.5141,7.4971,2.5661
16,0,2.5651,5.6672,7.6945,2.6185
16,0,4.1196,5.6562,8.0451,2.8608
16,0,5.0363,5.3559,7.3624,2.6327
16,0,3.1741,5.4795,7.598,2.7872
16,1,3.9155,7.1164,12.649,4.5171
16,1,3.5274,7.0322,12.591,4.5467
16,1,4.8866,6.7914,11.801,4.3493
16,1,5.3739,6.765,11.508,4.2069
16,1,2.3146,7.0105,12.357,4.378
16,1,4.7966,6.7657,11.344,3.9198
16,1,3.1591,6.9559,12.402,4.5536
16,1,5.1389,6.4793,10.257,3.509
16,1,3.8646,6.8875,12.137,4.4422
16,1,3.9716,6.9084,11.793,3.9842
16,1,3.0842,7.1453,13.071,4.6871
16,1,3.1752,7.1385,12.695,4.4534
16,1,2.6455,6.9302,11.895,4.1403
16,1,3.3404,6.9688,12.288,4.2076
16,1,4.5009,7.1218,12.666,4.4006
16,1,4.8725,6.6787,11.368,4.1031
16,1,3.5964,7.0653,13.208,4.914
16,1,4.2076,6.739,11.133,3.8314
16,1,6.0298,6.8129,11.846,4.3324
16,1,3.2849,7.134,12.886,4.7456
16,1,5.8451,7.0329,13.328,5.1486
16,1,3.303,6.7478,11.911,4.5195
16,1,4.3057,6.8942,12.118,4.3769
16,1,6.0652,6.6383,11.712,4.525
16,1,7.5216,6.8281,11.911,4.3216
16,1,2.7474,6.9676,12.841,4.8728
16,1,4.2448,6.9863,12.899,4.821
16,1,3.3174,7.1074,13.021,4.6932
16,1,3.7282,7.1885,13.883,5.3418
16,1,5.8392,6.686,10.788,3.5079
16,1,3.6695,6.8626,12.113,4.4044
16,1,3.528,6.5939,10.676,3.6268
16,1,3.8855,6.8939,12.079,4.4546
16,1,3.2126,6.8778,12.106,4.4054
16,1,4.5351,6.767,11.425,4.133
16,1,4.551,6.9075,11.962,4.3225
16,1,4.3483,6.8204,12.123,4.4826
16,1,4.1455,7.0046,13.07,4.806
16,1,3.085,7.2187,13.583,4.9514
16,1,3.7755,6.8585,11.749,4.25
16,1,4.4861,6.6194,10.988,3.9044
16,1,4.3276,6.9147,12.501,4.6816
16,1,3.8045,6.8129,11.362,3.9205
16,1,3.4631,7.3888,14.157,5.2682
16,1,3.7009,6.9446,12.609,4.6716
16,1,3.6967,6.7645,11.382,4.0141
16,1,3.3754,6.6825,11.457,4.032
16,1,4.9243,6.9999,12.884,4.7859
16,1,2.6907,6.6522,11.304,4.0576
16,1,4.2297,7.0412,12.456,4.3342
16,1,5.7213,6.9656,12.109,4.2194
16,1,2.7828,6.8915,12.4,4.5559
16,1,5.7147,7.1688,13.885,5.315
16,1,3.5318,7.2921,13.969,5.0834
16,1,3.4235,7.0698,12.74,4.6255
16,1,6.6525,7.1214,13.287,4.9236
16,1,6.6693,6.918,12.075,4.2456
16,1,2.8658,7.1116,12.914,4.6015
16,1,3.3966,7.0537,13.258,5.1158
16,1,2.7057,6.8113,12.224,4.5092
16,1,5.3953,6.9519,12.6,4.5991
16,1,4.467,6.9325,11.891,3.9507
16,1,4.2866,6.7148,11.091,3.8602
16,1,3.6726,7.0431,12.897,4.7945
16,1,2.7752,7.1698,12.937,4.6145
16,1,2.9125,6.9442,12.226,4.4255
16,1,4.4947,6.7462,11.632,4.2279
16,1,4.9073,6.924,12.528,4.8397
16,1,4.7153,6.7098,10.892,3.7642
16,1,3.7418,6.9161,12.068,4.2158
16,1,6.34,7.0301,12.496,4.3298
16,1,5.1776,7.2061,13.399,4.824
16,1,2.8434,6.4145,10.148,3.647
16,1,4.3584,6.8398,11.937,4.3791
16,1,2.7911,6.8127,11.774,4.1543
16,1,5.4779,6.867,11.793,4.1832
16,1,2.387,6.7421,11.185,3.7994
16,1,2.7376,6.9282,12.671,4.7857
16,1,2.8117,6.8971,12.343,4.6229
16,1,4.6192,6.7857,12.241,4.6094
16,1,7.7147,6.8167,11.946,4.3688
16,1,3.5544,6.8731,12.15,4.51
16,1,4.3223,6.8264,12.723,5.0016
16,1,5.5034,7.0592,13.298,5.1038
16,1,3.0587,6.9717,12.809,4.7821
16,1,6.3748,6.7141,11.575,4.2919
16,1,6.7155,6.8415,11.371,3.8185
16,1,4.6692,6.8805,12.288,4.4692
16,1,3.5895,6.8133,11.686,4.1641
16,1,4.4143,7.0012,12.861,4.7217
16,1,3.8686,6.8316,12.257,4.3677
16,1,6.4644,7.3075,13.613,4.7294
16,1,2.9492,7.1152,12.517,4.2565
16,1,4.2049,6.9502,12.629,4.7572
16,1,2.4895,6.9649,12.448,4.4245
16,1,4.5975,6.9666,12.583,4.7274
16,1,4.5101,6.9966,12.236,4.342
16,1,3.482,6.8268,12.397,4.6284
16,1,3.4549,6.9385,11.695,3.9154
16,1,4.9151,7.0585,12.538,4.3819
16,1,4.6634,6.9411,12.144,4.286
16,1,3.285,6.8979,12.084,4.2612
16,1,3.3114,6.9482,12.634,4.557
16,1,4.28,6.6944,11.33,4.0439
16,1,6.4114,6.8579,11.729,4.0636
16,1,3.4207,6.7844,11.721,4.3131
16,1,5.1652,6.6488,10.899,3.846
16,1,5.0757,6.6945,11.295,4.0759
16,1,5.8075,6.7942,11.354,3.9053
16,1,4.669,6.7959,12.081,4.5078
16,1,5.7161,6.9134,11.474,3.8927
16,1,6.1302,6.986,13.195,5.0061
16,1,3.783,7.187,13.718,5.1326
16,1,4.1505,7.0362,12.867,4.6588
16,1,3.4795,6.8881,12.46,4.6827
16,1,4.5286,7.085,12.382,4.3251
16,1,6.1433,6.7578,11.843,4.4221
16,1,2.1526,6.6709,11.295,4.0865
16,1,5.6452,6.8245,11.491,3.9114
16,1,4.1462,6.9529,12.756,4.6985
16,1,4.1432,6.7844,11.83,4.311
16,1,4.8014,6.8518,12.035,4.4176
16,1,2.3704,6.9319,11.703,3.895
16,1,4.5338,6.9405,11.647,3.9593
16,1,4.2186,7.0312,13.225,5.0894
16,1,2.8978,7.2331,13.829,5.2264
16,1,2.9412,6.8241,12.179,4.4215
16,1,4.0976,6.9397,12.253,4.2835
16,1,4.4987,6.6905,11.981,4.6382
16,1,2.6858,7.0489,12.648,4.6433
16,1,5.976,6.9737,12.377,4.4992
16,1,4.962,6.8287,11.707,4.0813
16,1,3.0553,6.8232,12.027,4.3563
16,1,3.0017,6.891,12.255,4.5078
16,1,5.7712,6.9806,12.87,4.7869
16,1,4.7757,6.8608,11.237,3.7357
16,1,3.3223,6.9002,12.446,4.6081
16,1,3.1288,7.2795,13.783,5.1403
16,1,5.2072,6.9555,12.432,4.5292
16,1,4.2588,6.8662,11.652,4.0032
16,1,5.1773,6.9017,12.291,4.587
16,1,4.0564,6.8803,12.126,4.4479
16,1,4.9644,6.9283,11.966,4.0058
16,1,4.8326,7.2334,13.213,4.7523
16,1,3.4335,6.9351,11.817,3.8197
16,1,5.7455,6.831,11.388,3.904
16,1,3.3179,6.9703,12.082,4.2903
16,1,3.2258,7.1057,13.08,4.8338
16,1,2.8872,6.8439,12.308,4.4121
16,1,4.7755,7.2092,13.063,4.7375
16,1,4.9196,7.0243,12.049,4.2296
16,1,3.7545,6.8906,12.306,4.5412
16,1,5.2095,7.0743,12.486,4.3041
16,1,5.5724,7.1245,12.96,4.7707
16,1,2.7422,6.9417,12.424,4.6245
16,1,3.5073,6.8639,12.212,4.5909
16,1,5.1509,6.9367,12.589,4.7066
16,1,3.7808,7.059,12.619,4.6134
16,1,6.6644,6.7543,11.962,4.5391
16,1,3.4582,6.81,11.977,4.2686
16,1,3.8547,7.0552,12.595,4.5754
16,1,5.554,6.7985,11.597,4.1843
16,1,4.7993,7.1059,13.342,5.087
16,1,3.9494,6.8104,11.37,3.8111
16,1,4.1439,7.1107,13.05,4.7292
16,1,3.1053,6.8478,11.914,4.3424
16,1,3.704,6.7763,11.765,4.3224
16,1,2.8079,6.7149,11.471,4.1023
16,1,3.0514,6.8291,11.851,4.3085
16,1,5.2629,6.8892,10.594,2.9035
16,1,5.763,7.0739,12.165,4.2027
16,1,2.4816,7.1993,13.71,5.1289
16,1,5.0455,7.1633,12.135,3.9121
16,1,5.1664,6.8319,11.613,4.0251
16,1,5.0262,7.1013,13.375,4.8792
16,1,3.6741,6.9844,12.51,4.5455
16,1,4.6664,6.9829,12.243,4.1927
16,1,3.8007,7.1577,13.487,4.9351
16,1,3.9689,6.8709,12.64,4.8165
16,1,2.9919,6.8717,11.941,4.237
16,1,4.0124,6.7951,11.962,4.4339
16,1,3.9275,6.8355,12.04,4.405
16,1,3.7969,6.6176,11.287,4.0667
16,1,2.7249,7.055,12.893,4.5291
16,1,3.9399,7.3249,13.616,4.8481
16,1,2.9112,6.9336,12.57,4.7819
16,1,3.9205,7.2244,13.67,5.1362
16,1,3.6511,7.17,13.201,4.6141
16,1,3.738,7.0858,13.348,5.0868
16,1,3.5226,7.1264,12.355,4.0327
16,1,2.8527,6.8954,12.292,4.5433
16,1,2.9687,6.9148,11.913,4.1822
16,1,4.6036,7.1074,12.893,4.5967
16,1,5.6737,6.6862,11.691,4.3366
16,1,3.5448,7.0479,13.438,5.1942
16,1,3.6891,6.904,12.763,4.8918
16,1,2.8277,7.0475,13.111,4.9939
16,1,4.2795,7.1497,13.546,5.174
16,1,4.0094,7.0422,12.858,4.7597
16,1,4.4596,6.9285,11.957,4.2204
16,1,4.8469,7.2212,13.726,5.2159
16,1,4.821,6.5444,10.541,3.6373
16,1,2.9555,6.9495,12.302,4.437
16,1,4.4823,6.7667,12.048,4.3781
16,1,4.7848,7.1703,13.923,5.4319
16,1,6.6132,6.667,11.405,4.1452
16,1,5.0435,6.9498,12.699,4.692
16,1,3.9675,6.7408,11.608,4.2554
16,1,3.5562,6.5661,11.267,4.2131
16,1,5.7017,6.513,11.067,4.1478
16,1,5.7289,7.1598,12.356,4.1487
16,1,2.568,7.0435,12.788,4.6624
16,1,3.4301,6.978,13.169,5.0778
16,1,2.9543,6.9911,12.723,4.7578
16,1,4.2369,6.884,11.943,4.063
16,1,4.5239,6.9759,11.965,4.1623
16,1,3.468,6.966,11.898,4.1939
16,1,3.3697,6.999,12.626,4.7329
16,1,5.2722,6.9717,13.122,5.1773
16,1,4.7458,7.0527,12.587,4.5474
16,1,3.7016,6.6281,10.759,3.7615
16,1,5.9891,6.792,12.056,4.3282
16,1,3.2621,6.9823,12.382,4.4183
16,1,5.6264,6.775,11.768,4.2153
16,1,2.3177,6.8035,11.35,3.9001
16,1,5.2332,7.21,13.035,4.5924
16,1,5.7996,6.8294,11.951,4.3817
16,1,4.502,6.6166,10.486,3.3803
16,1,3.7349,6.9873,12.982,4.9027
16,1,3.7195,6.9542,11.947,3.9642
16,1,3.586,6.9714,13.037,5.0857
16,1,3.1597,6.6983,10.689,3.5459
16,1,4.3005,6.8128,12.202,4.5616
16,1,2.9004,7.3586,14.291,5.2909
16,1,3.547,6.9847,11.856,3.9996
16,1,3.381,6.7288,12.275,4.7321
16,1,4.4293,6.8423,12.18,4.4434
16,1,3.7527,6.5902,10.836,3.8525
16,1,3.1965,7.3491,14.392,5.497
16,1,4.6504,6.8817,12.304,4.4213
16,1,4.122,6.5978,11.326,4.2576
16,1,4.7791,6.9167,11.713,4.0499
16,1,5.1975,6.8031,11.873,4.3888
16,1,3.6239,7.1166,13.735,5.3496
16,1,4.9485,6.7753,11.806,4.3237
16,1,4.131,6.9895,13.163,5.0638
16,1,3.4112,6.8773,11.239,3.511
16,1,2.6231,6.9376,12.312,4.3839
16,1,5.0845,7.0804,13.014,4.679
16,1,6.3706,6.9957,12.544,4.6363
16,1,2.7664,7.0473,12.905,4.7534
16,1,3.1019,6.7955,11.571,4.0458
16,1,5.3547,6.7955,12.284,4.5261
16,1,4.6363,6.6916,11.336,3.9825
16,1,5.7255,7.1135,13.513,5.087
16,1,6.2648,6.6901,11.045,3.8716
16,1,5.0538,6.8227,11.707,4.0771
16,1,4.0676,6.9286,12.6,4.7472
16,1,4.5102,7.3705,13.782,4.8678
16,1,4.8482,6.8667,11.788,4.2362
16,1,3.8881,7.2815,13.703,4.982
16,1,4.6026,6.6751,10.63,3.5929
16,1,7.0363,6.5778,10.671,3.6411
16,1,2.4875,7.1528,13.601,5.0645
16,1,4.6857,7.0647,13.195,4.9413
16,1,3.784,6.9214,12.166,4.3934
16,1,3.4985,6.845,11.521,3.9657
16,1,4.8634,6.8691,12.394,4.6776
16,1,3.2941,7.1693,13.282,4.9088
16,1,4.914,6.9012,12.424,4.5413
16,1,3.4206,6.8853,11.859,4.2953
16,1,3.931,7.1898,12.89,4.4354
16,1,2.8602,6.9698,12.476,4.5804
16,1,4.0299,7.5544,15.6,6.1857
16,1,5.1297,6.9602,12.948,4.8773
16,1,4.9175,6.9765,12.17,4.3503
16,1,4.933,6.802,12.117,4.5695
16,1,3.997,6.8254,11.377,3.8213
16,1,4.8415,7.1354,12.908,4.5883
16,1,5.0297,7.0895,13.222,4.9787
16,1,5.5524,6.8061,11.609,3.9243
16,1,6.3058,6.9179,12.492,4.6524
16,1,2.6451,6.9036,12.472,4.5344
16,1,6.0258,6.6881,11.713,4.3525
16,1,3.3182,7.3731,14.164,5.3028
16,1,4.273,6.7669,12.067,4.5019
16,1,2.7592,6.717,11.191,3.8175
16,1,3.0332,6.8345,11.476,3.9766
16,1,6.548,6.899,12.475,4.6223
16,1,5.1521,6.8563,11.918,4.1782
16,1,4.4971,7.1827,13.481,5.0278
16,1,3.3337,7.2955,14.385,5.5016
16,1,4.6943,6.8597,11.961,4.157
16,1,2.6919,6.6512,10.66,3.5496
16,1,3.3275,7.2696,13.225,4.5295
16,1,3.4097,7.1258,13.056,4.7439
16,1,3.3456,7.0673,12.023,4.008
16,1,3.2853,6.8608,11.605,4.0791
16,1,3.5625,7.0137,12.573,4.5718
16,1,6.3678,6.839,12.174,4.5827
16,1,6.7148,6.752,12.077,4.635
16,1,4.6708,6.9128,12.618,4.7276
16,1,3.7274,6.7925,11.885,4.3297
16,1,4.4161,6.7797,12.114,4.523
16,1,3.0945,6.8034,11.209,3.8377
16,1,3.683,6.8725,12.073,4.418
16,1,2.326,7.1565,13.644,5.1085
16,1,4.7069,6.9598,12.404,4.5402
16,1,4.0334,7.0211,12.398,4.1619
16,1,5.8498,6.8993,12.142,4.3387
16,1,2.8563,6.8814,11.947,4.209
16,1,4.058,6.6423,11.231,3.9593
16,1,3.114,6.9293,12.538,4.6202
16,1,3.0219,6.9866,11.884,4.0946
16,1,2.7097,6.8804,11.486,3.8309
16,1,3.792,7.0684,13.026,4.8161
16,1,2.9015,6.7711,12.243,4.6681
16,1,5.2123,6.949,12.159,4.3674
16,1,4.4783,6.8223,11.334,3.8007
16,1,4.1323,6.7178,11.494,4.0884
16,1,3.5068,7.0364,12.427,4.4692
16,1,4.4812,6.8818,11.597,4.0329
16,1,4.7093,6.8037,11.551,4.0743
16,1,4.5091,6.9856,12.412,4.5737
16,1,2.864,7.01,13.014,4.8966
16,1,3.0423,6.86,12.056,4.3389
16,1,4.7573,6.9206,12.238,4.4504
16,1,4.1181,7.0573,12.381,4.3426
16,1,3.164,7.0084,12.415,4.2976
16,1,4.5295,7.0021,12.118,4.0459
16,1,5.1362,6.6749,11.81,4.4708
16,1,4.1037,7.0451,12.312,4.1298
16,1,5.377,6.9018,12.527,4.6873
16,1,6.0309,7.0106,12.669,4.7205
16,1,4.0007,7.0345,12.111,4.2003
16,1,4.2632,7.0698,12.68,4.5098
16,1,4.2605,6.7406,11.556,4.1851
16,1,3.7199,7.0003,12.958,4.9428
16,1,4.6856,6.9862,12.58,4.6584
16,1,5.1541,6.8273,11.871,4.2021
16,1,5.0942,7.1592,13.479,5.0202
16,1,2.3548,6.7009,11.358,4.0377
16,1,4.3494,6.9493,12.847,5.0115
16,1,4.3036,6.7694,11.033,3.6942
16,1,2.4889,6.7825,11.041,3.5577
16,1,4.5755,6.6487,10.985,3.7747
16,1,3.2759,6.959,12.698,4.583
16,1,5.1722,6.8822,11.657,3.9374
16,1,6.4222,6.8084,12.306,4.6511
16,1,6.1625,6.7148,11.605,4.2397
16,1,2.8577,7.3585,13.678,4.9691
16,1,6.7055,7.1094,13.443,5.0741
16,1,4.0141,6.9584,12.313,4.3167
16,1,5.5473,6.5804,10.575,3.6403
16,1,2.3971,6.7549,11.678,4.2688
16,1,3.1808,6.7307,10.969,3.691
16,1,4.9254,7.0586,12.71,4.5757
16,1,4.7307,6.8225,11.707,4.2242
16,1,4.5133,7.1047,13.643,5.2495
16,1,3.1437,7.2685,13.974,5.2492
16,1,4.5813,6.9313,12.525,4.553
16,1,2.8773,6.8849,12.719,4.829
16,1,3.5512,6.8823,11.857,4.1895
16,1,6.1083,6.966,12.756,4.7322
16,1,3.3693,6.9812,12.282,4.1097
16,1,5.5826,7.0397,12.878,4.7186
16,1,3.597,6.3899,10.296,3.7386
16,1,3.9604,7.0367,13.004,4.9617
16,1,4.1571,7.21,13.298,4.7103
16,1,4.2533,6.6141,11.102,4.0032
16,1,4.9965,6.8573,12.088,4.4885
16,1,5.8602,7.0427,12.434,4.4023
16,1,4.2038,7.0219,12.38,4.4085
16,1,6.0525,6.6525,11.089,3.8102
16,1,2.1605,7.0848,12.581,4.4544
16,1,4.2762,6.7857,11.593,4.1198
16,1,3.7536,7.1456,13.462,5.084
16,1,2.4943,6.8613,11.305,3.8558
16,1,3.5334,7.1352,12.68,4.3989
16,1,3.8683,7.0089,12.614,4.5503
16,1,4.8315,6.9934,13.051,4.8746
16,1,2.6979,6.5315,10.991,4.0695
16,1,4.4964,7.1712,12.653,4.2334
16,1,3.6893,7.0933,12.798,4.5462
16,1,4.1346,6.9475,12.365,4.4625
16,1,4.6974,7.1154,13.314,4.8275
16,1,5.3738,7.0233,12.963,4.9061
16,1,5.5966,7.0231,12.435,4.3232
16,1,3.6764,6.9216,11.693,3.9407
16,1,3.9967,7.0005,12.562,4.5103
16,1,4.087,6.8469,11.665,4.153
16,1,3.7537,6.6673,10.802,3.7678
16,1,4.5873,6.8298,12.603,4.8687
16,1,2.5417,6.9571,12.102,4.2581
16,1,3.5799,6.7337,11.45,3.9969
16,1,3.7154,6.966,12.924,4.9265
16,1,4.0184,6.6952,11.267,3.8625
16,1,3.7828,6.9383,11.727,3.9581
16,1,3.0194,7.2364,13.629,5.0843
16,1,2.5163,7.0626,12.836,4.6183
16,1,4.231,7.1829,13.994,5.4527
16,1,4.7068,7.0854,11.96,4.034
16,1,6.303,6.7378,11.904,4.4779
16,1,4.569,6.9393,12.371,4.5133
16,1,2.5364,6.7695,11.776,4.3669
16,1,3.6657,6.8358,12.626,4.8064
16,1,6.8779,6.7001,12.099,4.7587
16,1,4.1794,6.9491,12.166,4.225
16,1,3.5439,6.7081,11.365,4.1899
16,1,3.4331,6.7642,11.047,3.7365
16,1,2.3267,6.6919,11.539,4.2695
16,1,4.1448,6.7161,11.246,3.978
16,1,2.8593,7.0338,12.934,4.8238
16,1,3.171,6.8257,11.73,4.2958
16,1,3.4376,6.9694,12.744,4.7703
16,1,4.2876,7.238,13.945,5.3207
16,1,2.876,6.6184,11.121,3.9989
16,1,3.6492,6.8942,12.731,4.869
16,1,3.9617,6.5656,10.629,3.6378
16,1,3.4718,6.9008,12.763,4.906
16,1,5.1586,6.9546,12.507,4.5033
16,1,5.382,6.8958,11.542,3.744
16,1,2.8615,7.1713,13.207,4.7641
16,1,3.6183,7.2027,13.638,5.1277
16,1,2.6422,7.1793,13.674,5.1429
16,1,5,7.018,11.778,3.8851
16,1,6.8744,6.654,11.16,3.8693
16,1,2.791,7.0903,13.486,5.1369
16,1,2.7833,7.2062,13.926,5.3169
16,1,3.8933,6.9199,12.262,4.383
16,1,5.65,6.743,11.788,4.278
16,1,3.5343,6.6295,11.057,3.8399
16,1,3.8653,6.69,11.803,4.4714
16,1,4.8739,7.0577,12.855,4.5538
16,1,5.6656,6.7113,11.591,4.1442
16,1,3.0389,7.1446,13.596,5.0813
16,1,3.8497,6.9316,12.727,4.8538
16,1,2.778,7.0408,13.237,5.0392
16,1,2.7717,7.0948,12.853,4.5014
16,1,3.8037,7.0539,12.622,4.6142
16,1,4.4233,6.9491,12.28,4.3782
16,1,3.3862,7.109,13.78,5.3458
16,1,4.9161,7.1751,13.091,4.6278
16,1,2.7851,6.5424,10.729,3.7568
16,1,3.0498,7.2932,13.737,4.9254
16,1,1.9269,6.879,12.846,5.0188
16,1,4.139,7.0161,12.879,4.7043
16,1,3.0827,7.1042,12.64,4.3437
16,1,4.854,6.8457,11.434,3.9404
16,1,5.2041,6.8548,11.69,4.0306
16,1,2.9485,6.8667,12.5,4.7508
16,1,3.5536,7.0287,12.365,4.3594
16,1,7.305,6.8731,12.919,5.1193
16,1,2.3994,6.9827,12.289,4.4372
16,1,4.7941,6.9589,12.299,4.4072
16,1,4.1223,6.9898,13.097,4.9715
16,1,4.7168,7.0596,12.793,4.7502
16,1,4.4665,6.7285,11.644,4.3206
16,1,4.1341,6.7956,12.276,4.633
16,1,3.6935,6.8054,11.89,4.3838
16,1,3.2885,6.8792,12.235,4.5039
16,1,5.0161,6.7423,11.953,4.5009
16,1,2.2206,6.8367,12.351,4.5119
16,1,2.4644,7.2104,13.752,5.1645
16,1,3.5026,7.2515,13.784,5.1345
16,1,4.2989,6.7554,12.142,4.6249
16,1,2.1054,6.8837,11.837,4.2206
16,1,2.9176,6.9071,12.245,4.3572
16,1,3.2885,7.0867,13.039,4.85
16,1,3.8872,7.2538,13.351,4.6696
16,1,6.6824,6.9555,12.354,4.4645
16,1,3.1997,6.8801,12.02,4.2726
16,1,4.1522,7.0054,13.263,5.0761
16,1,2.5631,6.7599,11.73,4.2418
16,1,3.5876,6.8074,11.82,4.1058
16,1,6.1554,6.7866,12.446,4.8816
16,1,3.633,6.804,11.684,4.0771
16,1,4.0082,6.61,11.214,4.1375
16,1,3.8581,6.9622,12.495,4.5157
16,1,3.6443,6.9293,12.729,4.7937
16,1,2.8272,6.9361,12.221,4.436
16,1,5.2827,7.3961,13.297,4.4159
16,1,7.8473,6.862,11.654,3.8743
16,1,3.2506,6.8777,12.277,4.4964
16,1,2.7257,7.1267,12.529,4.3169
16,1,4.2172,6.5714,11.102,4.1116
16,1,6.1385,7.0688,12.678,4.559
16,1,3.5647,6.8823,12.205,4.4823
16,1,4.2899,6.7437,11.864,4.4043
16,1,4.1755,6.6228,10.915,3.8734
16,1,3.7363,7.2211,13.739,5.089
16,1,3.9307,6.3931,10.648,3.8623
16,1,4.2902,6.733,11.791,4.422
16,1,4.9574,6.6332,11.037,3.9827
16,1,5.0148,6.9219,11.588,3.9037
16,1,5.9485,6.7305,11.476,3.9948
16,1,2.6905,7.1009,13.484,5.1866
16,1,3.9181,7.011,12.032,4.0233
16,1,3.0505,7.0031,12.57,4.6121
16,1,3.3298,7.0684,13.231,5.0074
16,1,3.393,6.7947,12.444,4.8112
16,1,5.9502,7.1367,13.554,5.12
16,1,4.7441,7.2938,13.3,4.6202
16,1,3.5046,6.8987,12.275,4.5038
16,1,6.1723,6.7947,11.703,4.2636
16,1,3.1965,7.1745,13.223,4.7745
16,1,3.3719,6.9131,12.531,4.6178
16,1,4.4616,7.0561,12.883,4.7048
16,1,3.6444,6.9235,12.729,4.8255
16,1,4.0052,6.8331,11.431,4.0061
16,1,3.1701,6.9949,12.327,4.3223
16,1,9.1427,7.0371,12.548,4.4622
16,1,3.7006,6.7019,11.677,4.3307
16,1,4.0139,6.8886,12.029,4.3307
16,1,3.3569,6.9258,12.556,4.7716
16,1,4.5377,7.1954,13.984,5.3322
16,1,5.9628,6.984,12.746,4.7595
16,1,3.2043,6.7632,11.137,3.7803
16,1,4.864,7.1976,12.995,4.541
16,1,3.808,6.9868,12.673,4.5784
16,1,2.4935,6.8427,12.168,4.5842
16,1,4.5274,6.5642,10.714,3.7716
16,1,2.3108,6.7243,11.184,3.9623
16,1,4.3725,6.9144,12.447,4.6145
16,1,5.4955,6.8166,11.762,3.9803
16,1,2.4595,6.9477,11.559,3.7227
16,1,4.3877,7.1082,13.516,5.2633
16,1,4.4867,7.0651,12.56,4.5291
16,1,4.6107,7.0489,12.353,4.2973
16,1,4.6132,6.8128,11.514,3.9543
16,1,2.3374,6.893,12.274,4.4043
16,1,3.4619,6.8837,11.961,4.2548
16,1,2.6527,7.1093,12.807,4.6552
16,1,2.8951,7.022,12.452,4.3533
16,1,3.033,7.257,13.77,5.0695
16,1,4.2048,6.725,11.087,3.8073
16,1,6.6313,6.7042,11.348,4.0132
16,1,4.6117,6.6092,10.666,3.6534
16,1,3.0059,6.8768,12.965,5.1515
16,1,2.7278,7.0421,13.407,5.1415
16,1,3.9347,7.0859,12.605,4.3447
16,1,3.8475,7.0559,13.071,4.7979
16,1,3.7623,6.981,12.326,4.4364
16,1,3.6886,7.2931,13.479,4.8483
16,1,4.1634,6.9561,11.856,4.1595
16,1,3.6802,6.8023,11.947,4.4001
16,1,5.3865,6.8575,11.757,4.1005
16,1,4.0794,7.0518,12.5,4.4346
16,1,6.0482,6.8931,12.26,4.5671
16,1,3.4382,7.2751,13.422,4.8249
16,1,6.0654,7.0937,13.24,4.8794
16,1,4.6621,7.2477,13.415,4.8085
16,1,2.51,7.1422,13.645,5.2415
16,1,5.2463,6.9186,12.75,4.9015
16,1,5.303,7.1951,13.347,4.8723
16,1,3.7028,6.7459,11.036,3.7642
16,1,4.355,7.1263,13.588,4.9019
16,1,4.6275,6.938,12.523,4.596
16,1,3.1628,7.2892,13.149,4.3641
16,1,2.9052,6.5645,10.547,3.7585
16,1,3.0021,6.842,12.186,4.5163
16,1,3.658,6.814,11.701,4.2418
16,1,2.6438,6.945,12.577,4.7413
16,1,5.4118,7.0983,12.12,4.0493
16,1,3.3622,7.4062,14.246,5.2676
16,1,5.2219,6.9939,12.768,4.7507
16,1,3.7269,6.8011,11.596,4.1316
16,1,2.9607,7.2524,13.642,5.0867
16,1,3.8785,6.8537,12.049,4.427
16,1,5.1829,6.8141,12.192,4.4738
16,1,3.1703,7.4193,13.085,4.188
16,1,3.5954,6.8042,11.683,4.1902
16,1,3.3455,6.8316,12.065,4.4395
16,1,7.9696,6.6834,11.326,4.0636
16,1,3.2293,7.1274,12.559,4.3273
16,1,2.7751,6.7428,11.433,4.049
16,1,5.0262,6.7432,10.997,3.6602
16,1,5.1712,6.7159,11.751,4.2976
16,1,3.1197,6.7007,11.461,4.1171
16,1,3.7219,6.9177,11.994,4.2653
16,1,4.1969,6.9197,12.756,4.7875
16,1,4.4813,6.891,11.978,4.3199
16,1,4.2382,7.0465,12.8,4.7765
16,1,3.7466,6.8381,11.682,4.1926
16,1,4.2582,6.6581,10.529,3.3361
16,1,4.6025,6.8497,12.229,4.4706
16,1,5.1171,6.9738,11.95,4.1489
16,1,3.0454,7.1517,13.56,5.1095
16,1,3.5423,7.0451,13.013,4.9159
16,1,2.7303,7.212,13.611,5.083
16,1,4.6179,7.2832,13.548,4.8998
16,1,4.3157,7.0321,13.012,4.8156
16,1,4.0289,6.9483,12.821,4.8408
16,1,4.7988,6.9521,12.679,4.7642
16,1,3.6692,6.7834,12.172,4.6262
16,1,3.8914,6.6626,10.526,3.4385
16,1,5.2312,6.8047,11.77,4.2356
16,1,3.0456,7.1519,12.807,4.4495
16,1,4.6458,6.8629,12.492,4.713
16,1,5.0189,6.7761,11.814,4.3076
16,1,3.0153,6.7593,11.732,4.2477
16,1,2.9297,7.0847,13.038,4.6447
16,1,3.6426,7.0448,13.005,4.856
16,1,5.7561,6.8256,12.452,4.765
16,1,6.3714,7.1002,12.651,4.424
16,1,3.4174,7.0702,12.828,4.6917
16,1,3.63,7.2826,14.286,5.5233
16,1,6.171,6.789,11.981,4.3824
16,1,4.2314,6.8088,11.766,4.297
16,1,3.2944,7.0769,13.312,4.9809
16,1,4.862,7.0318,12.97,4.9091
16,1,6.2705,6.8362,11.635,3.7692
16,1,3.666,7.0301,12.673,4.6397
16,1,2.3792,7.0087,12.592,4.4459
16,1,2.34,7.0407,12.355,4.4167
16,1,2.9214,7.101,13.254,4.9589
16,1,4.0191,6.9129,12.805,4.8932
16,1,2.9339,6.7217,10.93,3.4512
16,1,2.8521,6.9835,11.898,3.9868
16,1,3.3104,7.1299,13.917,5.4921
16,1,2.8334,6.7548,11.804,4.3426
16,1,3.7162,7.0967,13.29,5.0768
16,1,3.7336,7.0823,13.182,4.9784
16,1,2.8669,6.8603,12.296,4.6326
16,1,4.5773,6.8491,11.715,4.227
16,1,5.4539,7.2198,13.373,4.7572
16,1,5.1026,7.1396,13.087,4.7951
16,1,3.2018,7.03,12.868,4.7508
16,1,6.2551,6.8518,12.343,4.6839
16,1,4.2396,6.8541,11.317,3.7769
16,1,5.3131,6.7441,12.04,4.5722
16,1,6.3564,6.7021,11.459,3.974
16,1,3.8337,6.8901,12.222,4.3893
16,1,4.4263,6.9112,12.23,4.353
16,1,4.7407,6.9789,12.227,4.3332
16,1,4.2575,6.9475,12.588,4.6964
16,1,5.6585,6.7798,11.654,4.2004
16,1,3.2281,6.9642,12.625,4.6942
16,1,3.6257,7.0206,13.088,4.9433
16,1,4.0973,6.6993,11.57,4.3141
16,1,5.9749,6.9483,12.985,4.9574
16,1,3.3476,6.7259,10.984,3.6174
16,1,5.7748,6.7645,11.672,4.2286
16,1,4.1185,6.9269,12.689,4.746
16,1,5.0125,6.636,11.263,4.1573
16,1,5.6899,6.686,11.414,4.1664
16,1,6.4445,6.884,11.461,3.7561
16,1,5.6846,6.9905,12.596,4.6071
16,1,5.156,6.7759,11.57,4.1727
16,1,6.31,6.7651,11.748,4.298
16,1,4.671,6.835,11.813,4.2981
16,1,3.9271,6.9217,11.953,4.3387
16,1,5.2004,7.0628,12.675,4.6018
16,1,4.0212,7.3424,14.158,5.2255
16,1,3.2138,7.1147,13.46,5.0191
16,1,3.1577,6.8578,11.792,4.3019
16,1,3.3683,6.9851,12.882,4.8716
16,1,3.6606,7.0249,13.002,4.8462
16,1,7.2207,7.1844,13.541,5.0658
16,1,5.3701,6.9383,12.491,4.67
16,1,4.7557,6.6944,11.595,4.1121
16,1,4.983,7.1138,13.185,4.9435
16,1,4.723,6.9513,12.85,4.8781
16,1,5.17,6.8162,11.765,4.0627
16,1,3.9551,7.0735,12.879,4.6637
16,1,2.2334,6.9785,12.751,4.6964
16,1,3.78,6.9848,12.334,4.5708
16,1,5.6658,6.8219,11.812,4.253
16,1,3.3297,6.8387,11.906,4.2949
16,1,4.6137,6.7842,12.251,4.6536
16,1,3.2472,7.0623,13.38,5.1136
16,1,2.612,7.0004,12.24,4.1825
16,1,5.0339,7.0009,12.568,4.6262
16,1,2.8346,6.9956,12.525,4.4924
16,1,2.64,6.794,12.626,4.9767
16,1,4.5019,6.872,11.762,4.1625
16,1,3.7814,6.8821,11.581,3.9844
16,1,4.8259,7.1485,12.971,4.6719
16,1,3.2491,7.0218,12.251,4.2535
16,1,5.5577,6.8524,11.919,4.252
16,1,2.4518,6.5266,10.887,3.9801
16,1,4.1493,7.4332,14.757,5.7072
16,1,2.8265,7.0353,12.436,4.4152
16,1,5.3879,6.6582,11.78,4.4652
16,1,3.4733,6.803,12.619,4.886
16,1,4.5164,7.3349,14.57,5.6059
16,1,5.1938,6.964,12.71,4.9096
16,1,4.1081,6.6127,10.979,3.8111
16,1,4.503,7.0906,13.47,5.1667
16,1,5.5447,6.8964,12.36,4.435
16,1,3.3803,7.0939,12.869,4.5863
16,1,5.2172,7.1446,12.799,4.4977
16,1,4.796,7.1512,14.051,5.5192
16,1,4.8424,6.9923,12.375,4.4866
16,1,2.33,6.9977,12.763,4.7317
16,1,3.5397,6.908,12.158,4.3238
16,1,4.0965,6.839,12.522,4.8183
16,1,3.9104,7.0275,13.184,5.095
16,1,4.052,6.8484,11.686,4.1673
16,1,3.0299,6.6239,11.007,3.8225
16,1,5.3628,6.8591,12.491,4.8059
16,1,4.5502,6.8345,12.213,4.6649
16,1,3.8176,7.0043,12.111,4.2583
16,1,4.4323,7.0204,12.578,4.4675
16,1,5.3527,6.7245,11.243,3.9336
16,1,4.1125,7.1367,12.456,4.1746
16,1,4.1743,6.9229,12.396,4.538
16,1,5.1804,7.1235,13.322,4.9629
16,1,3.8755,6.9064,12.558,4.665
16,1,3.3364,7.0446,12.98,4.8503
16,1,2.9686,6.9903,12.233,4.4879
16,1,4.9904,6.9542,12.588,4.6318
16,1,3.4008,6.9728,12.846,4.7704
16,1,5.7455,6.8362,11.527,3.9227
16,1,5.6694,6.6787,11.798,4.5582
16,1,2.914,6.9553,12.011,4.1259
16,1,4.4241,6.8194,12.33,4.5513
16,1,4.5812,6.8885,11.881,4.2415
16,1,6.9221,7.0658,13.536,5.2832
16,1,2.891,6.8567,12.634,4.8218
16,1,4.8161,7.0387,12.731,4.6624
16,1,3.8764,6.9667,12.093,4.184
16,1,4.3363,6.6215,11.574,4.3809
16,1,3.7761,7.036,12.408,4.4389
16,1,3.4901,6.9181,11.971,4.2455
16,1,3.3799,6.7954,12.144,4.5684
16,1,5.1632,6.7546,11.331,4.0255
16,1,5.2851,6.9172,12.236,4.4493
16,1,5.3976,7.0525,13.203,5.0657
16,1,4.14,6.8204,11.99,4.3211
16,1,4.1528,6.6547,11.282,4.1115
16,1,3.4082,7.1217,13.794,5.2891
16,1,4.0532,6.8163,12.13,4.638
16,1,4.7346,6.7521,11.873,4.3777
16,1,7.3889,6.6699,11.028,3.746
16,1,3.0435,7.3156,13.723,4.9552
16,1,4.2044,6.6665,11.011,3.7305
16,1,4.8339,6.9494,12.773,4.8108
16,1,4.8297,6.7679,11.865,4.4278
16,1,4.0951,7.3095,14.548,5.5829
16,1,2.6542,6.862,11.98,4.2437
16,1,4.2155,6.7163,11.753,4.2598
16,1,5.352,6.8753,12.488,4.798
16,1,4.5539,6.8928,11.38,3.6707
16,1,3.0682,7.0659,13.448,5.1121
16,1,3.8236,6.9428,12.562,4.6121
16,1,3.5906,7.0242,12.627,4.5777
16,1,3.3593,7.0169,13.017,4.8658
16,1,4.645,7.32,12.939,4.4231
16,1,4.3705,6.9769,12.299,4.2552
16,1,2.5956,6.8729,12.053,4.2967
16,1,2.5575,6.9179,12.352,4.5716
16,1,3.1282,6.7758,12.032,4.5118
16,1,2.3043,6.632,10.693,3.5653
16,1,4.3897,7.3421,14.048,5.2927
16,1,4.5224,7.2906,13.528,4.8552
16,1,4.7506,6.8401,12.225,4.5678
16,1,4.0121,6.7929,11.531,4.0583
16,1,4.0115,6.8657,11.72,3.9302
16,1,2.5333,7.2182,13.949,5.1922
16,1,4.0846,7.075,12.876,4.6844
16,1,4.6775,6.9254,12.347,4.547
16,1,3.4313,7.0663,12.887,4.7019
16,1,3.6254,7.0249,12.872,4.7521
16,1,5.8204,6.8544,12.007,4.392
16,1,4.9718,7.0301,13.292,5.1024
16,1,6.1003,7.1804,13.266,4.9099
16,1,3.1381,6.668,10.747,3.6492
16,1,7.3983,6.6564,11.733,4.4037
16,1,3.1231,7.3541,14.544,5.3495
16,1,5.7241,7.2176,13.585,5.0092
16,1,3.8033,6.9321,12.15,4.2565
16,1,2.3285,7.1344,12.685,4.3603
16,1,5.987,7.0549,12.698,4.6127
16,1,4.4527,6.9862,12.151,4.243
16,1,3.9858,7.1174,13.384,5.0058
16,1,4.0342,7.1684,13.622,5.1615
16,1,4.3007,6.9857,13.139,5.0236
16,1,6.8144,6.9247,11.822,4.0149
16,1,4.3989,6.891,12.1,4.383
16,1,4.66,7.1847,13.181,4.4606
16,1,4.6966,6.8585,11.703,4.1813
16,1,3.2039,6.9645,12.162,4.3529
16,1,7.1815,6.7633,11.915,4.5483
16,1,6.4235,7.0655,12.95,4.7598
16,1,4.5636,6.6839,11.554,4.3278
16,1,2.1905,7.0353,12.85,4.7615
16,1,2.9898,6.902,12.139,4.4612
16,1,6.7622,6.6908,11.389,4.0701
16,1,2.1401,6.7807,11.72,4.2634
16,1,6.3211,6.7843,12.404,4.8654
16,1,2.9603,6.5985,11.162,4.0644
16,1,3.7686,6.8324,12.078,4.3722
16,1,3.7707,6.9065,12.604,4.7263
16,1,2.9149,6.829,11.49,3.9999
16,1,3.563,7.1689,13.198,4.7129
16,1,4.542,6.8899,12.167,4.4829
16,1,4.1236,6.8461,12.638,4.9063
16,1,2.8971,6.7838,11.604,4.1453
16,1,2.9365,7.6433,14.924,5.3714
16,1,4.8612,6.9699,12.825,4.6959
16,1,3.1614,6.9059,11.993,4.2943
16,1,2.8525,7.1058,13.13,4.7585
16,1,3.3512,6.8982,11.808,4.1493
16,1,5.1245,6.6931,10.886,3.7519
16,1,5.7054,6.8679,12.355,4.5503
16,1,2.9789,7.1176,12.627,4.4396
16,1,4.1395,7.0862,13.15,4.8816
16,1,4.5801,6.9575,11.872,4.0834
16,1,5.7602,6.901,12.508,4.514
16,1,2.9122,6.8955,11.632,3.899
16,1,4.4263,6.663,11.097,3.9479
16,1,5.3446,6.9877,12.33,4.2491
16,1,6.0798,7.0057,12.887,4.7766
16,1,3.6541,7.1497,13.27,4.9576
16,1,3.2963,6.7975,11.854,4.1919
16,1,4.2844,6.7307,11.19,3.7491
16,1,4.7689,6.9526,12.291,4.2982
16,1,4.8627,7.0363,13.294,5.0922
16,1,3.5724,6.8645,12.241,4.6268
16,1,4.2722,6.948,12.034,4.2164
16,1,4.4516,6.9021,12.152,4.1788
16,1,2.9868,6.9364,12.21,4.1731
16,1,3.4935,7.1309,13.477,5.1703
16,1,4.7767,6.7389,11.656,4.2112
16,1,3.3198,7.0168,12.892,4.7293
16,1,4.265,6.8983,11.927,4.3022
16,1,4.3575,7.0269,12.91,4.6996
16,1,4.0018,6.9948,12.148,4.2177
16,1,5.2085,6.877,11.601,3.9531
16,1,3.8666,6.9249,11.789,4.0603
16,1,2.366,7.0048,12.396,4.3883
16,1,5.0849,7.0547,13.226,4.9824
16,1,3.7933,7.1241,12.855,4.4904
16,1,4.0963,6.9374,11.871,4.1466
16,1,4.267,7.0959,13.022,4.796
16,1,3.5245,7.2086,13.592,5.008
16,1,2.7222,6.919,12.562,4.7253
16,1,4.6311,6.4246,10.574,3.8643
16,1,4.9817,7.0786,13.146,4.9192
16,1,3.3496,7.0639,13.115,5.0132
16,1,4.0377,7.0284,12.9,4.8203
16,1,4.7756,6.9452,12.405,4.6781
16,1,4.8272,6.8603,12.092,4.4076
16,1,2.8288,6.7243,11.468,4.1027
16,1,5.8882,6.94,12.315,4.2834
16,1,4.9757,6.8631,12.238,4.5447
16,1,3.4457,7.0391,12.898,4.8425
16,1,3.233,7.0059,11.26,3.3469
16,1,3.7248,6.919,12.509,4.6974
16,1,4.3717,6.8618,11.846,4.2532
16,1,4.1989,6.9836,12.292,4.4185
16,1,4.5699,6.8253,12.189,4.5499
16,1,4.03,6.9442,12.897,4.9914
16,1,3.8452,7.0713,12.52,4.3334
16,1,7.2134,6.9199,12.434,4.4919
16,1,4.0451,7.3096,13.142,4.5428
16,1,4.337,7.4052,14.331,5.2758
16,1,4.0497,7.0931,12.67,4.52
16,1,5.4507,6.7143,11.173,3.9031
16,1,2.6053,6.9648,11.718,3.9549
16,1,2.6028,6.8578,11.902,4.2709
16,1,4.2303,6.9208,12.199,4.33
16,1,2.7249,6.9335,12.311,4.5513
16,1,6.8761,7.036,12.836,4.6654
16,1,2.2237,7.1891,12.732,4.2284
16,1,4.8488,7.1144,13.555,5.1381
16,1,5.9597,6.746,11.638,4.2158
16,1,4.9071,7.0523,13.096,4.9541
16,1,3.907,7.0193,12.688,4.6085
16,1,3.8141,7.0626,12.757,4.5988
16,1,4.7533,7.0963,13.124,4.8854
16,1,3.0294,6.8991,11.802,4.1258
16,1,3.0064,6.9082,12.226,4.4022
16,1,4.9556,7.2483,13.839,5.1872
16,1,6.0284,6.8906,12.486,4.7375
16,1,4.4307,6.9068,12.235,4.3627
16,1,2.3729,6.9005,11.681,4.0046
16,1,3.7059,7.1495,13.364,4.9621
16,1,5.1717,6.8682,11.921,4.2084
16,1,4.911,6.9199,12.336,4.3889
16,1,5.0721,7.0282,12.256,4.2339
16,1,3.6118,6.9999,12.506,4.5505
16,1,4.2256,6.8352,12.141,4.4152
16,1,3.4315,6.8367,11.364,4.0037
16,1,3.7915,6.9702,12.162,4.3574
16,1,5.2431,6.9491,12.65,4.754
16,1,2.8214,6.8668,11.797,4.1632
16,1,2.926,7.3472,14.092,5.1074
16,1,4.9752,6.9441,12.02,4.1991
16,1,4.7809,6.8799,12.134,4.3798
16,1,4.0868,6.8328,12.142,4.4813
16,1,3.5568,6.7504,11.438,4.0515
16,1,4.4975,6.6949,11.168,3.922
16,1,3.9111,6.9797,12.113,4.279
16,1,3.9735,6.8844,12.506,4.7346
16,1,2.7372,6.8982,12.282,4.4814
16,1,6.004,6.8999,12.088,4.3586
16,1,4.1341,7.0949,13.075,4.8534
16,1,3.0701,6.7992,12.17,4.4304
16,1,2.9818,6.7559,11.711,4.3393
16,1,3.1258,6.9318,12.588,4.5124
16,1,4.9481,7.0623,12.084,3.963
16,1,3.5128,7.0479,13.195,5.0547
16,1,3.9759,7.1584,13.834,5.3285
16,1,2.8533,6.678,11.806,4.4106
16,1,4.3205,6.9037,12.124,4.3805
16,1,5.1132,7.0977,12.743,4.5558
16,1,5.5041,7.0455,12.972,4.7918
16,1,2.6863,7.0236,12.94,4.8381
16,1,4.9953,6.6477,11.044,3.9614
16,1,4.4215,7.1697,13.629,5.0963
16,1,4.7595,6.9172,12.071,4.3146
16,1,5.1701,7.0787,12.225,4.009
16,1,2.7885,7.1063,13.508,5.2563
16,1,3.0343,6.7006,11.735,4.3632
16,1,5.4112,6.5955,10.611,3.6463
16,1,3.8589,6.9138,12.085,4.2719
16,1,3.5832,7.0264,12.843,4.7406
16,1,3.1108,7.0216,12.491,4.6285
16,1,4.527,6.7056,11.883,4.5076
16,1,3.2074,7.3858,14.001,5.1309
16,1,2.2765,6.8547,11.872,4.1465
16,1,4.1979,7.1514,13.079,4.7335
16,1,5.394,7.0515,13.085,4.9214
16,1,3.2273,7.1216,13.192,4.8323
16,1,5.3448,6.8295,12.845,5.1045
16,1,2.7832,6.9319,11.928,4.1608
16,1,3.189,6.5786,10.504,3.5358
16,1,5.3151,7.0589,12.921,4.6094
16,1,4.9706,6.8927,12.37,4.5854
16,1,3.9758,7.0675,12.459,4.3909
16,1,3.2597,6.8198,12.267,4.5942
16,1,3.7463,6.7498,11.085,3.6599
16,1,4.5438,6.9149,11.843,4.0786
16,1,4.2052,6.8941,12.004,4.2444
16,1,3.7284,7.2385,13.808,5.1727
16,1,4.129,6.5279,10.516,3.662
16,1,3.4873,6.9347,11.693,3.8414
16,1,4.9512,6.9262,12.002,4.178
16,1,2.9036,7.0153,12.43,4.4498
16,1,4.9071,7.07,12.523,4.3536
16,1,4.8371,7.1128,13.593,5.2285
16,1,4.2827,7.3179,14.09,5.3695
16,1,3.7334,6.759,11.364,3.9776
16,1,4.694,6.6849,11.06,3.8244
16,1,3.9511,6.8669,12.328,4.4983
16,1,4.396,6.8349,11.208,3.8063
16,1,2.6939,6.9668,12.412,4.4643
16,1,5.331,6.94,12.312,4.397
16,1,4.6201,6.8498,11.821,4.2941
16,1,4.2645,7.0074,12.297,4.403
16,1,4.2137,7.2462,14.034,5.3472
16,1,4.55,6.7374,11.524,4.1182
16,1,4.1184,6.7892,11.683,4.274
16,1,4.6753,6.9536,12.182,4.3433
16,1,4.1681,7.2502,13.639,5.0686
16,1,6.737,6.851,11.846,4.1441
16,1,4.0284,7.0127,12.502,4.5564
16,1,3.8078,6.7879,11.409,3.9781
16,1,4.1652,7.2366,13.555,4.9012
16,1,4.2045,6.8231,11.929,4.303
16,1,3.7957,6.9614,12.576,4.6817
16,1,5.5677,6.7451,11.43,4.149
16,1,4.5389,6.8742,12.137,4.521
16,1,3.6346,7.2099,12.636,4.3058
16,1,4.7031,6.6788,11.046,3.7282
16,1,2.7129,6.843,11.517,4.0098
16,1,3.0469,6.9372,11.935,4.2075
16,1,3.1025,7.0099,12.437,4.4169
16,1,2.7445,6.8645,11.309,3.731
16,1,4.584,7.0013,11.802,3.9484
16,1,2.945,7.0056,12.715,4.6277
16,1,4.2246,6.9975,11.995,3.9662
16,1,3.339,6.9421,11.704,3.9721
16,1,4.8338,6.796,11.721,4.1276
16,1,4.6456,6.7154,11.654,4.2845
16,1,4.176,6.51,10.962,3.9891
16,1,3.4408,7.1051,13.706,5.2745
16,1,3.3345,7.0803,13.359,5.1055
16,1,5.0987,7.0694,13.173,4.872
16,1,5.1593,6.9549,12.547,4.7493
16,1,3.2219,6.8742,12.202,4.4391
16,1,2.8229,7.1015,12.296,4.267
16,1,4.8264,6.8227,12.433,4.7224
16,1,3.1725,7.3524,14.281,5.226
16,1,3.7559,7.2184,13.701,5.0572
16,1,4.2443,6.6838,11.473,4.2159
16,1,5.174,6.8876,11.67,4.0463
16,1,3.1395,6.6763,11.04,3.7973
16,1,4.4068,6.8345,11.638,4.0533
16,1,3.6863,6.831,11.108,3.6902
16,1,4.8752,7.1959,13.952,5.2046
16,1,5.755,6.8987,12.055,4.2401
16,1,2.582,6.8996,11.453,3.7452
16,1,4.2363,6.7588,11.74,4.2404
16,1,2.7754,6.833,11.579,4.0409
16,1,3.9159,6.7497,11.37,3.8271
16,1,3.282,6.9831,12.557,4.6814
16,1,3.215,6.955,11.504,3.6633
16,1,3.6308,6.8535,12.04,4.3908
16,1,2.776,7.0216,12.522,4.5233
16,1,3.9769,6.6993,11.519,4.3049
16,1,4.3395,6.9287,12.289,4.3658
16,1,3.7788,6.8779,12.44,4.6862
16,1,3.9024,7.0712,12.88,4.7185
16,1,3.9421,7.2034,13.3,4.8847
16,1,4.0316,6.6956,11.662,4.343
16,1,3.0008,6.9212,11.735,3.9801
16,1,2.2049,6.9909,12.901,4.839
16,1,3.032,6.7883,12.295,4.7101
16,1,2.9658,6.8676,12.314,4.6193
16,1,5.3263,6.4878,11.309,4.34
16,1,4.0671,6.8814,12.423,4.6208
16,1,4.0775,6.8918,12.495,4.6615
16,1,3.0433,6.9599,12.494,4.5562
16,1,2.653,6.7294,12.329,4.8881
16,1,4.7223,7.0693,13.204,4.9808
16,1,3.6763,6.9521,12.858,4.8977
16,1,5.2965,6.7659,11.638,4.2512
16,1,4.2269,6.7651,11.183,3.78
16,1,4.1345,7.0335,12.567,4.5548
16,1,3.6248,7.0898,12.359,4.3135
16,1,4.3887,6.9084,12.576,4.8328
16,1,3.0279,6.9058,12.475,4.6716
16,1,5.3337,6.8436,11.917,4.2727
16,1,4.3099,6.7332,11.263,3.8857
16,1,2.8213,6.7422,11.421,4.0829
16,1,2.3593,7.0102,12.97,4.8694
16,1,3.26,6.7184,11.498,4.2385
16,1,4.3151,7.1298,13.115,4.7501
16,1,2.3672,6.8482,12.175,4.4786
16,1,4.0974,7.108,13.382,5.0627
16,1,2.3757,7.0471,12.656,4.6407
16,1,5.9368,6.596,11.736,4.4813
16,1,3.4018,6.8804,11.724,4.1049
16,1,4.2872,6.8454,11.603,4.0811
16,1,2.5466,6.9894,12.179,4.3017
16,1,5.1671,7.0706,12.962,4.7246
16,1,4.0945,6.8081,11.606,4.0246
16,1,3.8817,6.7704,11.556,4.0592
16,1,7.748,6.702,11.637,4.2525
16,1,3.3945,7.1183,13.186,4.8488
16,1,4.4823,7.0169,12.358,4.191
16,1,4.392,6.9309,12.591,4.7413
16,1,5.8981,6.8529,11.573,3.845
16,1,5.5396,6.7299,11.822,4.4515
16,1,5.7663,6.7369,11.103,3.7795
16,1,6.4348,6.8246,11.779,4.1672
16,1,2.5831,7.1127,13.359,5.0032
16,1,3.0055,7.1263,12.917,4.6011
16,1,4.5603,6.8934,11.28,3.6482
16,1,7.4469,6.7203,11.55,4.1009
16,1,3.3341,6.6468,11.252,3.9762
16,1,4.4958,6.9025,11.931,4.1492
16,1,2.921,7.0168,13.15,5.0343
16,1,3.9854,6.9192,12.815,4.8639
16,1,4.1451,7.0405,12.013,4.0318
16,1,5.3706,7.0529,13.466,5.1992
16,1,4.9997,6.8634,12.222,4.5157
16,1,3.6176,6.7658,10.797,3.3132
16,1,3.5945,6.64,11.485,4.241
16,1,3.7452,7.0781,13.46,5.1621
16,1,4.4944,7.2131,13.035,4.5653
16,1,3.0063,7.2332,13.509,4.952
16,1,5.5117,6.8414,11.858,4.1922
16,1,5.5886,7.0808,13.143,4.8244
16,1,4.8665,6.8263,12.017,4.3656
16,1,3.3362,6.9098,11.882,4.0882
16,1,3.8822,7.159,12.73,4.4494
16,1,4.9147,7.0316,13.04,4.9257
16,1,5.628,6.8885,12.108,4.3333
16,1,4.1184,7.1101,13.173,4.7801
16,1,5.3117,6.7709,11.042,3.4471
16,1,2.245,6.8491,11.711,4.0669
16,1,7.6507,6.6676,11.077,3.9347
16,1,3.3462,7.032,11.938,4.0307
16,1,3.6113,7.2197,13.776,5.1224
16,1,5.9234,6.696,11.641,4.384
16,1,3.1557,6.8021,11.785,4.2348
16,2,4.1473,8.4089,19.035,7.3288
16,2,2.614,8.3723,18.957,7.2337
16,2,3.9038,8.1219,17.135,6.1465
16,2,4.2947,8.057,17.539,6.7346
16,2,6.3236,8.2089,17.226,6.1947
16,2,5.4687,8.4053,18.148,6.6041
16,2,4.1832,8.1166,16.272,5.0259
16,2,5.3361,8.5463,19.971,7.8539
16,2,5.5151,8.2945,19.493,7.8272
16,2,5.0843,8.4115,18.164,6.598
16,2,4.8111,8.4979,19.55,7.594
16,2,7.766,8.1702,17.971,6.8251
16,2,3.1886,8.2006,18.057,7.0146
16,2,4.5739,8.6196,19.733,7.257
16,2,2.2296,8.3239,18.373,6.7906
16,2,3.8944,8.6132,20.612,8.2853
16,2,5.6602,7.9376,16.081,5.6913
16,2,4.2465,8.3053,18.675,7.1671
16,2,3.0025,8.3169,18.466,7.0295
16,2,7.3062,8.4473,19.057,7.0158
16,2,3.8791,8.5598,19.44,7.4073
16,2,2.5883,8.1066,17.798,6.8519
16,2,4.2822,8.4097,19.075,7.2842
16,2,5.8223,8.4167,19.285,7.5563
16,2,4.9009,8.4039,18.478,6.894
16,2,5.0631,8.5303,19.077,6.8226
16,2,6.1684,8.0266,16.719,6.164
16,2,5.0404,8.3866,18.457,6.9261
16,2,6.5896,7.8098,16.051,5.9758
16,2,4.6269,8.6632,19.887,7.4496
16,2,4.0832,8.149,17.23,6.1968
16,2,3.2443,8.1256,17.121,6.2076
16,2,3.8572,8.6298,19.158,6.9039
16,2,2.7221,8.2329,17.332,6.2566
16,2,4.9038,8.0196,17.039,6.4806
16,2,4.6301,8.573,19.287,7.1588
16,2,5.1545,8.1625,17.05,6.0799
16,2,6.0347,8.0532,17.284,6.6074
16,2,5.9137,8.3285,19.466,7.8639
16,2,4.803,8.3896,18.303,6.7448
16,2,4.0289,7.9298,15.438,5.2317
16,2,7.0038,8.1592,17.144,6.1786
16,2,7.2476,8.2623,18.204,6.9211
16,2,3.2444,8.5985,19.115,6.9822
16,2,4.9607,8.4782,19.11,7.307
16,2,7.0424,8.3018,18.392,6.9575
16,2,6.9405,8.3935,18.281,6.5428
16,2,3.3081,8.4569,19.08,7.376
16,2,5.002,8.3181,18.422,7.0613
16,2,2.6422,8.5267,18.578,6.8214
16,2,3.3084,8.2044,17.724,6.5701
16,2,4.8461,8.4699,18.948,7.2487
16,2,5.6943,8.2155,18.31,7.1855
16,2,3.9664,8.2592,17.337,6.208
16,2,4.4798,8.5999,19.541,7.3806
16,2,7.4276,8.0731,16.938,6.1975
16,2,4.503,8.1165,16.672,5.9211
16,2,5.1521,8.7303,19.81,7.2341
16,2,5.0716,8.1231,18.082,7.224
16,2,4.1807,8.26,17.851,6.3824
16,2,4.795,8.3339,18.665,7.3014
16,2,4.9537,8.1775,17.665,6.7728
16,2,5.0261,8.1293,17.235,6.2215
16,2,4.7818,8.185,17.79,6.6264
16,2,7.0554,8.6472,20.531,8.1667
16,2,5.0909,8.2406,17.858,6.5565
16,2,3.6671,8.1355,17.699,6.718
16,2,4.4336,8.4847,19.407,7.5255
16,2,4.9904,8.4064,17.687,5.9736
16,2,4.0421,8.2863,17.88,6.6059
16,2,5.4764,8.1543,16.877,5.8806
16,2,3.9059,8.5241,19.917,7.7468
16,2,5.5292,8.1174,17.035,6.2701
16,2,5.4256,8.3048,18.021,6.6954
16,2,8.0229,8.1741,18.076,6.629
16,2,3.8063,8.2722,18.322,6.9034
16,2,4.0081,8.4528,18.677,6.9954
16,2,4.225,8.4494,18.532,6.7241
16,2,5.2841,8.3857,18.123,6.5543
16,2,5.5562,8.3934,18.015,6.5233
16,2,5.2585,8.3494,17.083,5.2975
16,2,6.7632,8.5446,19.294,7.2012
16,2,5.1431,8.302,18.301,6.8387
16,2,3.5285,8.184,17.065,6.0894
16,2,4.5546,8.3901,18.229,6.7678
16,2,4.7254,8.5766,20.045,7.9822
16,2,5.0145,8.5803,20.792,8.3118
16,2,6.5751,8.1029,16.384,5.8017
16,2,3.7193,7.9116,16.626,6.2846
16,2,4.1134,8.1211,18.13,7.1141
16,2,3.8147,8.3828,18.488,6.9722
16,2,4.0171,8.3694,18.855,7.1986
16,2,3.5105,8.207,16.859,5.8826
16,2,3.5646,8.5509,18.894,6.8819
16,2,4.4377,8.1762,18.163,7.054
16,2,6.1498,8.4107,18.832,7.2436
16,2,5.3037,8.4483,18.733,6.9064
16,2,6.4224,8.1029,16.854,6.0146
16,2,2.7628,8.4642,19.148,7.2414
16,2,4.7538,8.5178,18.99,7.0013
16,2,5.1845,8.0971,17.509,6.6871
16,2,3.7169,8.372,18.297,6.8862
16,2,6.6446,8.2203,17.438,6.1573
16,2,5.2483,8.076,16.682,5.7407
16,2,3.9692,8.2206,17.533,6.2583
16,2,3.9231,8.4153,18.38,6.7597
16,2,3.994,8.2267,17.824,6.5613
16,2,4.1365,8.2257,18.112,6.8431
16,2,4.7647,8.4154,18.921,7.1881
16,2,4.4575,8.5303,19.092,6.9383
16,2,4.8487,8.3333,18.412,6.8802
16,2,5.1405,8.6641,20.154,7.5303
16,2,2.5318,8.601,18.984,6.5646
16,2,5.0322,8.4836,19.12,7.1978
16,2,4.5549,8.3985,18.495,6.9631
16,2,3.3161,8.0097,16.274,5.7998
16,2,3.2887,8.6679,19.716,7.327
16,2,4.8235,8.1745,17.277,6.3829
16,2,3.2044,8.3276,18.601,6.834
16,2,2.5999,8.3486,17.304,5.9973
16,2,4.9616,8.1764,17.835,6.802
16,2,6.415,8.4932,18.968,7.1914
16,2,4.4117,8.4381,18.742,7.0307
16,2,5.2104,7.927,16.567,6.4276
16,2,6.2943,8.0995,16.761,6.0055
16,2,4.4076,8.301,18.745,7.3965
16,2,5.0918,8.1574,17.488,6.6901
16,2,2.6146,8.6153,20.7,8.0619
16,2,2.9716,8.2258,17.961,6.9056
16,2,3.8493,8.3505,17.411,6.0366
16,2,4.6533,8.9322,21.393,8.1979
16,2,5.279,8.6313,19.254,7.0046
16,2,4.1638,8.5518,20.209,7.8516
16,2,6.0243,8.3739,17.975,6.5873
16,2,4.9691,8.1793,18.268,7.1007
16,2,6.5009,8.5101,19.571,7.5138
16,2,4.0149,8.5213,19.955,7.5595
16,2,5.9505,8.37,19.18,7.3697
16,2,3.2287,8.4838,18.137,6.2347
16,2,3.7434,8.3633,17.302,5.8603
16,2,3.3716,8.5127,18.464,6.5024
16,2,5.609,8.6475,19.646,7.5143
16,2,3.2099,8.1715,17.331,6.2981
16,2,5.1781,8.6698,19.113,6.9726
16,2,3.3425,8.5571,19.7,7.517
16,2,3.5956,8.2085,17.646,6.6502
16,2,4.1639,8.5169,18.814,6.9198
16,2,5.2126,8.6458,19.984,7.426
16,2,5.8664,8.1783,17.581,6.4938
16,2,4.7389,7.8522,15.617,5.5914
16,2,4.1709,8.1321,17.146,6.2678
16,2,6.4918,8.3227,17.982,6.7137
16,2,4.07,8.3275,18.738,7.2097
16,2,5.9419,8.1399,17.564,6.5604
16,2,3.7129,8.4201,18.921,7.2074
16,2,4.3225,8.2605,17.688,6.5195
16,2,2.9668,8.355,18.878,7.065
16,2,4.5978,8.1865,17.533,6.5838
16,2,3.5304,8.668,19.342,6.7831
16,2,6.4818,8.2207,17.789,6.5606
16,2,4.1399,8.5984,19.542,7.2105
16,2,3.5913,8.6838,20.372,7.7475
16,2,5.6343,8.5321,20.206,7.9917
16,2,3.6373,8.3353,17.781,6.444
16,2,3.9782,8.4162,18.329,6.6958
16,2,4.3126,8.6152,20.626,8.1697
16,2,3.0891,8.329,17.801,6.5109
16,2,6.9206,8.5963,19.305,7.2146
16,2,3.3981,8.483,18.924,6.963
16,2,4.0831,8.2016,18.258,6.9283
16,2,4.6058,8.4756,19.754,7.8839
16,2,3.9311,8.5642,19.344,7.3215
16,2,2.815,8.2145,17.69,6.6387
16,2,5.9894,8.5513,19.911,7.522
16,2,6.9592,8.5942,19.907,7.6496
16,2,9.2356,8.1861,17.436,6.4599
16,2,2.802,8.4985,18.757,6.8018
16,2,5.4139,8.1482,17.559,6.6561
16,2,2.8674,8.464,18.767,6.969
16,2,6.0323,8.2127,17.773,6.8007
16,2,6.0371,8.4781,19.422,7.3697
16,2,6.0004,8.2854,17.957,6.5958
16,2,5.6651,8.4434,18.88,7.1836
16,2,5.785,8.2027,17.187,6.1487
16,2,4.6155,8.423,19.444,7.6542
16,2,6.7137,8.2762,17.64,6.446
16,2,3.0131,8.6995,20.039,7.4072
16,2,3.8704,8.5372,18.65,6.6722
16,2,5.1355,8.5258,20.19,8.0978
16,2,5.6054,8.0933,17.1,6.3553
16,2,3.1386,8.3662,18.791,7.3109
16,2,3.402,8.393,18.073,6.7069
16,2,3.991,8.3653,18.598,7.0415
16,2,4.6226,8.2706,18.49,7.132
16,2,3.0957,8.062,16.864,6.2988
16,2,4.8522,7.9917,17.132,6.6456
16,2,3.2933,8.0598,16.692,5.9996
16,2,4.4482,8.5715,20.054,7.8661
16,2,4.3598,8.7125,19.843,7.3557
16,2,5.2038,8.4186,18.714,7.1345
16,2,7.0922,8.3237,18.428,6.922
16,2,5.4764,8.2355,18.032,6.9196
16,2,4.8477,8.3136,18.244,6.9006
16,2,5.9945,8.1762,17.285,6.3378
16,2,5.0696,8.4468,19.17,7.3691
16,2,5.5942,8.1375,18.356,7.2488
16,2,4.3525,8.3213,18.528,7.0991
16,2,5.2093,8.5903,18.916,7.0085
16,2,4.904,8.422,18.693,7.0298
16,2,6.4245,8.0648,17.526,6.6316
16,2,8.3946,8.4675,18.436,6.4904
16,2,3.0948,8.5466,20.028,7.8826
16,2,4.158,7.8771,15.593,5.6154
16,2,5.9866,8.447,20.296,8.1533
16,2,4.2407,8.095,16.93,5.9804
16,2,5.2376,8.4676,19.255,7.4218
16,2,7.4947,8.3096,18.477,7.1073
16,2,7.56,7.9239,16.199,5.9304
16,2,4.7619,8.3864,18.261,6.6237
16,2,7.1241,7.9595,16.042,5.7006
16,2,6.1479,8.5034,19.507,7.601
16,2,5.7114,8.2587,18.274,7.0128
16,2,3.2089,8.4996,19.81,7.6406
16,2,4.9897,8.1998,17.623,6.5854
16,2,4.2843,8.0061,16.418,5.5911
16,2,3.7477,8.3911,18.561,6.9983
16,2,6.5054,8.177,17.684,6.5838
16,2,4.1864,8.4981,19.167,7.1672
16,2,4.1831,8.2435,17.482,6.3301
16,2,6.3799,8.6631,19.573,7.423
16,2,6.2997,8.8307,19.733,6.9807
16,2,4.6495,8.3727,18.567,6.9562
16,2,5.242,8.4034,19.521,7.7383
16,2,4.5775,8.3749,18.049,6.4798
16,2,6.1124,8.6287,20.415,7.921
16,2,4.4387,8.6164,18.381,6.2291
16,2,3.9718,8.199,16.936,5.8052
16,2,5.5783,8.2727,17.603,6.5201
16,2,6.438,8.1212,17.881,6.964
16,2,4.7186,8.1379,17.075,6.1811
16,2,8.0855,7.9051,16.134,5.933
16,2,5.5966,8.5847,20.005,7.6701
16,2,3.3611,8.3769,18.414,6.5348
16,2,5.1112,8.4607,18.798,6.8963
16,2,4.4866,8.1694,17.321,6.3509
16,2,5.656,8.2775,18.28,6.7599
16,2,4.7044,8.4313,18.43,6.6677
16,2,3.0851,8.1328,16.547,5.7416
16,2,6.0271,8.2675,17.801,6.4815
16,2,4.0382,8.5063,19.497,7.4869
16,2,3.7869,8.1145,17.521,6.65
16,2,5.7365,8.4695,19.03,7.2324
16,2,6.1991,8.3064,17.694,6.3735
16,2,5.7239,8.6239,19.867,7.7172
16,2,4.495,8.6392,20.584,8.2764
16,2,3.8515,8.3349,18.681,7.2857
16,2,6.0289,8.2711,18.17,6.8966
16,2,5.2251,8.2293,17.904,6.6739
16,2,6.3167,8.2219,17.784,6.7673
16,2,4.3807,8.3824,18.215,6.6438
16,2,4.8837,8.4749,18.577,6.9551
16,2,4.7876,8.1415,17.501,6.5966
16,2,4.6548,8.5174,18.844,6.8203
16,2,3.8657,8.1251,17.241,6.4078
16,2,5.2932,8.2308,18.021,6.9423
16,2,5.5868,8.0724,17.013,6.2794
16,2,7.5526,7.9813,16.289,5.9137
16,2,4.9513,8.3176,17.878,6.4571
16,2,4.2607,8.0887,16.803,6.1994
16,2,5.7699,8.254,17.745,6.2092
16,2,4.8451,8.4097,18.434,6.527
16,2,5.1567,8.3294,18.276,6.9054
16,2,6.8241,8.092,17.303,6.4931
16,2,4.7968,8.7457,21.825,9.0508
16,2,4.8643,8.5817,19.479,7.263
16,2,5.4805,8.3116,17.839,6.5193
16,2,4.1115,8.3706,19.033,7.4512
16,2,4.0718,8.1773,17.547,6.6779
16,2,3.913,8.5013,18.428,6.6574
16,2,5.353,8.0733,16.851,6.1635
16,2,5.6978,8.1192,17.398,6.4872
16,2,3.9701,7.9706,16.213,5.777
16,2,5.0613,8.3873,18.108,6.4517
16,2,4.8158,8.3378,18.12,6.6364
16,2,6.4998,8.1676,17.272,6.3167
16,2,4.6311,8.9424,22.284,8.8601
16,2,3.0437,8.6301,19.466,7.1859
16,2,3.3407,7.9037,16.599,6.2203
16,2,5.6776,7.8701,17.067,6.9342
16,2,5.2204,8.6348,20.113,7.6534
16,2,2.9656,8.2573,17.837,6.6538
16,2,5.0358,8.4614,18.833,6.9818
16,2,4.6815,8.2122,17.436,6.366
16,2,3.2791,8.5321,19.31,7.1221
16,2,4.6167,8.9789,21.674,8.2686
16,2,5.3967,8.8755,21.771,8.4484
16,2,4.7423,8.5468,19.332,7.1368
16,2,4.3551,8.2758,17.949,6.6369
16,2,4.0452,8.7836,21.016,8.0239
16,2,3.4536,8.4542,18.917,7.1847
16,2,6.2933,8.1662,17.222,6.3501
16,2,4.4068,8.4264,19.039,7.3528
16,2,4.0456,8.5591,19.836,7.6669
16,2,2.907,8.3303,18.442,6.9498
16,2,2.9181,8.3067,17.686,6.4647
16,2,3.0104,8.2579,18.456,7.0236
16,2,6.0826,8.3016,18.325,6.9468
16,2,5.5187,8.1933,17.508,6.4223
16,2,4.5985,8.5949,20.201,7.993
16,2,6.8824,7.9038,15.536,5.5816
16,2,5.4594,8.2735,16.874,5.7707
16,2,5.1434,8.5438,19.418,7.5351
16,2,5.6763,8.1028,18.523,7.501
16,2,5.4563,8.1617,18.33,7.2296
16,2,4.8451,8.3319,18.514,7.022
16,2,6.3481,8.5414,19.046,6.9345
16,2,2.9777,8.38,18.883,7.2668
16,2,4.6494,8.0724,17.183,6.4258
16,2,6.1098,8.2197,17.382,6.3312
16,2,4.4718,8.6034,19.257,7.0452
16,2,6.4394,8.2247,17.726,6.5502
16,2,3.6767,8.6365,19.437,7.0072
16,2,2.8306,8.5927,20.083,7.7437
16,2,4.271,8.4039,18.916,7.0613
16,2,5.6414,8.0876,17.732,6.8799
16,2,4.6568,8.0423,17.345,6.6344
16,2,6.4231,8.3005,18.006,6.719
16,2,4.5363,8.196,17.562,6.2829
16,2,4.5296,8.3974,18.724,7.0543
16,2,5.4986,8.2063,18.283,7.0001
16,2,4.6483,8.3695,18.11,6.2835
16,2,4.145,8.5004,19.725,7.7632
16,2,4.7756,8.1818,18.249,7.1937
16,2,3.264,8.3817,18.6,6.9288
16,2,4.4981,8.2852,18.458,6.9118
16,2,5.2769,8.1185,17.554,6.6018
16,2,4.4294,8.2655,17.443,6.3361
16,2,5.7613,8.8091,20.174,7.5982
16,2,5.4715,8.2977,17.958,6.5458
16,2,6.5784,8.2533,17.298,6.159
16,2,5.6001,8.5198,20.523,8.5109
16,2,4.3193,8.3581,18.606,7.218
16,2,3.2921,8.2566,18.107,6.8091
16,2,7.3111,8.2719,17.623,6.5096
16,2,2.9565,8.2288,18.579,7.2677
16,2,4.0292,8.6455,19.347,7.1017
16,2,2.7596,8.1774,17.666,6.6823
16,2,4.0068,7.942,16.06,5.6997
16,2,5.6479,8.0738,17.015,6.2102
16,2,3.5009,8.3543,18.684,7.2832
16,2,5.4209,8.3454,17.684,6.2912
16,2,4.2277,8.3218,18.511,6.9662
16,2,3.9148,8.3346,19.729,8.035
16,2,4.1749,7.9195,15.727,5.3785
16,2,3.112,8.5268,18.563,6.7709
16,2,5.8371,8.4798,17.832,6.0792
16,2,2.6835,8.3819,17.83,6.4085
16,2,3.1207,8.5493,20.479,8.384
16,2,5.5875,8.3348,17.171,5.7669
16,2,5.7503,8.1252,16.419,4.9564
16,2,6.2075,8.2715,18.143,6.957
16,2,5.0262,8.0555,17.091,6.2658
16,2,5.9338,8.3556,18.27,6.7726
16,2,4.1613,8.4198,18.249,6.339
16,2,3.0286,8.0793,16.028,5.3422
16,2,6.8435,8.3353,18.988,7.4273
16,2,5.2869,8.0617,16.805,6.0215
16,2,4.9854,8.5025,18.857,7.0747
16,2,7.7349,8.504,18.906,7.1355
16,2,4.079,8.4043,18.533,6.8574
16,2,5.3144,8.1783,17.851,6.7401
16,2,3.7805,8.5466,19.54,7.3659
16,2,5.2187,8.3267,18.768,7.1641
16,2,4.2279,8.3963,18.465,6.8543
16,2,4.3196,7.988,17.345,6.7759
16,2,2.9374,8.3463,17.931,6.3809
16,2,4.0701,8.5159,19.379,7.6109
16,2,4.326,8.4625,18.801,6.9678
16,2,4.8292,8.0895,17.05,6.3495
16,2,3.5754,8.2988,17.905,6.5607
16,2,6.378,8.5414,18.539,6.4397
16,2,3.4066,8.7617,21.247,8.2704
16,2,4.9451,8.4344,19.07,7.3537
16,2,5.249,8.5894,19.325,7.0366
16,2,5.4139,7.9982,16.927,6.27
16,2,3.9601,8.4677,19.263,7.3383
16,2,5.8768,8.4633,19.526,7.425
16,2,5.1748,8.2962,17.867,6.5184
16,2,4.6621,8.26,18.348,7.0188
16,2,3.1618,8.4028,19.059,7.4905
16,2,4.9472,8.0651,16.875,6.3032
16,2,5.63,8.4128,18.6,6.7691
16,2,5.6416,8.5788,19.513,7.3234
16,2,5.5441,8.4208,18.781,7.1532
16,2,5.5391,8.6704,20.757,8.241
16,2,6.3508,8.3484,18.682,7.2024
16,2,4.9228,8.0269,15.455,5.2191
16,2,4.8185,8.7235,21.376,8.65
16,2,8.0261,8.2266,18.002,6.7436
16,2,4.547,8.3541,19.062,7.3312
16,2,3.1281,8.5028,19.414,7.512
16,2,5.7899,8.3489,18.646,7.0101
16,2,5.1205,8.3885,18.337,6.8831
16,2,6.2744,8.4502,19.198,7.3492
16,2,5.677,8.329,18.664,7.2858
16,2,5.6333,8.2446,17.874,6.7669
16,2,4.1046,8.3611,19.467,7.858
16,2,3.0161,8.2255,17.319,6.3188
16,2,5.4077,8.296,18.436,7.2186
16,2,8.1538,8.0716,17.042,6.5818
16,2,3.4493,8.3535,18.22,6.6671
16,2,6.8266,8.5689,19.536,7.2719
16,2,4.845,8.1899,17.814,6.536
16,2,3.9346,8.5067,18.688,6.8273
16,2,5.804,8.5025,19.7,7.6978
16,2,4.5201,8.4219,18.959,7.2371
16,2,2.575,8.3629,19.594,7.9606
16,2,3.7068,8.4244,18.705,7.0098
16,2,3.8619,8.3918,18.256,6.7771
16,2,4.8183,8.2274,17.16,6.0361
16,2,5.2868,8.1268,16.77,5.9374
16,2,3.537,8.1817,17.363,6.465
16,2,3.4484,8.5058,18.899,6.8009
16,2,4.9083,8.1402,17.047,6.1353
16,2,4.4222,8.064,17.15,6.4516
16,2,4.5103,8.5253,19.853,7.6879
16,2,4.4051,8.2647,18.076,6.9269
16,2,3.6893,8.2284,19.321,7.9102
16,2,3.8986,8.5555,19.36,7.2372
16,2,5.1016,8.1244,16.776,6.073
16,2,3.8956,8.4408,18.487,6.5312
16,2,4.677,8.4248,18.584,6.916
16,2,4.873,8.4644,18.697,6.8854
16,2,8.07,8.2151,17.84,6.5887
16,2,4.5112,8.2683,17.341,6.0975
16,2,3.1856,8.3666,18.022,6.6301
16,2,3.1998,8.6981,21.075,8.3176
16,2,5.4932,8.3011,17.988,6.6067
16,2,3.7344,8.3325,17.367,6.0975
16,2,7.2162,7.8874,15.757,5.6987
16,2,4.2084,8.3206,18.355,6.7397
16,2,7.1245,8.2785,18.142,6.8448
16,2,5.6784,8.4782,19.467,7.6352
16,2,2.5177,8.3675,18.521,7.0298
16,2,4.5917,8.4109,18.783,6.8441
16,2,5.0036,8.5876,19.988,7.6862
16,2,4.4187,8.3765,18.862,7.1841
16,2,6.3846,8.4444,18.364,6.7184
16,2,5.6144,8.0728,16.582,6.1059
16,2,4.0945,8.54,19.842,7.738
16,2,6.8806,8.1155,16.77,5.885
16,2,4.0545,8.1821,17.217,6.1943
16,2,4.2111,8.0966,17.108,6.2061
16,2,5.692,8.2501,17.248,6.1246
16,2,6.2886,8.2832,17.817,6.4154
16,2,3.9536,8.5653,20.455,8.1167
16,2,6.9703,8.1102,16.707,5.8361
16,2,4.9438,8.6399,20.349,7.9356
16,2,6.9754,8.2736,18.281,6.9447
16,2,5.242,8.3349,18.783,7.254
16,2,3.5938,8.3335,18.818,7.2556
16,2,5.233,8.0631,16.941,6.2918
16,2,3.8772,8.8011,20.51,7.5507
16,2,4.5137,8.3504,18.921,7.189
16,2,2.9026,8.3362,18.691,7.045
16,2,4.8532,8.2915,18.905,7.6791
16,2,5.4387,8.4191,19.616,7.9454
16,2,5.3227,8.544,19.205,7.1685
16,2,5.0842,8.4123,18.782,7.0579
16,2,4.8445,8.2878,17.407,6.2628
16,2,5.2287,8.3797,18.555,6.9549
16,2,3.5864,8.8634,21.114,7.9632
16,2,3.1851,8.4881,19.582,7.3837
16,2,5.0858,8.3142,17.921,6.5525
16,2,2.9726,8.332,18.861,7.3929
16,2,5.2383,8.5914,18.905,6.7338
16,2,5.7115,8.4188,19.261,7.499
16,2,5.6088,8.1777,17.66,6.6896
16,2,5.2714,8.3209,17.373,5.7954
16,2,7.259,8.1859,18.372,7.2663
16,2,6.4241,8.4051,18.597,6.9502
16,2,3.6858,8.1692,17.758,6.7149
16,2,4.9355,8.1825,18.675,7.3741
16,2,3.8041,8.4207,18.695,7.0646
16,2,4.0136,8.2374,18.068,6.9478
16,2,5.3947,8.3665,18.847,7.2907
16,2,3.4705,8.0653,17.665,6.7707
16,2,6.011,8.0953,17.044,6.153
16,2,3.9233,7.9374,16.9,6.5467
16,2,6.8213,8.5197,18.72,6.8975
16,2,5.4105,8.5728,19.432,7.2416
16,2,5.4386,8.0526,17.366,6.6617
16,2,4.1928,8.4435,18.838,6.9936
16,2,5.2044,8.2533,17.549,6.3138
16,2,3.5552,8.4171,19.246,7.4714
16,2,4.4777,8.382,19.384,7.6548
16,2,2.5444,8.8913,20.749,7.7046
16,2,2.9543,8.0452,16.639,6.1147
16,2,4.1189,8.4018,19.261,7.4644
16,2,2.9309,8.8617,20.693,7.5704
16,2,6.6312,8.4588,20.003,7.9111
16,2,4.736,8.4731,18.892,7.0479
16,2,4.4638,8.4861,19.205,7.0649
16,2,8.1005,8.1802,17.948,6.8006
16,2,5.5659,8.2291,17.473,6.1548
16,2,4.6566,8.4886,19.853,7.7173
16,2,4.2225,8.1657,17.066,6.1438
16,2,4.1151,8.5991,19.156,7.0324
16,2,3.3285,8.3245,18.396,6.9896
16,2,4.4812,8.1068,16.851,6.0718
16,2,3.0481,8.4827,18.584,6.7022
16,2,4.1487,8.315,17.405,6.1394
16,2,3.8967,8.7358,19.733,7.0398
16,2,6.0052,8.2839,17.818,6.4644
16,2,4.7602,8.1137,17.335,6.4996
16,2,5.0309,8.4322,19.085,7.3809
16,2,6.986,7.9997,16.735,6.2558
16,2,5.3428,8.3238,17.581,6.1051
16,2,4.0477,8.1904,17.869,6.7783
16,2,4.6856,8.2327,17.742,6.6409
16,2,3.7156,8.699,20.298,7.7887
16,2,3.1968,8.6494,20.04,7.7033
16,2,4.562,8.2803,18.352,7.0406
16,2,6.6493,8.3109,17.897,6.7274
16,2,8.2914,8.3239,18.12,6.7689
16,2,6.0802,8.5194,20.532,8.5018
16,2,5.2729,8.4004,18.685,7.0961
16,2,6.8236,8.0703,17.842,6.9153
16,2,3.264,8.4817,19.564,7.4507
16,2,5.8768,8.2664,17.817,6.5479
16,2,3.9565,8.4054,19.062,7.45
16,2,2.9042,8.3263,18.162,6.8298
16,2,4.9749,8.1058,17.711,6.6058
16,2,5.0074,8.4477,18.373,6.6358
16,2,5.086,8.7285,20.076,7.5383
16,2,4.1113,7.9394,16.439,6.1075
16,2,5.387,7.9658,16.625,6.0635
16,2,5.4657,8.5953,19.863,7.6982
16,2,4.8683,8.2437,16.902,5.8439
16,2,3.4746,8.3443,18.488,6.9331
16,2,3.9815,8.3041,18.162,6.7838
16,2,5.2493,8.635,19.449,7.2377
16,2,4.5235,8.486,18.853,7.0579
16,2,4.6272,8.7053,20.715,8.141
16,2,3.8265,8.3939,19.39,7.7357
16,2,3.5455,8.2945,18.173,6.658
16,2,3.1817,8.1548,17.512,6.6322
16,2,6.0685,8.2276,17.987,6.9906
16,2,4.459,8.2017,17.706,6.7245
16,2,6.391,8.4921,19.44,7.4988
16,2,3.7873,7.8992,16.733,6.323
16,2,5.0325,8.3657,18.605,7.0838
16,2,5.2992,8.0951,17.514,6.7224
16,2,5.3097,8.2668,18.308,6.893
16,2,4.7974,8.3248,18.535,6.993
16,2,4.5236,8.0151,15.995,5.4294
16,2,7.8568,8.2157,17.63,6.5635
16,2,2.5073,8.5317,19.566,7.4296
16,2,4.5979,8.1221,17.408,6.4022
16,2,5.6305,8.461,18.977,7.2726
16,2,5.8922,8.5387,19.329,7.3871
16,2,6.5245,8.3072,17.97,6.5186
16,2,6.0583,8.2386,17.876,6.678
16,2,3.512,8.4283,18.371,6.7659
16,2,3.8511,8.4961,19.25,7.4243
16,2,3.9955,8.131,17.526,6.6359
16,2,3.2611,8.5099,20.633,8.4509
16,2,4.5006,8.3778,18.292,6.8312
16,2,5.3678,8.3531,18.108,6.5311
16,2,6.2629,8.088,18.007,7.0394
16,2,4.9154,8.2234,18.489,7.0948
16,2,3.0638,8.3292,17.639,6.4809
16,2,4.9191,8.4437,19.058,7.1356
16,2,3.3839,8.412,19.109,7.207
16,2,4.0574,8.8013,21.369,8.2984
16,2,5.8854,8.7574,20.36,7.5165
16,2,2.9112,8.5028,19.184,7.2269
16,2,4.3265,8.2554,18.242,6.8304
16,2,3.3395,8.4032,18.623,7.0125
16,2,3.1403,8.3546,18.066,6.4137
16,2,3.5641,8.234,17.529,6.2964
16,2,2.3383,8.5517,19.59,7.3437
16,2,4.111,8.012,16.57,6.1156
16,2,3.4316,8.1209,16.938,5.9779
16,2,4.8655,8.1366,17.083,5.9845
16,2,4.4638,8.3962,18.96,7.2648
16,2,4.8931,8.37,18.855,7.3161
16,2,5.091,8.2285,18.116,6.8545
16,2,3.4381,8.2156,17.93,6.8893
16,2,3.3808,8.1943,16.98,5.9252
16,2,4.3475,8.4011,19.05,7.1444
16,2,4.7896,8.2514,18.703,7.3127
16,2,5.8621,8.3794,18.543,6.9154
16,2,5.9875,8.4736,18.649,7.0683
16,2,7.3825,8.2154,17.881,6.7038
16,2,4.248,8.2849,17.938,6.6988
16,2,5.7986,8.3758,19.792,7.7928
16,2,4.7606,8.3991,18.434,6.9654
16,2,2.9694,8.3806,18.174,6.7051
16,2,6.0238,8.4772,18.757,7.0064
16,2,3.7595,8.6403,19.74,7.2881
16,2,3.9682,8.3216,18.853,7.364
16,2,6.2198,8.2403,18.202,6.9552
16,2,5.2354,8.2867,17.468,6.2826
16,2,4.4328,8.674,20.169,7.7643
16,2,4.7375,8.3108,17.848,6.6261
16,2,5.32,8.4019,18.337,6.7045
16,2,4.1417,8.259,17.733,6.7233
16,2,5.4485,8.3783,17.703,6.148
16,2,4.3025,8.2799,16.787,5.5777
16,2,5.5099,8.5592,20.103,7.7822
16,2,3.5319,8.445,18.747,7.0616
16,2,3.39,8.3956,18.183,6.741
16,2,4.2356,8.1052,17.809,7.0303
16,2,4.9502,8.2564,17.483,6.2733
16,2,4.5677,8.3167,17.997,6.7276
16,2,5.4316,8.1747,17.567,6.6309
16,2,2.8869,8.2565,17.611,6.2972
16,2,5.4822,8.0569,18.405,7.46
16,2,3.7078,8.2965,18.824,7.4191
16,2,5.6135,7.8816,15.862,5.5791
16,2,4.8253,8.3802,18.941,7.2714
16,2,6.0668,8.4611,18.303,6.5264
16,2,4.0603,8.1316,16.184,5.5547
16,2,3.8146,8.2397,18.208,6.9659
16,2,4.5158,8.5127,20.168,8.0329
16,2,5.6495,8.3661,17.468,6.0879
16,2,5.0105,8.2383,17.477,6.5494
16,2,4.2319,8.5373,18.584,6.7806
16,2,5.6371,8.1446,17.352,6.3686
16,2,5.5516,8.2039,18.139,7.0141
16,2,5.2507,8.6801,19.783,7.2759
16,2,4.5089,8.2102,17.391,6.2036
16,2,3.3353,8.6401,19.695,7.4223
16,2,3.9302,8.2287,16.274,5.1877
16,2,4.764,8.4492,19.094,7.325
16,2,4.406,8.2893,18.049,6.7152
16,2,3.9771,8.2889,18.042,6.6536
16,2,5.0817,8.5607,20.022,7.7705
16,2,5.3889,8.1844,16.609,5.6108
16,2,5.5774,8.326,18.383,6.8951
16,2,2.8726,8.0663,16.918,6.1185
16,2,2.6796,8.2998,17.173,5.9926
16,2,5.5982,7.8666,16.353,6.0596
16,2,3.1099,8.5293,18.192,6.3983
16,2,3.8268,8.5107,19.246,7.0813
16,2,4.8527,8.5247,19.33,7.3411
16,2,4.1487,8.2543,18.154,6.9153
16,2,3.1135,8.3098,18.533,6.9804
16,2,4.3957,8.3017,18.006,6.4779
16,2,3.2649,8.2421,17.657,6.5218
16,2,4.4702,8.2357,18.3,7.1572
16,2,4.2696,8.2433,17.317,6.2182
16,2,4.4359,8.0645,16.671,5.9962
16,2,2.6696,8.529,19.147,7.3078
16,2,5.2501,8.3813,19.008,7.548
16,2,3.7719,8.2874,18.076,6.7938
16,2,3.2228,8.6123,20.089,7.8521
16,2,3.1154,8.4076,18.892,7.2759
16,2,5.0549,8.4167,18.201,6.5986
16,2,4.1814,8.1942,18.285,7.0877
16,2,4.7198,8.3674,18.708,7.1663
16,2,4.9613,8.5388,19.523,7.4084
16,2,4.873,8.5512,19.889,7.7631
16,2,3.4856,8.3289,17.355,5.9825
16,2,4.7165,8.0989,16.368,5.6226
16,2,4.7733,8.306,17.472,6.015
16,2,3.4229,8.2816,17.53,6.32
16,2,5.6818,8.1531,17.54,6.6648
16,2,4.9404,8.2268,17.702,6.5574
16,2,2.4084,8.3623,18.722,7.0423
16,2,3.4,8.4956,19.351,7.3009
16,2,5.6468,8.1052,17.778,6.7106
16,2,4.7782,8.3067,19.089,7.6094
16,2,5.3638,8.2356,17.224,6.309
16,2,4.5066,8.3831,17.773,6.3968
16,2,4.0771,8.838,21.541,8.3842
16,2,2.9054,8.6284,20.655,8.2751
16,2,4.3865,8.5188,19.159,6.9036
16,2,4.9906,8.0859,17.091,6.4293
16,2,3.7744,8.4897,18.663,6.8238
16,2,4.4009,7.8998,15.98,5.9408
16,2,7.7443,8.3733,18.891,7.3895
16,2,7.2131,8.2869,17.24,5.8243
16,2,5.1543,8.3608,19.253,7.6239
16,2,6.1412,8.2711,18.374,6.9428
16,2,3.7274,8.7134,19.481,7.0027
16,2,6.5767,8.313,18.073,6.5216
16,2,8.0877,8.0261,16.945,6.4049
16,2,5.4794,8.257,18.121,6.6595
16,2,4.9316,8.0431,17.392,6.6363
16,2,6.306,8.0605,16.433,5.9653
16,2,5.9865,8.1305,17.478,6.5982
16,2,4.782,8.0981,17.209,6.5279
16,2,5.31,8.4775,19.392,7.5131
16,2,6.4232,8.3321,19.49,7.8287
16,2,4.3926,8.3885,19.129,7.5825
16,2,3.7226,8.5976,19.877,7.7218
16,2,3.2899,8.1416,17.227,6.4663
16,2,3.0754,8.1061,17.937,7.047
16,2,5.6477,8.558,19.577,7.3943
16,2,3.134,8.4522,19.011,7.0342
16,2,6.6526,8.3561,18.266,6.7796
16,2,5.2619,8.2037,17.381,6.226
16,2,5.1274,8.2881,18.658,7.2149
16,2,4.772,7.9867,16.19,5.7585
16,2,3.4216,8.4936,19.164,7.253
16,2,5.5466,8.6126,19.857,7.676
16,2,3.1244,8.3457,18.398,6.8273
16,2,5.7424,8.2029,18.34,7.123
16,2,5.1347,8.3384,19.221,7.6307
16,2,6.3772,8.3691,18.529,6.9903
16,2,7.0778,8.441,18.408,6.65
16,2,5.1288,8.4964,19.172,7.3616
16,2,5.2561,8.3104,17.446,6.0411
16,2,2.7984,8.7578,20.661,8.0504
16,2,5.2557,8.4453,18.717,6.7311
16,2,4.9912,8.3871,18.47,6.8889
16,2,2.5517,8.2527,17.221,6.1426
16,2,5.3055,8.0839,17.333,6.518
16,2,3.7196,8.2359,18.082,6.9186
16,2,4.22,8.2903,17.342,6.1494
16,2,3.7309,8.74,19.086,6.5062
16,2,3.1788,8.2231,16.605,5.535
16,2,6.0128,8.2733,17.526,6.2942
16,2,5.0769,8.206,18.183,7.1123
16,2,4.8194,8.3907,19.69,7.8348
16,2,3.9339,8.6376,19.912,7.5397
16,2,7.2786,8.2816,17.544,6.2762
16,2,4.5747,8.1922,17.055,6.1765
16,2,4.5603,8.1098,17.232,6.4716
16,2,3.7566,8.0387,17.007,6.307
16,2,4.2424,8.2178,17.61,6.6086
16,2,5.6478,8.4294,18.947,7.245
16,2,5.2364,8.1512,17.67,6.5011
16,2,5.0214,8.5061,19.145,7.1664
16,2,5.6114,8.3279,18.912,7.1484
16,2,3.6787,8.2108,17.101,6.0288
16,2,4.5723,8.9687,21.889,8.4612
16,2,4.9001,8.4747,18.265,6.7108
16,2,4.5553,8.5107,20.242,7.9636
16,2,4.0264,8.5152,19.891,7.8043
16,2,6.5467,8.4277,18.472,6.4416
16,2,4.0065,8.2829,17.94,6.7669
16,2,4.584,7.9827,16.631,6.1478
16,2,5.8333,8.3226,18.225,6.9093
16,2,4.277,8.0988,17.811,6.8418
16,2,5.0741,8.5115,18.44,6.477
16,2,4.3732,8.4157,18.47,6.851
16,2,4.0076,8.2895,17.518,6.0701
16,2,3.1236,8.4638,17.72,6.3111
16,2,4.6298,8.3612,18.532,7.0747
16,2,5.1249,8.3232,18.278,6.8855
16,2,5.523,8.5193,19.312,7.3504
16,2,4.5479,8.4525,18.732,7.017
16,2,5.1209,8.3739,18.824,7.1721
16,2,3.8575,8.3791,18.587,6.922
16,2,6.0828,7.9513,15.382,5.3252
16,2,5.4979,8.7812,20.897,8.0867
16,2,6.3605,8.2118,17.47,6.4249
16,2,4.0473,8.3673,18.663,6.9841
16,2,4.636,8.3848,18.603,7.0097
16,2,4.363,8.6745,20.04,7.5892
16,2,3.91,8.4311,19.007,7.0781
16,2,3.4958,8.0836,17.166,6.5259
16,2,3.1203,8.053,16.098,5.6499
16,2,3.3952,8.079,17.778,6.8401
16,2,5.6675,8.6578,20.379,7.9428
16,2,6.3759,8.1801,17.442,6.6375
16,2,6.8421,8.1515,17.27,6.2365
16,2,3.5599,8.4586,18.804,6.9884
16,2,4.9746,8.3352,18.531,6.8779
16,2,3.6463,8.4542,19.182,7.3928
16,2,3.9296,8.3602,18.913,7.0594
16,2,3.7991,8.5531,19.808,7.526
16,2,5.6794,8.2918,17.717,6.4492
16,2,3.714,8.2917,17.764,6.4073
16,2,4.9794,8.1076,17.518,6.5704
16,2,4.7839,8.54,18.265,6.2238
16,2,5.4029,8.7266,20.233,7.4672
16,2,3.8257,8.1989,17.765,6.6829
16,2,4.1792,8.3304,18.558,7.1643
16,2,6.967,8.331,17.828,6.4857
16,2,4.3691,8.0025,15.45,5.3094
16,2,4.7685,8.5315,18.657,6.9709
16,2,4.6346,8.0684,17.109,6.3748
16,2,4.1868,8.2412,17.814,6.5977
16,2,6.1574,8.1482,17.351,6.4155
16,2,4.6466,8.2764,18.218,6.9186
16,2,4.5728,8.207,17.512,6.5696
16,2,5.3094,8.4705,19.633,7.7415
16,2,6.1341,8.6553,19.911,7.4689
16,2,4.68,8.1908,18.294,7.049
16,2,3.4642,8.324,18.735,7.2507
16,2,5.8221,8.4661,18.8,7.0069
16,2,3.4834,8.4064,18.75,7.1907
16,2,3.5302,8.0189,15.231,5.0355
16,2,4.6289,8.0673,16.1,5.5468
16,2,4.0925,8.0534,16.958,6.302
16,2,4.5057,8.4082,18.563,6.8983
16,2,4.8178,8.3489,18.469,7.1278
16,2,5.3898,8.3905,18.79,7.1536
16,2,5.603,8.2595,18.417,7.1219
16,2,3.3469,8.8482,21.337,8.1283
16,2,6.7454,8.3611,18.512,6.9639
16,2,3.1319,8.2762,18.072,6.8024
16,2,4.5005,8.2379,17.397,6.1755
16,2,6.9176,8.2734,17.707,6.5971
16,2,5.1654,8.169,17.95,6.8504
16,2,6.9365,8.4064,18.146,6.5562
16,2,3.9043,8.588,20.307,7.8795
16,2,4.6211,8.2377,17.897,6.639
16,2,3.8622,8.4474,18.848,7.2634
16,2,5.2622,8.4829,19.486,7.5612
16,2,2.859,8.3261,18.297,6.8603
16,2,3.3293,8.5764,19.582,7.4225
16,2,4.35,8.2464,17.61,6.5069
16,2,4.8447,8.2495,16.947,5.9217
16,2,5.6149,8.175,18.272,7.0691
16,2,5.413,8.1691,18.241,7.168
16,2,5.0962,8.7052,19.814,7.1584
16,2,4.0833,8.3801,18.264,6.7422
16,2,5.2577,8.4692,19.524,7.7069
16,2,5.8021,8.1979,17.691,6.834
16,2,4.2466,8.2984,18.172,6.7461
16,2,7.5844,8.1989,17.457,6.3415
16,2,3.3984,8.4392,19.518,7.4332
16,2,2.4402,8.0834,17.096,6.3317
16,2,3.1361,8.3021,17.883,6.6081
16,2,3.723,8.2438,17.53,6.3088
16,2,5.0524,8.0348,16.439,5.9765
16,2,3.629,8.3183,18.109,6.608
16,2,3.8723,8.1554,18.128,7.0711
16,2,3.8393,8.415,18.827,7.1221
16,2,7.2888,8.2658,17.827,6.4839
16,2,5.2033,8.3576,18.24,6.8283
16,2,3.958,8.259,16.693,5.6986
16,2,5.9444,8.5562,18.55,6.5049
16,2,4.6007,8.2536,17.411,6.3373
16,2,3.5305,8.646,19.911,7.5851
16,2,7.2479,8.248,18.273,7.0404
16,2,5.4216,7.9185,16.091,5.8667
16,2,5.3662,8.4839,19.275,7.1626
16,2,3.0168,8.3726,19.002,7.2335
16,2,4.4454,8.1304,17.1,6.3669
16,2,5.0048,8.1882,17.207,6.0618
16,2,5.7955,8.2729,17.76,6.5663
16,2,5.5343,8.7418,20.099,7.437
16,2,4.6017,8.2492,17.892,6.5639
16,2,4.1116,8.1122,16.94,6.0951
16,2,7.1785,8.4297,18.762,7.057
16,2,4.4449,8.4606,19.184,7.2391
16,2,3.9255,8.5335,19.35,7.3927
16,2,5.0536,8.4546,19.005,7.2588
16,2,4.2493,8.5259,19.35,7.361
16,2,3.2161,8.5599,20.035,7.7225
16,2,5.2611,8.3898,19.018,7.3359
16,2,5.2443,8.3399,17.754,6.4067
16,2,6.764,8.2671,18.545,7.1986
16,2,4.888,8.7009,19.911,7.3912
16,2,4.4593,8.4955,19.178,7.2616
16,2,5.2777,8.2755,19.147,7.6012
16,2,6.2415,8.5556,19.266,7.36
16,2,4.2176,8.7588,20.228,7.3858
16,2,6.0056,8.2497,17.23,6.2228
16,2,5.1536,8.3377,18.397,7.0771
16,2,3.3782,8.384,19.199,7.5156
16,2,4.6103,8.105,16.696,5.8556
16,2,3.7717,8.4636,19.091,7.2679
16,2,3.5617,8.5138,18.735,6.9212
16,2,5.6019,8.3854,17.711,6.0822
16,2,5.4341,8.2957,18.27,7.014
16,2,5.2163,8.2963,18.483,7.0874
16,2,4.2174,8.205,18.028,6.9644
16,2,2.8939,8.6938,20.749,8.155
16,2,3.1102,8.3722,18.693,7.0932
16,2,5.1541,8.264,18.357,7.1024
16,2,5.3661,8.0794,16.306,5.7164
16,2,4.1055,8.0449,16.516,6.0546
16,2,5.7238,8.1903,17.138,6.3191
16,2,4.4286,8.2459,18.578,7.349
16,2,5.3208,8.0852,16.228,5.5548
16,2,4.5802,8.0295,16.271,5.8905
16,2,4.3833,8.2029,18.429,7.2615
16,2,6.5552,7.8372,16.451,6.4191
16,2,6.4697,7.756,15.678,5.6809
16,2,3.734,8.5638,19.463,7.2365
16,2,4.1567,8.0436,16.848,6.0793
16,2,3.7669,8.3713,17.607,6.2132
16,2,5.7225,8.503,18.477,6.7559
16,2,4.0073,8.4213,19.033,7.3362
16,2,4.8707,8.3623,17.651,6.3065
16,2,4.4416,8.2629,18.544,7.0527
16,2,5.4259,7.986,16.097,5.8103
16,2,4.3238,8.2424,17.914,6.625
16,2,3.076,8.4168,19.383,7.5827
16,2,3.2027,8.4564,19.34,7.4066
16,2,6.1356,8.3639,18.06,6.1987
16,2,5.3649,8.2971,18.103,6.7325
16,2,3.7648,8.3214,17.853,6.567
16,2,3.8741,8.1427,17.933,6.9466
16,2,4.6988,8.3631,17.982,6.6537
16,2,3.0018,8.5775,20.056,7.8507
16,2,3.8944,8.433,18.18,6.54
16,2,5.3322,8.319,18.4,6.9206
16,2,8.2049,8.6979,19.827,7.4281
16,2,5.4611,8.2226,16.591,5.7765
16,2,6.122,8.2509,18.288,7.0871
16,2,2.4701,8.1914,16.035,5.3522
16,2,9.3989,8.512,18.096,6.2536
16,2,4.9701,8.7008,19.416,6.9601
16,2,3.6398,8.324,18.923,7.2879
16,2,3.6914,8.2815,18.913,7.5542
16,2,3.5674,8.5288,19.118,7.0836
16,2,5.8646,8.0977,17.236,6.349
16,2,5.2512,8.3142,18.04,6.6269
16,2,5.3948,8.5845,19.163,7.0263
16,2,4.5259,8.0825,17.621,6.8932
16,2,6.5988,8.6263,19.27,7.0703
16,2,4.1273,8.7789,20.672,8.024
16,2,4.8405,8.4829,19.007,7.1355
16,2,2.9427,8.4952,18.693,6.7048
16,2,3.6672,8.1929,16.69,6.015
16,2,3.6449,8.2701,18.382,7.1549
16,2,7.3666,8.2363,18.138,6.9812
16,2,4.1661,8.4996,19.412,7.3767
16,2,4.0981,8.2477,17.717,6.554
16,2,4.452,8.3638,18.6,7.1103
16,2,5.4294,8.197,17.916,6.7656
16,2,3.3103,8.0522,16.943,6.2379
16,2,4.9891,8.4199,19.065,7.1842
16,2,5.4895,8.3476,17.76,6.2324
16,2,6.309,8.5432,19.403,7.3717
16,2,8.4798,8.4457,19.026,7.1363
16,2,5.2879,8.4773,19.313,7.4787
16,2,2.2377,8.2796,18.863,7.3702
16,2,4.104,8.7792,20.058,7.3288
16,2,4.4446,8.4157,18.58,6.7366
16,2,7.4167,8.3484,19.054,7.3318
16,2,5.6377,7.9565,16.238,5.7772
16,2,3.0432,8.3049,17.776,6.5181
16,2,5.8245,8.4163,19.15,7.4013
16,2,5.482,8.012,16.612,5.8983
16,2,5.4548,8.3014,18.809,7.2776
16,2,7.8757,8.4406,18.638,6.9667
16,2,2.5192,8.3057,18.065,6.6175
16,2,5.5516,7.986,16.73,6.3805
16,2,3.8858,8.3799,19.18,7.6875
16,2,3.505,8.4367,18.25,6.5449
16,2,2.5674,8.371,17.838,6.2369
16,2,4.9243,8.0078,16.03,5.5943
16,2,5.0968,8.5017,19.053,7.2029
16,2,4.7942,8.2182,18.449,7.3947
16,2,4.3551,8.5527,19.653,7.6933
16,2,5.0769,8.7231,20.12,7.214
16,2,5.5023,7.9742,16.601,6.2292
16,2,3.4552,8.4647,19.247,7.3848
16,2,7.4258,8.0073,17.045,6.3917
16,2,3.5323,8.1237,17.758,6.8705
16,2,3.7573,8.0903,17.651,6.799
16,2,5.4673,8.2876,17.919,6.5442
16,2,4.0061,8.0965,17.004,6.2166
16,2,4.876,8.2906,18.124,6.6523
16,2,4.9879,8.6062,20.179,7.9811
16,2,3.4036,8.2371,18.139,6.8551
16,2,4.1258,8.4128,18.683,6.6747
16,2,3.3118,8.1023,17.545,6.6434
16,2,6.0026,8.2116,16.899,5.9692
16,2,4.0456,8.3243,17.643,6.4127
16,2,3.7593,8.2298,18.237,7.0755
16,2,7.0662,8.2947,18.391,6.8563
16,2,3.9558,8.4697,19.317,7.515
16,2,5.0587,8.5407,18.663,6.6135
16,2,5.1479,8.6772,19.806,7.4639
16,2,5.8198,8.4119,18.206,6.6129
16,2,3.1569,8.5362,19.887,7.5331
16,2,3.7825,8.3111,18.511,7.1926
16,2,3.7566,8.2983,17.947,6.626
16,2,6.0775,8.3471,18.751,7.2425
16,2,6.9898,8.4448,18.398,6.7553
16,2,5.9133,8.2138,17.705,6.5108
16,2,4.4261,8.1785,17.662,6.7086
16,2,8.1983,8.5789,20.4,8.1394
16,2,4.8933,7.9693,16.886,6.3217
16,2,3.8627,8.0615,17.173,6.6126
16,2,4.0179,8.0142,16.541,6.0923
16,2,4.439,8.265,18.622,7.0905
16,2,4.7273,8.1033,16.945,6.1855
16,2,5.9823,8.6687,20.193,7.8215
16,2,6.2986,8.348,19.527,7.7863
16,2,3.1336,8.3532,18.605,7.0668
16,2,5.4939,8.2983,17.657,6.4185
16,2,7.4111,8.4099,19.18,7.4503
16,2,8.0348,8.6935,20.378,7.4737
16,2,3.8706,8.2699,17.733,6.4975
16,2,4.4234,8.2682,17.131,6.0839
16,2,4.4884,8.4307,18.719,7.1489
16,2,4.0844,8.5857,19.977,7.7631
16,2,2.8144,8.6687,19.65,7.2702
16,2,6.136,8.25,17.721,6.5806
16,2,5.2715,8.5839,19.999,7.6238
16,2,6.3786,8.0383,17.005,6.3164
16,2,2.2428,8.3964,19.169,7.4122
16,2,4.5734,8.4081,18.287,6.8027
16,2,5.8202,8.587,20.589,8.1226
16,2,5.171,8.3917,19.12,7.3585
16,2,5.3831,8.0755,17.454,6.7857
16,2,4.558,8.0581,17.149,6.4769
16,2,4.7901,8.2652,18.452,7.1194
16,2,2.6087,7.996,16.994,6.3248
16,2,5.8755,8.0754,17.016,6.3974
16,2,5.2737,8.3688,18.654,7.0544
16,2,7.2269,8.0807,17.746,7.0446
16,2,3.345,8.4444,19.529,7.5951
16,2,3.3823,8.6087,20.237,7.7956
16,2,3.183,8.5024,19.068,7.1676
16,2,4.8978,8.2234,16.928,6.053
16,2,5.8064,7.8593,16.634,6.5161
16,2,5.8107,8.1122,17.168,6.4215
16,2,2.807,8.5731,19.655,7.515
16,2,6.0266,7.9168,16.41,6.1722
16,2,6.2566,8.1697,18.047,6.9571
16,2,5.0209,8.0326,16.5,5.6036
16,2,3.4715,8.3167,18.773,7.2187
16,2,6.3497,8.5807,19.684,7.4533
16,2,4.3568,8.2995,18.256,6.952
16,2,7.0027,8.4829,19.938,7.9487
16,2,3.1567,8.3058,18.387,6.939
16,2,3.1575,8.4414,19.086,7.3547
16,2,2.5678,8.4709,19.357,7.4297
16,2,5.2883,8.2882,18.302,7.0559
16,2,3.7805,8.4682,18.773,7.0396
16,2,3.6655,8.2921,18.384,6.9981
16,2,5.6571,8.0715,16.598,5.6964
16,2,5.295,8.4885,19.292,7.3965
16,2,5.2509,8.3285,18.08,6.6523
16,2,3.496,8.2961,18.674,7.2832
16,2,3.5164,8.5068,18.878,7.0298
16,2,5.6732,8.3346,19.432,7.8898
16,2,6.4609,8.2961,17.95,6.6472
16,2,4.9696,8.4131,18.777,7.102
16,2,3.158,8.7755,21.467,8.5551
16,2,6.0673,8.302,18.13,6.7081
16,2,4.8189,8.2698,18.335,7.047
16,2,4.7213,8.1645,16.462,5.5588
16,2,3.475,8.4866,18.914,7.2186
16,2,4.2453,8.0795,17.704,6.7873
16,2,5.2485,8.3655,18.73,7.2797
16,2,4.8516,8.7524,19.335,6.9465
16,2,6.3327,8.0492,17.024,6.3634
16,2,2.8039,8.4317,17.806,6.1338
16,2,2.3248,8.1677,16.921,5.9114
16,2,3.5556,8.4998,19.291,7.0664
16,2,6.4055,8.2039,18.082,6.8773
16,2,6.7526,7.9989,16.348,5.5436
16,2,4.5495,7.9929,16.938,6.462
16,2,3.5144,8.2136,17.299,6.3797
16,2,5.8803,8.0193,16.243,5.5227
16,2,2.3507,7.9968,17.067,6.4317
16,2,5.7883,8.3907,18.451,6.721
16,2,3.7579,8.263,17.412,6.3338
16,2,4.1225,8.3263,18.12,6.5013
16,2,4.9804,8.0904,16.94,6.2524
16,2,5.4909,8.3307,17.503,6.0752
16,2,3.5353,8.0311,16.964,6.4146
16,2,5.329,8.3312,18.335,6.8057
16,2,4.3243,8.2486,16.8,5.3301
16,2,4.6484,8.2902,17.151,5.7545
16,2,3.5954,8.3599,17.127,5.7948
16,2,3.6229,8.0305,17.281,6.5404
16,2,5.1863,8.363,18.13,6.6429
16,2,5.8131,8.3321,19.081,7.4053
16,2,2.2196,8.4802,17.903,6.181
16,2,3.5446,8.318,17.79,6.5249
16,2,5.0191,8.3466,18.924,7.2551
16,2,3.2185,8.597,19.833,7.6008
16,2,6.6881,8.1678,17.14,6.2456
16,2,5.9195,8.5852,20.16,7.8792
16,2,5.524,8.3911,18.184,6.5123
16,2,4.8874,8.4756,18.829,6.9655
16,3,4.8114,9.9602,27.37,10.902
16,3,4.1361,10.017,27.678,10.929
16,3,6.5208,9.8371,25.943,9.9036
16,3,6.0486,10.151,28.914,11.694
16,3,5.3387,9.5436,24.382,9.4323
16,3,5.3753,9.9409,27.46,10.772
16,3,4.97,9.4086,24.88,9.9574
16,3,3.3453,9.7835,25.351,9.4888
16,3,5.4863,9.7368,25.272,9.2138
16,3,4.7678,9.6535,23.916,8.5036
16,3,3.8379,9.8773,27.055,10.799
16,3,5.0157,9.6795,25.613,9.873
16,3,6.9946,9.756,25.611,9.9402
16,3,5.1001,9.5336,25.289,10.223
16,3,4.474,9.7995,26.573,10.213
16,3,5.4766,9.6258,25.546,9.7775
16,3,5.6337,9.8771,26.711,10.56
16,3,6.2281,9.7653,25.271,9.496
16,3,3.7891,9.7698,26.327,10.309
16,3,5.2806,9.6145,25.173,9.9262
16,3,5.4891,9.9923,27.534,10.81
16,3,4.2901,9.6586,25.926,10.348
16,3,4.6243,9.76,26.325,10.29
16,3,5.7961,9.4926,24.078,9.1147
16,3,6.7773,9.6796,25.125,9.7493
16,3,4.9147,9.8568,26.993,10.701
16,3,5.4719,10.029,27.916,11.071
16,3,4.1392,9.6455,26.076,10.42
16,3,6.4359,9.8999,26.203,9.7852
16,3,4.4298,9.943,28.268,11.47
16,3,5.6738,9.98,27.678,10.856
16,3,4.0803,9.766,26.663,10.688
16,3,5.7883,9.9442,27.492,10.951
16,3,6.9987,9.642,26.379,10.628
16,3,5.665,9.8746,26.367,10.106
16,3,6.0889,9.7798,26.998,10.643
16,3,5.2878,9.6227,25.755,10.102
16,3,6.9426,9.6294,25.92,10.48
16,3,4.9945,9.7756,25.128,9.294
16,3,3.7446,9.5766,25.627,10.293
16,3,3.6973,9.66,24.235,8.9018
16,3,6.8253,9.6862,25.978,10.187
16,3,6.4417,9.3546,23.85,9.2762
16,3,5.9425,9.6803,24.602,8.9041
16,3,4.0948,10.286,30.653,12.642
16,3,5.1218,9.8672,25.418,9.0942
16,3,4.6457,9.8989,27.364,11.149
16,3,4.1589,10.057,27.646,10.632
16,3,3.7038,9.8232,26.435,10.288
16,3,5.2366,9.4346,23.579,8.6624
16,3,5.8439,9.623,24.531,9.1973
16,3,5.8329,9.6539,24.8,9.3311
16,3,4.4738,9.6411,25.23,9.4961
16,3,5.7782,9.7568,26.463,10.512
16,3,5.0665,9.3419,23.787,9.2514
16,3,5.637,9.5766,24.21,9.0394
16,3,7.5505,9.5614,24.926,9.5919
16,3,5.3321,9.98,26.753,9.8122
16,3,4.9384,9.6609,24.822,9.4769
16,3,6.2028,9.8237,26.319,10.285
16,3,6.2686,9.8799,25.897,10.008
16,3,5.3222,9.5751,24.462,9.4592
16,3,3.3341,9.4541,22.759,8.1573
16,3,6.9735,9.8495,26.509,10.279
16,3,5.0167,9.7826,25.825,10.06
16,3,4.5768,9.5447,24.457,9.2321
16,3,7.0175,9.6729,25.483,9.7776
16,3,3.1599,10.031,28.067,11.121
16,3,5.6235,9.8187,26.578,10.213
16,3,4.3952,9.7059,24.503,8.7577
16,3,3.013,10.477,31.044,12.444
16,3,6.7073,9.8694,26.726,10.239
16,3,5.7066,9.5245,24.043,8.9515
16,3,7.8935,9.7602,25.942,10.18
16,3,4.6015,9.8419,26.784,10.668
16,3,5.4801,9.7072,24.386,8.8266
16,3,7.1389,9.8227,26.538,10.441
16,3,4.7486,9.6213,24.855,9.3046
16,3,4.6128,10.095,26.333,9.3942
16,3,4.5152,9.6933,25.673,10.162
16,3,4.6733,9.8962,27.088,10.578
16,3,5.2663,9.8744,25.567,8.9698
16,3,5.498,9.9547,27.29,10.86
16,3,6.8567,9.7059,26.158,10.36
16,3,5.0656,9.9182,26.809,10.3
16,3,5.1845,9.7694,25.639,9.8028
16,3,4.3033,9.8276,26.392,10.285
16,3,4.3647,9.991,27.746,11.14
16,3,6.1259,9.4267,24.56,9.6048
16,3,7.6348,9.7615,26.797,10.759
16,3,6.6935,9.8173,26.798,10.837
16,3,6.0438,9.995,27.485,10.821
16,3,5.6192,9.4242,23.063,8.6337
16,3,4.4854,9.8975,26.657,10.41
16,3,7.0535,9.4632,24.552,9.5921
16,3,5.1786,9.4172,23.837,9.0828
16,3,6.4086,9.9296,27.974,11.408
16,3,3.8936,9.831,24.468,8.5781
16,3,4.2683,9.8319,27.118,11.069
16,3,8.2381,9.6724,23.39,8.0456
16,3,2.8708,9.9172,27.523,11.04
16,3,5.3068,9.8298,25.408,9.6479
16,3,5.8534,9.9182,27.184,10.993
16,3,3.4303,9.829,24.988,9.0673
16,3,4.2277,10.232,29.787,12.03
16,3,3.6227,10.038,26.668,10.018
16,3,4.905,9.6766,25.855,10.378
16,3,5.6205,9.6333,25.282,9.565
16,3,4.9337,9.7122,25.694,10.036
16,3,4.2498,9.878,26.052,10.016
16,3,6.3024,9.566,25.29,9.8537
16,3,4.1371,9.8778,26.275,10.01
16,3,4.6619,10.019,27.275,10.331
16,3,5.4582,9.9036,26.797,10.397
16,3,4.8349,9.5663,25.84,10.572
16,3,3.2329,10.087,27.969,10.87
16,3,4.0392,10.055,27.419,10.385
16,3,6.0411,9.6894,24.943,9.4509
16,3,4.5359,9.8531,26.75,10.554
16,3,5.0219,9.8923,26.781,10.432
16,3,4.8983,10.099,26.926,9.5269
16,3,4.7407,9.9841,27.052,10.19
16,3,3.394,9.7322,26.038,10.141
16,3,4.2602,9.3644,23.576,8.7399
16,3,4.7256,10.064,28.392,11.358
16,3,4.3849,9.6639,25.593,9.7667
16,3,7.0264,9.3737,24.231,9.3312
16,3,4.674,9.8398,25.077,8.9296
16,3,5.2938,9.7516,25.941,10.105
16,3,3.3158,10.252,28.57,10.919
16,3,6.0441,9.5465,24.326,9.1092
16,3,5.1034,9.9358,27.939,11.148
16,3,6.1802,9.6957,25.826,9.9151
16,3,6.5661,9.9894,27.431,10.629
16,3,4.6654,9.762,25.653,9.7775
16,3,5.0858,9.4777,24.282,9.4094
16,3,5.3618,9.7541,25.935,10.116
16,3,6.2066,9.4566,25.446,10.198
16,3,5.8934,9.336,23.259,8.9137
16,3,4.2375,9.5357,25.175,9.9743
16,3,3.5259,9.7125,26.256,10.398
16,3,4.8026,9.9445,27.319,10.613
16,3,6.5446,9.85,26.73,10.592
16,3,5.7081,10.069,27.378,10.554
16,3,6.9339,9.6896,25.356,9.744
16,3,3.028,9.8944,27.537,10.925
16,3,4.0107,9.7832,25.144,8.8073
16,3,6.0681,9.8224,26.825,10.681
16,3,5.0715,9.6103,24.517,9.093
16,3,6.2505,9.3037,23.391,9.0702
16,3,3.826,9.866,26.739,10.521
16,3,5.599,9.9017,27.337,10.989
16,3,4.568,9.8186,25.545,9.8262
16,3,6.6379,9.583,24.862,9.6661
16,3,4.6046,9.9009,25.627,9.0809
16,3,6.6462,9.9011,27.179,10.8
16,3,4.4703,9.7009,24.452,8.8278
16,3,6.9227,9.7107,25.901,10.088
16,3,4.242,10.037,28.665,11.69
16,3,5.1571,9.6139,23.024,7.933
16,3,4.6979,9.9029,27.338,10.873
16,3,2.8526,10.154,28.55,11.242
16,3,3.7141,9.721,25.032,9.3639
16,3,5.6453,9.8911,27.288,10.733
16,3,5.6237,9.9541,27.476,10.793
16,3,5.6966,9.8291,25.922,9.6565
16,3,4.6882,9.5319,24.168,9.1037
16,3,5.7692,9.724,26.378,10.479
16,3,4.9581,9.6541,25.272,9.658
16,3,4.3782,9.7804,25.97,10.267
16,3,3.0099,9.7888,26.001,9.9205
16,3,3.0024,9.7221,25.651,9.6167
16,3,5.8816,9.5648,24.739,9.349
16,3,5.0831,9.4981,23.873,8.9221
16,3,4.7998,9.8161,25.569,9.7001
16,3,6.2106,9.7865,26.273,10.124
16,3,6.836,9.7662,26.464,10.322
16,3,3.7012,9.5841,24.097,8.9665
16,3,4.7696,9.7195,25.19,8.8638
16,3,5.6317,9.8386,25.461,9.4196
16,3,3.9487,9.8566,27.765,11.254
16,3,7.0864,9.818,26.07,9.8955
16,3,6.8775,9.7067,26.335,10.483
16,3,4.0732,9.6011,24.269,9.0751
16,3,5.9278,9.7635,27,11.086
16,3,3.516,9.5275,24.179,9.0703
16,3,6.7069,9.4495,23.43,8.8221
16,3,7.1544,9.3028,22.935,8.2289
16,3,4.1785,9.5467,23.497,8.4271
16,3,6.1423,9.8504,28.044,11.47
16,3,5.0942,9.7628,25.884,10.045
16,3,4.8715,9.7174,25.823,9.9719
16,3,4.576,9.7767,26.343,10.374
16,3,6.6,9.5361,24.566,9.4707
16,3,3.447,9.6967,25.542,9.6342
16,3,6.239,9.6873,24.961,9.5543
16,3,6.7231,9.2592,23.056,8.661
16,3,3.6379,9.4853,24.491,9.3497
16,3,5.3009,9.8412,26.672,10.411
16,3,4.0144,9.9152,27.772,11.239
16,3,5.2287,9.9673,27.249,10.791
16,3,5.5926,9.844,25.514,9.6224
16,3,3.7696,9.8249,26.054,9.9743
16,3,6.0283,9.6521,23.369,8.1116
16,3,7.0417,9.7699,26.541,10.664
16,3,5.1092,9.9122,25.965,9.6689
16,3,5.2445,9.6806,24.279,9.0565
16,3,5.1321,9.9839,27.199,10.56
16,3,4.0317,10.039,28.273,11.283
16,3,4.8957,9.3774,23.411,8.4927
16,3,7.5504,9.6014,24.489,8.8914
16,3,3.9534,9.7443,26.29,10.213
16,3,7.0256,9.5749,25.841,10.457
16,3,3.8018,9.8818,26.455,10.186
16,3,4.0027,9.9256,27.051,10.868
16,3,4.2638,10.104,29.029,11.854
16,3,4.8981,9.8282,26.521,10.552
16,3,3.6465,10.078,27.308,10.399
16,3,5.8339,9.3719,24.209,9.6012
16,3,4.2983,9.742,25.328,9.5313
16,3,4.2804,10.044,27.688,10.745
16,3,3.6349,9.8317,25.155,9.2875
16,3,5.7147,10.02,28.49,11.687
16,3,5.9999,9.9094,27.891,11.469
16,3,2.5725,9.4423,23.562,8.7161
16,3,5.804,9.6699,26.144,10.483
16,3,6.3371,9.8662,26.321,10.101
16,3,6.0343,9.7995,26.39,10.405
16,3,5.6817,9.7765,25.714,9.9037
16,3,6.0645,9.7973,26.853,10.778
16,3,7.4088,9.5545,24.669,9.39
16,3,3.909,9.5774,25.776,10.236
16,3,4.7176,10.146,27.83,10.447
16,3,4.977,9.6687,25.821,10.085
16,3,4.7249,9.7857,26.379,10.202
16,3,6.456,9.8089,26.095,9.896
16,3,4.82,9.7302,25.413,9.9005
16,3,6.0763,9.8646,26.439,10.233
16,3,4.262,9.7073,26.352,10.577
16,3,6.9592,10.294,28.663,10.906
16,3,5.5487,9.9292,26.832,10.255
16,3,4.0451,9.5798,25.264,9.8255
16,3,6.3002,9.8178,25.596,9.6157
16,3,6.2176,9.8125,26.529,10.434
16,3,5.241,9.9178,26.086,9.7613
16,3,6.4599,9.8666,25.944,9.567
16,3,5.0177,10.115,28.08,10.847
16,3,4.0766,9.7355,25.487,9.6248
16,3,5.8444,9.6255,24.753,9.6221
16,3,5.3721,9.9441,26.528,10.168
16,3,5.0557,9.9104,26.758,10.448
16,3,4.7401,9.8435,27.601,11.271
16,3,6.6042,9.54,24.757,9.3995
16,3,6.6371,9.4415,24.498,9.6735
16,3,5.7816,9.4285,24.956,9.9224
16,3,4.2927,10.007,28.442,11.456
16,3,5.531,9.9326,27.543,10.793
16,3,3.6995,9.9222,25.816,9.6298
16,3,3.7709,9.7223,26.483,10.534
16,3,5.2914,9.8748,26.587,10.218
16,3,3.6122,10.154,28.618,11.307
16,3,5.5471,9.9161,26.655,10.325
16,3,7.8321,9.7201,25.392,9.5624
16,3,5.1607,9.5313,24.712,9.4189
16,3,4.5488,9.6796,26.303,10.615
16,3,4.5815,9.7767,25.469,9.8207
16,3,3.758,9.6907,25.144,9.2028
16,3,4.9768,10.092,27.243,9.7086
16,3,6.4609,9.3604,24.502,9.7501
16,3,4.0465,9.5411,24.107,8.9935
16,3,5.3305,9.5317,25.328,10.187
16,3,5.2247,9.467,25.035,10.09
16,3,6.0865,9.4178,24.643,9.8193
16,3,6.4106,9.7122,26.4,10.603
16,3,4.4321,9.7611,25.243,9.4498
16,3,5.2368,10.186,28.261,10.664
16,3,6.3862,9.3399,24.305,9.665
16,3,5.452,10.237,29.161,11.509
16,3,5.0324,9.7019,25.344,9.541
16,3,4.4039,9.8753,26.869,10.606
16,3,6.2059,9.6944,26.028,10.277
16,3,4.6151,9.7878,26.259,10.306
16,3,6.41,9.8372,28.024,11.462
16,3,4.4856,10.108,28.047,11.045
16,3,5.9999,9.8881,26.158,9.9424
16,3,4.4451,10.009,27.468,10.847
16,3,6.4237,9.7792,25.027,9.0852
16,3,5.8576,9.8879,26.119,9.4611
16,3,4.1315,9.7222,25.952,10.301
16,3,5.0789,9.784,25.311,9.354
16,3,6.1309,9.7677,26.359,10.327
16,3,6.2589,9.6559,25.33,9.6635
16,3,5.1678,9.6668,25.281,9.6942
16,3,4.4605,10.002,26.772,10.343
16,3,5.7796,9.8433,27.373,11.215
16,3,4.447,9.8946,27.378,10.871
16,3,7.3728,9.7643,25.885,9.7542
16,3,5.0442,9.6665,27.163,11.304
16,3,4.2731,10.076,28.922,11.734
16,3,5.7203,9.9229,27.494,11.014
16,3,4.0583,9.1704,22.981,9.0011
16,3,5.5941,9.8174,25.338,9.5024
16,3,7.4098,9.7953,26.173,10.271
16,3,3.9332,9.5466,24.871,9.5988
16,3,4.4768,9.4117,23.617,8.3486
16,3,6.093,9.6508,26.284,10.538
16,3,4.893,10.037,27.372,10.558
16,3,3.2377,9.567,25.192,9.9298
16,3,4.3908,9.42,25.192,10.34
16,3,7.7566,9.9101,26.416,10.168
16,3,6.4312,9.3834,24.868,10.009
16,3,4.8509,9.899,27.415,10.993
16,3,6.166,9.3565,24.256,9.6331
16,3,7.9751,10.105,27.745,10.764
16,3,5.2173,10.014,28.189,11.219
16,3,4.456,10.083,26.988,10.013
16,3,5.2761,9.9803,26.814,10.299
16,3,6.0471,10.054,29.488,12.184
16,3,6.9437,9.3552,23.551,8.7702
16,3,7.3498,9.4724,23.923,9.0944
16,3,4.7073,9.7288,24.805,8.6622
16,3,6.3495,10.051,28.48,11.67
16,3,4.8554,10.09,27.523,10.547
16,3,5.8507,9.8767,27.261,10.953
16,3,4.9355,9.9789,27.968,11.384
16,3,4.615,9.6159,25.253,9.973
16,3,6.8332,9.783,25.67,9.7102
16,3,5.8577,9.8792,27.821,11.254
16,3,4.2238,9.4445,25.246,10.123
16,3,4.1259,9.6915,25.68,9.7431
16,3,4.2751,10.077,26.608,9.8828
16,3,5.9622,9.6394,24.802,9.3323
16,3,3.6576,9.5846,24.489,9.2332
16,3,6.0187,9.6493,26.372,10.794
16,3,4.4429,9.7477,25.324,9.5619
16,3,5.6026,9.9563,26.71,10.19
16,3,4.5116,9.6594,25.082,9.3925
16,3,5.7148,9.7981,27.29,11.157
16,3,4.5777,9.8261,26.761,10.565
16,3,4.9832,9.3808,23.555,9.005
16,3,4.7787,9.7088,25.972,10.33
16,3,6.8026,9.8602,24.941,8.6403
16,3,4.8007,9.9333,26.868,10.383
16,3,5.5003,9.6461,25.942,10.312
16,3,4.7017,9.653,24.242,8.7214
16,3,6.8572,9.801,26.485,10.584
16,3,5.7458,9.7719,26.525,10.36
16,3,6.3562,9.4009,23.631,8.8885
16,3,7.0527,10.021,28.555,11.48
16,3,6.0309,9.5955,25.009,9.676
16,3,4.4373,9.497,25.534,10.272
16,3,4.5262,10.095,27.821,10.762
16,3,5.3275,10.043,26.978,10.213
16,3,4.2529,9.8123,26.905,10.605
16,3,5.9224,9.643,25.211,9.6209
16,3,5.036,9.7478,25.159,9.5918
16,3,4.9543,9.9947,27.771,10.832
16,3,3.2905,10.098,28.182,10.986
16,3,5.9089,9.8461,25.142,9.1023
16,3,3.6654,9.6434,24.154,8.9082
16,3,5.304,10.209,28.696,11.241
16,3,4.3636,9.7474,25.989,10.338
16,3,7.2123,9.7308,26.261,10.141
16,3,5.9913,9.6115,24.748,9.4818
16,3,5.5554,9.8469,27.656,11.132
16,3,2.8415,9.7638,26.58,10.703
16,3,4.0284,9.801,26.19,10.27
16,3,5.9758,9.7611,26.297,10.379
16,3,6.0193,9.9551,28.017,11.359
16,3,3.8574,9.9859,27.123,10.591
16,3,6.5409,9.1916,23.141,8.9258
16,3,8.7225,9.8847,26.336,10.047
16,3,4.7624,9.6119,24.653,9.1379
16,3,8.3445,9.642,24.95,9.2406
16,3,4.4097,9.576,24.649,9.5589
16,3,7.4911,9.5008,23.948,8.9529
16,3,5.3462,9.8622,26.982,10.704
16,3,6.7878,9.7303,27.315,11.507
16,3,6.0571,9.8874,26.341,9.9351
16,3,6.0901,9.8227,26.814,10.538
16,3,4.8698,9.7265,25.873,10.296
16,3,4.4219,10.065,28.068,11.11
16,3,6.101,10.016,27.114,10.531
16,3,5.7079,9.4472,23.718,8.6559
16,3,4.4014,9.8647,26.481,10.023
16,3,5.4999,9.5526,25.294,9.887
16,3,6.5302,9.4966,24.015,9.1556
16,3,7.1661,9.9249,25.356,9.1195
16,3,5.3246,10.172,27.474,10.261
16,3,6.1933,9.6733,26.042,10.512
16,3,4.2136,9.8695,26.784,10.496
16,3,4.5679,9.9094,26.133,9.6822
16,3,5.8,9.7607,26.267,10.23
16,3,6.9193,9.8189,26.549,10.489
16,3,4.3834,9.8062,26.02,9.9396
16,3,5.0224,9.8683,27.33,10.915
16,3,4.1993,9.5149,23.813,8.8631
16,3,4.3974,10.151,26.745,9.884
16,3,4.3663,9.4046,24.137,9.1183
16,3,3.1909,10.371,29.52,11.653
16,3,4.6791,9.5778,24.927,9.669
16,3,4.6177,9.9735,27.458,10.836
16,3,4.1711,9.8719,27.251,10.827
16,3,6.3689,9.9037,26.461,9.8485
16,3,5.6258,9.8465,27.021,10.649
16,3,3.7959,9.6917,23.918,8.5235
16,3,5.5399,9.8156,26.952,10.836
16,3,5.386,9.75,25.081,9.34
16,3,5.4886,9.8369,27.563,11.284
16,3,4.0313,9.6607,26.245,10.602
16,3,6.4647,9.6214,24.58,9.2204
16,3,5.1616,9.898,26.843,10.365
16,3,5.5628,9.917,27.769,11.254
16,3,3.9783,9.7453,27.27,11.244
16,3,5.0703,9.5441,25.1,9.7368
16,3,4.8826,9.9344,26.654,10.305
16,3,2.8544,9.7911,27.082,10.873
16,3,4.5946,9.5588,24.323,8.99
16,3,4.1451,9.8814,26.981,10.562
16,3,5.1181,9.7987,25.196,9.3503
16,3,6.1275,9.8058,25.581,9.4762
16,3,5.2552,9.8675,26.501,10.351
16,3,5.3572,9.616,25.794,10.476
16,3,6.814,10.184,30.318,12.667
16,3,4.0424,9.7399,24.459,8.7948
16,3,5.61,9.6135,24.938,9.5901
16,3,3.2441,9.4996,23.993,9.0659
16,3,4.7576,9.6816,25.92,10.377
16,3,4.5023,9.7355,26.215,10.548
16,3,7.6831,9.0653,22.529,8.6038
16,3,5.2762,9.25,22.796,8.6851
16,3,3.7304,9.8204,25.453,9.5486
16,3,5.8319,9.2976,23.115,8.9347
16,3,7.2576,9.9301,27.571,10.831
16,3,3.2623,9.8752,25.604,9.7005
16,3,5.1025,9.948,27.889,11.193
16,3,4.2979,10.273,29.321,11.289
16,3,4.656,9.8101,25.797,9.7207
16,3,4.6926,10.015,26.551,10.036
16,3,5.6416,9.4471,23.692,8.9873
16,3,3.6444,9.9762,26.886,10.413
16,3,4.0168,9.7108,25.855,10.163
16,3,4.0381,9.8334,26.503,10.175
16,3,5.7463,9.6508,26.449,10.67
16,3,5.2092,9.7378,26.006,10.266
16,3,4.3196,10.165,29.018,11.702
16,3,6.2826,9.6531,24.894,9.5072
16,3,3.2759,9.6739,23.632,8.0649
16,3,3.5936,9.7761,26.106,10.048
16,3,5.8972,9.7574,25.596,9.5818
16,3,7.2286,9.6967,24.333,8.7024
16,3,4.7149,9.8276,27.419,11.153
16,3,3.5809,9.8647,27.3,10.737
16,3,3.9517,9.7336,24.96,9.2609
16,3,3.7165,9.9012,25.773,9.416
16,3,4.3806,9.5017,24.736,9.5026
16,3,4.9953,9.9099,26.872,10.302
16,3,6.7766,10.024,27.005,10.302
16,3,6.0401,9.4389,23.49,8.7907
16,3,6.3642,9.5376,25.414,10.107
16,3,4.0773,9.3861,22.826,8.2603
16,3,8.2683,9.579,24.985,9.6397
16,3,4.3287,9.5982,25.06,9.6612
16,3,4.1285,10.19,28.562,11.116
16,3,5.9352,9.6636,25.509,9.9942
16,3,5.2456,9.3818,23.976,9.2569
16,3,4.8225,9.8815,26.264,10.039
16,3,5.2387,9.7258,27.344,11.058
16,3,6.8074,9.7687,26.052,9.9084
16,3,4.7839,9.5458,25.73,10.392
16,3,3.4774,10.235,27.989,10.596
16,3,5.8231,9.9979,26.282,9.4974
16,3,5.4504,9.4792,23.893,9.1987
16,3,5.3814,9.5569,24.944,9.9008
16,3,6.1584,9.8799,27.024,10.583
16,3,6.6908,9.7094,25.445,9.7156
16,3,3.3624,10.115,26.485,9.6615
16,3,5.8628,9.8921,25.842,9.2958
16,3,6.3447,9.4499,25.112,10.103
16,3,4.3691,9.8789,26.575,10.306
16,3,2.8104,10.221,28.398,11.128
16,3,6.5578,9.7277,25.959,10.366
16,3,4,9.69,25.135,9.4437
16,3,7.6738,9.8085,25.824,9.599
16,3,5.279,9.9148,26.549,10.038
16,3,3.1932,10.064,27.458,10.62
16,3,6.4777,9.6995,25.669,10.012
16,3,3.4539,9.9548,26.844,10.338
16,3,4.5816,9.9493,26.898,10.527
16,3,5.6328,9.8527,27.578,11.146
16,3,7.1854,10.176,28.062,10.818
16,3,4.7858,9.9734,28.062,11.215
16,3,3.9154,9.8715,27.692,11.241
16,3,6.2634,9.8424,27.44,11.279
16,3,4.6629,10.1,27.913,11.097
16,3,3.357,9.7494,25.299,9.6218
16,3,7.1727,9.4732,24.493,9.44
16,3,6.3894,9.9783,26.52,9.7926
16,3,4.9966,9.6495,25.111,9.6194
16,3,4.9858,9.6545,26.244,10.375
16,3,5.9668,10.037,27.723,10.866
16,3,4.2501,9.6505,25.661,10.115
16,3,5.6077,9.9064,25.536,9.2867
16,3,7.4431,9.9569,27.117,10.702
16,3,7.7898,9.5945,25.232,9.7291
16,3,5.5276,10.292,30.106,12.385
16,3,4.1585,9.4823,23.828,8.9317
16,3,4.4334,10.011,27.298,10.616
16,3,5.3291,9.553,24.026,8.9454
16,3,6.1081,9.7862,26.556,10.711
16,3,4.1493,9.837,26.473,10.292
16,3,4.5614,9.9173,26.645,10.288
16,3,5.8927,9.9924,28.215,11.322
16,3,5.016,9.8011,27.363,11.349
16,3,7.4087,10.136,28.816,11.339
16,3,6.7082,9.783,26.297,10.235
16,3,4.5037,9.7571,26.921,11.024
16,3,6.6608,9.449,23.663,8.8183
16,3,3.5387,9.9358,27.473,10.659
16,3,4.8907,10.26,28.863,11.232
16,3,6.0239,10.177,28.48,11.111
16,3,4.0587,10.128,27.324,10.296
16,3,5.0195,10,27.54,10.674
16,3,7.0919,9.7917,25.22,9.1363
16,3,5.3049,9.7679,26.336,10.268
16,3,4.9344,9.8611,27.62,10.958
16,3,3.5211,9.5065,23.816,8.8977
16,3,5.8891,9.7494,25.523,9.8088
16,3,4.5085,9.7854,27.218,10.934
16,3,6.4228,9.8369,25.483,9.6069
16,3,7.7752,9.5965,24.947,9.3088
16,3,6.2221,9.8188,26.373,10.415
16,3,6.1979,9.5137,26.202,10.796
16,3,4.6744,10.062,27.106,9.9041
16,3,5.0685,9.6184,24.96,9.657
16,3,6.0637,9.7489,24.841,9.2669
16,3,4.7685,10.212,29.148,11.245
16,3,8.1247,9.6007,24.615,9.5032
16,3,9.2795,9.2904,23.071,8.5726
16,3,3.5202,9.5343,25.266,10.151
16,3,7.6781,9.4806,24.454,9.4936
16,3,3.864,9.9598,26.398,10.043
16,3,5.0129,9.8389,27.114,10.776
16,3,5.1781,9.7106,25.236,9.4045
16,3,3.6896,10.094,27.731,10.779
16,3,5.3932,10.046,27.853,10.892
16,3,6.3573,9.6992,24.948,9.2932
16,3,7.2623,9.4792,23.75,9.0462
16,3,4.5877,9.5855,25.066,9.713
16,3,6.3389,9.5294,24.947,9.945
16,3,3.1154,9.843,26.927,10.586
16,3,6.9172,9.6363,25.397,9.6548
16,3,3.7401,9.6613,25.79,10.164
16,3,5.5229,9.7524,25.2,9.4785
16,3,5.9621,9.9291,27.199,10.72
16,3,6.3525,10.027,27.567,10.79
16,3,6.0908,9.4646,23.6,8.7655
16,3,4.7654,9.5807,25.368,10.019
16,3,6.9662,9.9337,27.899,11.198
16,3,5.7963,10.01,26.114,9.604
16,3,5.5427,9.424,23.646,9.0553
16,3,3.4907,9.4564,24.617,9.7498
16,3,3.542,9.6207,23.187,7.8432
16,3,4.8484,9.6293,24.307,8.9185
16,3,4.0542,9.1788,21.833,7.979
16,3,4.5046,9.3182,23.263,8.8573
16,3,6.0407,9.5355,24.883,9.6905
16,3,5.3351,9.8425,27.42,11.297
16,3,4.8559,10.138,27.717,10.482
16,3,6.8933,9.8015,25.582,9.7167
16,3,5.9077,9.9832,26.884,10.266
16,3,7.8266,9.9348,27.388,10.952
16,3,6.4205,9.6821,26.027,10.082
16,3,4.3518,9.6389,25.077,9.6174
16,3,4.786,9.9885,27.142,10.384
16,3,4.6388,9.5026,24.551,9.4946
16,3,5.0362,10.017,28.037,11.096
16,3,3.2866,9.6531,24.9,9.4828
16,3,3.9813,9.9108,27.05,10.591
16,3,4.2929,9.4054,22.971,8.3432
16,3,5.9464,9.3489,24.63,10.042
16,3,7.1647,9.6009,23.869,8.4948
16,3,6.5122,10.019,27.058,10.383
16,3,8.2153,9.9098,27.24,10.824
16,3,3.3332,10.189,28.885,11.334
16,3,5.3918,9.8962,26.954,10.712
16,3,4.3022,9.5005,24.849,9.7239
16,3,7.332,9.7423,26.732,10.682
16,3,5.0689,9.3287,22.383,8.2688
16,3,6.3672,9.9572,27.199,10.469
16,3,5.6649,9.566,25.525,9.9631
16,3,4.829,9.6796,25.328,9.885
16,3,5.8438,9.9408,27.336,10.741
16,3,3.8032,9.4278,23.738,8.8685
16,3,5.1492,9.2815,23.307,8.9613
16,3,3.4172,9.7888,25.258,9.4844
16,3,4.4467,9.8806,27.101,10.804
16,3,6.8429,9.6408,25.744,10.471
16,3,4.5133,9.78,25.418,9.6333
16,3,6.3101,9.7675,26.142,10.272
16,3,4.2632,9.8313,26.572,10.261
16,3,3.5561,9.7914,26.197,10.183
16,3,5.6433,9.7153,24.267,8.771
16,3,5.2407,9.8198,26.509,10.165
16,3,3.959,9.7444,25.985,9.7808
16,3,6.0819,9.7338,25.995,10.422
16,3,5.397,9.9996,28.042,11.321
16,3,5.1934,9.5585,23.435,8.2464
16,3,5.3777,9.2611,22.277,8.2094
16,3,3.6604,9.7543,26.726,10.727
16,3,5.7385,9.5048,23.552,8.8114
16,3,5.5951,9.353,23.147,8.5306
16,3,4.1107,9.767,25.624,9.6334
16,3,5.2965,9.7117,24.654,9.1676
16,3,4.1443,10.081,28.313,11.3
16,3,5.4499,9.5186,24.352,9.1857
16,3,5.0009,9.8024,25.686,9.7032
16,3,5.504,10.227,29.392,11.928
16,3,4.5938,9.8653,27.216,10.673
16,3,4.8744,9.5579,24.358,9.004
16,3,5.0917,9.3643,23.608,8.9875
16,3,4.4284,10.019,27.219,10.261
16,3,8.5873,9.6236,25.716,10.163
16,3,2.8655,9.7238,24.721,9.1539
16,3,3.4718,9.7425,25.106,9.1046
16,3,5.0377,9.5819,24.269,9.1556
16,3,5.079,9.8092,27.157,10.928
16,3,4.1683,9.605,25.265,9.7582
16,3,5.2198,9.5455,24.976,9.8448
16,3,5.0577,9.5877,24.59,9.3503
16,3,3.5631,9.6554,24.362,9.0796
16,3,6.4116,10.164,28.207,10.952
16,3,3.9004,10.005,27.325,10.477
16,3,4.2283,9.3892,25.163,10.192
16,3,5.6129,9.8285,27.14,10.749
16,3,5.0779,9.9051,26.314,9.9853
16,3,4.5145,9.7986,26.252,9.9924
16,3,4.8244,9.781,24.206,8.5424
16,3,3.4393,9.8568,25.678,9.5639
16,3,4.7081,9.8132,26.91,10.728
16,3,4.0221,9.6811,25.323,9.5196
16,3,4.8639,9.5237,24.042,9.1514
16,3,6.6647,9.7539,26.73,10.837
16,3,6.5023,10.158,28.617,11.24
16,3,5.5529,10.041,27.087,10.173
16,3,3.8415,9.7958,27.015,10.869
16,3,5.7751,9.7983,26.313,10.188
16,3,6.3599,9.7178,26.506,10.682
16,3,4.3777,9.8555,26.362,10.01
16,3,4.8525,9.5973,25.687,10.166
16,3,4.9002,9.8867,26.598,10.398
16,3,4.3763,9.9819,27.125,10.225
16,3,7.4179,9.7475,25.617,9.8784
16,3,5.643,9.7519,25.745,9.766
16,3,5.4659,9.6932,25.625,10.083
16,3,5.1946,9.7194,25.591,9.7331
16,3,5.966,9.7332,26.7,10.788
16,3,5.159,9.969,28.067,11.328
16,3,6.9426,10.196,27.743,10.619
16,3,7.0282,9.8622,26.984,10.573
16,3,5.7948,9.7368,25.913,10.114
16,3,4.5267,9.672,25.66,9.9893
16,3,5.9165,9.5069,24.163,9.0089
16,3,4.601,9.7494,26.839,10.879
16,3,5.3143,9.7413,26.529,10.49
16,3,4.9525,9.7275,25.186,9.2994
16,3,4.9747,10.148,27.852,10.09
16,3,6.133,9.6459,25.044,9.744
16,3,3.9935,10.355,29.578,11.891
16,3,3.8969,10.61,31.415,12.445
16,3,5.3523,9.7731,25.862,10.019
16,3,4.3197,9.5999,25.032,9.506
16,3,6.5808,9.8649,27.333,10.962
16,3,3.5968,9.8707,26.314,9.8074
16,3,4.9547,9.6648,25.07,9.6201
16,3,5.2465,9.7838,26.053,10.11
16,3,5.4994,9.5638,24.626,9.3324
16,3,4.8897,10.078,28.472,11.298
16,3,6.3324,9.6673,25.615,10.132
16,3,4.8664,9.7976,25.561,9.6298
16,3,6.6152,9.9811,26.99,10.108
16,3,5.5683,9.5577,25.709,10.38
16,3,6.0538,9.6375,24.777,9.2394
16,3,3.9136,9.8862,25.557,9.3169
16,3,4.8351,9.7456,26.609,10.643
16,3,5.7976,9.8543,27.004,10.683
16,3,7.5203,9.6597,26.086,10.415
16,3,4.5355,9.8438,26.437,10.165
16,3,9.2093,9.5576,24.505,9.2855
16,3,2.9277,10.012,27.091,10.562
16,3,7.2416,9.9089,26.524,10.125
16,3,3.7476,9.7574,25.794,9.7386
16,3,3.3929,10.033,26.529,9.874
16,3,3.631,9.4997,24.228,9.0822
16,3,7.6774,9.8664,26.598,10.215
16,3,5.6035,9.9748,26.695,10.302
16,3,6.2482,9.7821,26.143,10.165
16,3,4.2419,9.631,24.434,9.1564
16,3,5.2624,9.4652,23.409,8.5476
16,3,7.762,9.9628,27.217,10.588
16,3,3.7561,9.7957,25.739,9.6368
16,3,6.1457,9.5634,24.322,8.937
16,3,5.8129,9.7496,26.649,10.652
16,3,6.9612,9.8736,26.135,10.036
16,3,3.0875,9.9268,26.78,10.207
16,3,4.827,9.8957,26.252,9.8778
16,3,7.438,9.8573,27.486,11.126
16,3,4.2415,9.885,25.927,9.7219
16,3,5.2941,9.7653,25.01,9.3721
16,3,6.2857,9.4894,23.568,8.5952
16,3,8.3632,9.8041,26.341,10.215
16,3,4.7548,9.9924,28.121,11.064
16,3,3.3437,9.473,24.213,9.1191
16,3,3.4104,9.9209,27.268,10.971
16,3,6.577,10.164,30.23,12.587
16,3,4.1426,9.9229,26.887,10.444
16,3,4.822,9.5675,24.716,9.4978
16,3,4.7919,9.7237,25.916,10.061
16,3,5.9358,9.466,22.935,8.3157
16,3,4.3635,9.4206,24.058,9.3516
16,3,5.7577,10.025,27.264,10.481
16,3,4.2199,9.9096,27.044,10.619
16,3,7.0543,9.563,25.844,10.279
16,3,5.0293,9.8009,26.997,10.63
16,3,3.6422,9.8884,26.299,10.14
16,3,5.9158,9.5404,24.828,9.5935
16,3,6.0527,9.7595,25.175,9.5688
16,3,5.584,9.7644,24.817,9.04
16,3,6.5629,9.5631,24.435,9.0214
16,3,6.0947,9.9221,26.986,10.595
16,3,6.7279,9.7074,26.421,10.65
16,3,3.8295,9.6765,25.799,10.091
16,3,3.3066,9.8105,26.153,10.101
16,3,4.3741,9.5759,24.838,9.4726
16,3,6.2906,9.8147,26.76,10.353
16,3,2.5019,9.8941,26.788,10.489
16,3,5.5255,9.6186,24.964,9.707
16,3,6.2769,9.7633,25.48,9.9061
16,3,3.773,9.3231,24.065,9.4701
16,3,2.9724,9.9609,26.62,10.22
16,3,4.7378,9.6679,24.665,9.1287
16,3,4.5149,9.6155,24.44,8.9593
16,3,7.2263,9.8428,25.733,9.7655
16,3,2.9667,10.227,28.221,10.807
16,3,7.2316,9.4797,24.824,9.7601
16,3,4.8937,9.5776,25.105,9.9311
16,3,4.9255,9.679,25.518,9.6794
16,3,6.6191,9.4733,23.811,9.1554
16,3,3.2704,9.659,25.554,10.011
16,3,7.4526,9.7242,25.187,9.5042
16,3,5.5614,9.4303,24.302,9.5249
16,3,5.289,9.6552,25.037,9.5408
16,3,5.8615,9.6816,25.672,10.025
16,3,5.843,9.7867,25.883,9.7934
16,3,4.8767,9.7538,26.297,10.126
16,3,5.3847,9.9312,25.987,9.6201
16,3,5.6591,9.7344,24.874,9.4495
16,3,4.6646,9.7677,25.657,9.8726
16,3,4.1282,9.3514,23.182,8.6883
16,3,4.7813,10.053,28.087,10.979
16,3,5.4216,9.5145,23.616,8.6927
16,3,5.6979,9.7283,25.217,9.6034
16,3,6.5811,9.6651,26.064,10.508
16,3,5.129,10.16,28.352,11.163
16,3,5.4483,9.7358,24.28,8.2935
16,3,5.3188,9.6207,25.502,10.065
16,3,6.3212,9.9686,27.508,10.939
16,3,5.1448,9.9924,27.06,10.523
16,3,4.2942,10.113,28.314,11.179
16,3,5.8441,10.292,29.987,11.934
16,3,5.7399,9.7345,25.118,9.3629
16,3,5.3303,9.5452,25.233,9.8372
16,3,5.4095,9.7987,26.045,9.8659
16,3,7.0019,9.3885,23.313,8.6968
16,3,7.1852,9.466,24.293,9.4229
16,3,5.6144,9.963,27.081,10.577
16,3,3.1237,9.758,25.773,9.9885
16,3,3.6895,9.8802,27.463,10.887
16,3,5.976,10.208,28.865,11.685
16,3,4.4574,9.909,25.839,9.7607
16,3,5.267,9.8447,26.165,10.141
16,3,8.3176,9.5366,24.333,9.0031
16,3,4.911,9.9884,28.455,11.698
16,3,3.6736,9.8338,25.909,9.7591
16,3,6.113,9.9721,26.693,10.27
16,3,4.8253,9.6644,25.48,9.7948
16,3,5.7222,9.2942,23.115,8.8108
16,3,5.7067,9.7572,25.881,9.6818
16,3,5.7854,9.8668,26.633,10.43
16,3,4.0198,9.8051,26.483,10.312
16,3,7.3721,9.8117,25.944,9.8202
16,3,7.229,9.7268,25.965,10.228
16,3,5.7015,9.6865,26.432,10.759
16,3,3.3708,9.7869,26.59,10.595
16,3,3.8376,9.5268,23.557,8.5052
16,3,4.0214,9.9369,26.391,10.085
16,3,5.1988,9.8239,25.655,9.6208
16,3,4.5614,9.7215,25.363,9.762
16,3,5.7097,9.4641,23.859,8.8875
16,3,4.2219,9.8406,25.805,9.7208
16,3,5.2788,9.7288,25.987,10.372
16,3,3.2568,9.8456,25.641,9.5664
16,3,4.7157,9.3455,23.258,8.9118
16,3,4.2853,9.6491,25.668,9.9399
16,3,4.8755,9.8862,27.584,11.092
16,3,6.3641,9.9745,27.547,10.709
16,3,3.9185,10.113,28.563,11.63
16,3,3.8999,9.5898,24.797,9.4507
16,3,3.9502,9.789,26.298,10.295
16,3,4.8116,10.147,27.79,10.471
16,3,6.655,9.6224,25.763,10.304
16,3,3.6929,9.6936,25.008,9.3852
16,3,4.7201,9.939,27.426,10.794
16,3,5.1748,10.053,27.566,10.651
16,3,6.7182,9.8529,25.783,9.6551
16,3,4.9093,9.5294,25.084,9.7199
16,3,6.2449,9.3433,24.557,9.7932
16,3,5.2648,9.6956,26.122,10.323
16,3,6.3736,9.6139,25.775,10.102
16,3,3.4821,9.8543,25.984,9.8804
16,3,5.152,9.6611,25.151,9.4834
16,3,5.0122,10.068,27.632,10.485
16,3,4.8517,9.8519,27.087,10.982
16,3,4.6484,9.4691,24.283,9.064
16,3,5.6249,9.2952,23.702,9.3334
16,3,5.3478,9.8655,25.579,9.4821
16,3,7.3272,10.045,26.917,10.109
16,3,3.7558,9.7722,26.215,10.127
16,3,5.0434,9.965,26.592,10.184
16,3,4.3173,9.9882,27.827,11.197
16,3,4.1581,9.4564,23.37,8.4298
16,3,3.6698,9.9576,27.975,11.429
16,3,4.6794,9.9697,27.247,10.656
16,3,4.3531,10.114,29.046,11.81
16,3,4.5498,10.004,27.895,11.249
16,3,4.4167,9.9255,27.433,10.828
16,3,4.0931,9.6108,25.519,10.114
16,3,5.5763,9.8706,26.747,10.453
16,3,5.0212,9.762,25.696,10.009
16,3,3.8361,9.441,24.409,9.597
16,3,5.7165,9.919,27.579,10.863
16,3,4.8215,9.9106,27.579,11.169
16,3,6.9163,9.5189,23.638,8.7412
16,3,6.3751,10.165,27.759,10.536
16,3,4.9352,9.5553,25.014,9.6828
16,3,6.5634,9.6317,25.679,9.7785
16,3,7.2973,9.7585,25.816,9.937
16,3,5.7852,9.7951,25.63,9.5777
16,3,4.0643,9.9657,27.194,10.751
16,3,4.0946,9.9356,26.556,10.143
16,3,6.2143,10.075,28.011,11.02
16,3,4.1061,9.8565,27.397,10.871
16,3,7.7512,9.7987,25.679,9.7561
16,3,4.9831,9.5729,23.885,8.839
16,3,5.598,9.8301,25.608,9.6046
16,3,4.7849,9.8334,25.035,9.2325
16,3,6.7573,10.115,28.012,10.728
16,3,4.9542,9.531,24.82,9.5329
16,3,5.2583,10.207,29.201,11.461
16,3,4.9978,9.6121,26.129,10.534
16,3,4.5455,10.307,29.491,11.697
16,3,4.9232,9.4772,24.627,9.5045
16,3,7.2283,9.8991,27.008,10.536
16,3,7.4137,9.6526,25.745,10.098
16,3,3.7334,9.6856,24.434,8.9059
16,3,5.6959,10.089,27.869,10.911
16,3,5.2148,9.9077,27.04,10.471
16,3,5.6347,9.8845,26.135,10.014
16,3,6.0366,9.3107,23.403,8.9855
16,3,6.7587,9.8855,25.856,9.4033
16,3,3.8815,9.6962,25.562,10.008
16,3,6.7195,10.12,28.151,11.068
16,3,3.8214,10.048,27.916,10.944
16,3,7.5038,9.7166,26.697,10.622
16,3,5.2736,10.21,28.401,10.956
16,3,4.3051,9.624,26.31,10.627
16,3,3.6122,9.7047,25.301,9.3796
16,3,7.7379,9.6868,25.374,9.8047
16,3,5.1736,9.839,25.829,10.006
16,3,4.3417,9.7366,25.723,10.009
16,3,5.6864,9.7394,25.334,9.6435
16,3,5.7754,9.6026,23.805,8.3929
16,3,6.1304,9.5116,23.432,8.326
16,3,4.5656,9.3387,23.373,8.5617
16,3,2.8971,10.336,28.973,10.97
16,3,4.8577,9.8291,27.106,10.965
16,3,6.8519,9.4334,23.845,9.3291
16,3,3.6239,10.357,28.596,10.664
16,3,5.3754,9.7608,26.09,10.267
16,3,5.0104,9.8715,26.731,10.54
16,3,5.7914,9.5182,24.312,9.3699
16,3,4.4764,9.5106,24.761,9.6737
16,3,6.0446,9.9085,27.658,10.691
16,3,4.0753,10.244,29.012,11.31
16,3,4.4854,9.615,25.112,9.7417
16,3,4.1376,10.096,28.956,11.624
16,3,5.8328,9.6194,26.029,10.375
16,3,3.6802,10.103,27.754,10.746
16,3,5.1164,9.9727,27.645,10.947
16,3,5.361,9.8918,26.303,10.067
16,3,5.387,9.6306,26.049,10.369
16,3,3.6456,9.3837,25.028,10.102
16,3,2.7739,9.8822,26.187,9.8047
16,3,3.7638,9.4375,24.745,9.9355
16,3,4.0872,9.5982,25.591,10.137
16,3,5.8868,10.139,29.192,11.716
16,3,3.9121,9.8889,26.645,10.357
16,3,6.1248,9.9965,27.292,10.74
16,3,4.9103,9.6583,25.016,9.3722
16,3,6.1734,9.7418,26.834,11.009
16,3,4.3277,9.572,24.334,8.925
16,3,5.6146,10.034,27.346,10.603
16,3,4.1423,9.8472,26.041,9.6681
16,3,4.706,9.5416,24.809,9.7026
16,3,4.0127,9.4284,23.394,8.522
16,3,3.8054,9.5633,23.493,8.169
16,3,5.7057,9.8498,26.914,10.752
16,3,3.8012,10.412,29.971,11.798
16,3,5.2592,9.5618,24.683,9.4759
16,3,7.0985,9.5473,24.43,9.2648
16,3,4.0173,9.8481,26.978,10.659
16,3,4.8958,9.7515,24.912,8.823
16,3,6.8106,9.6495,24.751,9.5517
16,3,4.1451,9.6764,24.297,9.1601
16,3,6.3847,9.8633,26.987,10.719
16,3,7.2677,10.131,29.089,11.548
16,3,6.8811,9.9934,28.433,11.61
16,3,4.3086,9.4455,24.394,9.3351
16,3,4.8809,9.8303,26.237,10.082
16,3,3.956,9.9862,27.573,11.112
16,3,6.4818,9.8597,26.999,10.483
16,3,3.5472,10.029,26.612,9.7236
16,3,5.4496,10.124,29.214,11.802
16,3,5.2039,10.077,27.9,10.74
16,3,8.2616,9.4317,22.595,8.0511
16,3,5.8298,9.8108,27.439,11.185
16,3,5.1424,9.9701,28.276,11.431
16,3,4.4343,9.7296,25.277,9.4658
16,3,3.3546,9.4921,24.309,9.3556
16,3,6.9967,9.3536,23.973,9.269
16,3,7.1212,9.9756,26.614,10.062
16,3,5.7491,9.6613,25.702,10.194
16,3,3.5926,9.7064,25.95,10.379
16,3,5.4502,9.1219,23.014,8.944
16,3,7.8397,9.8352,25.547,9.6181
16,3,3.6182,9.609,24.998,9.5798
16,3,4.8855,9.4607,24.534,9.6038
16,3,4.1697,9.7296,26.511,10.79
16,3,6.0526,9.7138,25.052,9.5639
16,3,5.6388,9.8702,27.031,10.749
16,3,5.8795,9.7834,25.845,9.8787
16,3,6.1735,9.8726,26.281,10.09
16,3,5.1157,9.9977,26.908,10.304
16,3,3.1466,9.7227,25.348,9.6177
16,3,5.2313,10.155,29.073,11.461
16,3,5.1142,10.221,29.6,11.929
16,3,6.2959,10.215,28.789,11.187
16,3,3.9542,9.6652,25.106,9.5614
16,3,3.2243,9.6998,25.22,9.725
16,3,3.8213,9.7405,26.497,10.456
16,3,4.036,9.8558,27.248,10.969
16,3,4.5843,9.7199,25.574,9.9927
16,3,4.8851,9.8598,27.039,10.725
16,3,6.5425,9.5135,24.428,9.1884
16,3,3.1996,9.9926,27.223,10.282
16,3,3.8969,9.9714,26.438,9.8679
16,3,4.6724,9.6529,26.028,10.369
16,3,5.0366,9.404,24.276,9.7156
16,3,3.115,9.614,24.098,8.6778
16,3,4.0352,9.7223,24.782,9.1977
16,3,6.3519,9.3564,23.001,8.4705
16,3,7.4309,9.5298,24.472,9.3724
16,3,4.991,10.117,27.678,10.479
16,3,6.0808,9.5656,24.812,9.5877
16,3,5.6818,9.3445,24.808,10.13
16,3,5.5312,9.8533,26.049,9.9427
16,3,5.2286,9.6828,24.661,9.112
16,3,5.9184,9.8981,27.068,10.558
16,3,2.546,9.9425,26.878,10.282
16,3,5.1231,9.5895,25.251,9.9583
16,3,7.856,9.633,25.317,9.6464
16,3,5.4168,10.116,27.749,10.644
16,3,5.2821,9.69,25.505,10.001
16,3,4.0875,9.9109,26.877,10.602
16,3,5.0926,9.9806,28.21,11.447
16,3,5.654,9.2717,23.092,8.8068
16,3,5.1838,9.894,26.793,10.355
16,3,7.1098,9.7925,25.677,9.7038
16,3,4.5651,9.9438,27.656,11.039
16,3,5.0774,9.9774,27.115,10.424
16,3,4.0127,9.5637,24.712,9.5317
16,3,6.2801,9.8257,27.083,10.888
16,3,7.0614,9.9395,25.768,9.2706
16,3,6.9672,9.5183,24.174,9.1692
16,3,6.0371,9.65,25.135,9.62
16,3,3.999,9.9359,26.566,10.136
16,3,4.2718,10.011,25.912,9.1657
16,3,6.5171,9.8301,26.357,10.46
16,3,4.1083,9.7626,25.742,10.035
16,3,4.0293,10.053,28.53,11.641
16,3,6.8513,9.6018,24.824,9.6606
16,3,5.7058,9.4605,23.907,9.1356
16,3,6.4048,10.009,25.851,9.2701
16,3,4.648,9.3968,24.143,9.4213
16,3,6.2109,9.8195,26.308,10.277
16,3,5.2212,9.4689,24.417,9.4102
16,3,4.7048,9.4371,23.216,8.7755
16,3,8.0627,9.6112,24.887,9.442
16,3,5.3325,10.059,27.851,11.112
16,3,3.4989,9.7276,26.74,10.74
16,3,3.0819,10.125,27.839,10.678
16,3,4.6409,9.663,25.792,10.237
16,3,3.7501,9.6186,25.078,9.7708
16,3,5.4546,9.696,25.707,10.097
16,3,5.8384,9.953,26.425,9.8762
16,3,4.4182,9.8898,24.166,7.386
16,3,4.8007,9.448,23.999,9.1392
16,3,4.6583,9.7036,26.088,10.422
16,3,5.9208,10.113,28.769,11.524
16,3,4.7762,9.8471,25.449,9.4544
16,3,6.2352,9.912,26.259,9.9513
16,3,4.856,9.8315,25.691,9.6258
16,3,4.7368,9.6029,25.13,9.8367
16,3,4.1083,9.8977,26.516,10.306
16,3,5.139,9.5941,25.206,9.7882
16,3,4.3696,9.7601,25.674,9.8958
16,3,3.1137,10.205,29.881,12.086
16,3,5.8853,9.8595,27.634,11.136
16,3,4.0228,9.6055,24.888,9.9098
16,3,4.8924,9.6537,24.971,9.4497
16,3,3.676,9.5459,24.657,9.4855
16,3,4.4695,9.4798,24.288,9.3955
16,3,5.4189,9.8113,26.264,10.356
16,3,4.8912,9.6969,24.908,9.4304
16,3,5.8246,9.6422,26.509,11.03
16,3,6.6955,9.4825,23.691,8.902
16,3,4.9848,9.5616,24.457,9.1911
16,3,5.2868,9.5423,23.649,8.4646
16,3,5.8124,10.196,27.848,10.711
16,3,7.8934,9.9864,27.278,10.779
16,3,3.4347,9.6923,25.45,9.834
16,3,2.6039,9.7522,23.611,7.94
16,3,4.3015,9.9938,27.666,10.851
16,3,4.5973,9.9218,26.666,10.278
16,3,6.6469,9.9438,26.325,9.4897
16,3,5.9822,10.086,28.143,11.224
16,3,3.9458,9.7678,25.304,9.5625
16,3,6.1256,9.6281,24.355,8.9199
16,3,3.7376,10.061,27.973,10.841
16,3,7.2635,9.5509,25.131,10.069
16,3,4.3788,9.9576,28.492,11.57
16,3,5.713,9.5464,25.2,9.7301
16,3,3.4126,9.6451,25.695,10.138
16,3,5.9218,10.019,27.454,10.744
16,3,3.444,9.8354,27.994,11.639
16,3,7.6273,9.5637,25.303,10.082
16,3,5.1065,9.8574,27.685,11.26
16,3,5.7372,9.8267,25.33,9.2034
16,3,6.3756,9.2575,23.501,9.1098
16,3,5.2597,9.8689,27.561,11.149
16,3,5.3391,9.7623,24.833,9.023
16,3,5.8019,9.7076,26.241,10.398
16,3,3.9202,9.6472,25.808,10.184
16,3,5.9444,9.9363,27.167,10.566
16,3,3.232,9.8095,25.692,9.6732
16,3,6.6247,9.5667,24.905,9.5849
16,3,6.3894,9.7851,26.37,10.39
16,3,6.7318,10.031,28.17,11.16
16,3,4.3719,9.9759,27.677,11.26
16,3,7.4448,9.8805,27.024,10.855
16,3,3.9708,9.9609,27.428,10.767
16,3,6.1591,9.6669,24.94,9.4481
16,3,5.2582,9.7896,26.35,10.136
16,3,2.8009,10.287,29.204,11.707
16,3,5.3786,9.4348,24.816,9.8833
16,3,2.9764,9.9572,27.276,10.781
16,3,4.927,10.036,26.785,9.9515
16,3,3.8449,9.6846,25.237,9.7433
16,3,4.7812,9.7203,25.235,9.7277
16,3,4.8995,9.96,28.18,11.593
16,4,7.5042,11.096,34.888,14.032
16,4,6.8434,11.231,36.445,14.992
16,4,4.8436,10.825,33.226,13.018
16,4,6.224,11.671,38.758,15.625
16,4,5.2657,10.969,33.717,13.391
16,4,6.1317,11.362,36.967,15.118
16,4,3.845,11.265,36.778,15.053
16,4,4.6147,10.875,32.277,12.566
16,4,3.6661,11.317,37.762,15.775
16,4,6.2444,11.119,33.416,12.602
16,4,6.7823,11.462,37.619,15.515
16,4,6.4956,10.648,32.297,13.306
16,4,4.6629,10.98,34.166,13.989
16,4,4.1658,11.447,37.893,15.713
16,4,5.822,10.912,35.099,14.909
16,4,5.2073,10.724,32.072,13.031
16,4,5.0832,10.997,33.774,13.483
16,4,7.2892,10.885,32.55,12.569
16,4,5.2815,11.318,36.401,14.678
16,4,4.8309,11.008,33.003,12.71
16,4,5.6445,11.153,35.791,14.497
16,4,7.0292,11.277,36.591,14.912
16,4,5.5844,11.034,33.913,12.907
16,4,5.5224,11.763,40.975,17.413
16,4,4.0485,11.46,37.432,14.743
16,4,6.9854,11.177,35.034,14.208
16,4,5.028,10.95,34.644,14.136
16,4,5.8677,11.014,33.891,13.511
16,4,4.8985,10.931,33.633,13.433
16,4,4.6829,10.98,33.011,12.635
16,4,5.9148,11.556,37.349,14.413
16,4,4.6908,11.109,34.208,13.37
16,4,3.606,11.433,37.794,15.563
16,4,7.5874,10.887,33.513,13.793
16,4,5.39,11.383,35.631,13.659
16,4,4.8359,10.752,30.834,11.743
16,4,5.3104,11.332,37.463,15.481
16,4,5.6661,10.928,33.524,13.153
16,4,5.678,11.318,35.414,13.941
16,4,5.7891,11.209,35.137,14.003
16,4,5.1398,11.266,35.409,13.971
16,4,5.1495,11.311,36.729,14.813
16,4,5.437,11.167,34.285,13.573
16,4,8.6564,10.88,32.523,12.427
16,4,4.9353,11.043,34.532,13.428
16,4,3.5476,11.209,36.779,15.123
16,4,6.6315,11.042,33.788,13.393
16,4,6.1447,11.18,35.159,14.083
16,4,5.711,10.946,32.824,12.478
16,4,4.4813,10.95,32.504,12.64
16,4,4.2976,11.219,34.645,13.529
16,4,7.0995,11.318,35.988,14.304
16,4,4.5144,11.266,36.001,14.139
16,4,5.0265,11.439,37.189,15.124
16,4,5.0846,11.285,35.955,14.384
16,4,6.369,11.293,37.098,15.351
16,4,6.3725,11.39,35.249,13.496
16,4,6.46,11.113,35.22,14.444
16,4,4.1338,11.026,34.396,14.038
16,4,7.6238,11.318,36.757,14.799
16,4,7.1825,11.078,34.869,14.083
16,4,4.7194,11.068,34.871,13.808
16,4,5.5329,11.237,34.629,13.036
16,4,6.5655,11.15,35.628,14.403
16,4,4.2022,11.339,37.581,15.52
16,4,5.0524,11.215,34.889,13.609
16,4,7.3447,10.914,34.234,13.745
16,4,7.4792,11.249,35.619,14.006
16,4,8.3581,10.889,34.353,14.218
16,4,4.7562,11.046,35.108,14.212
16,4,6.2539,10.97,33.991,13.595
16,4,6.1312,11.057,35.632,14.735
16,4,8.1271,11.266,35.753,14.242
16,4,6.6194,11.427,36.439,14.319
16,4,5.6051,11.306,36.103,14.653
16,4,4.6356,10.842,31.885,12.051
16,4,4.1037,10.925,34.196,13.846
16,4,5.6339,11.353,37.356,15.465
16,4,6.0948,11.293,37.403,15.622
16,4,6.5627,10.805,33.121,13.588
16,4,6.4105,10.853,32.911,13.126
16,4,5.32,11.363,37.807,15.851
16,4,4.583,11.426,35.074,12.39
16,4,6.0738,11.145,34.554,13.851
16,4,5.4885,10.91,34.028,13.306
16,4,5.398,11.227,34.109,12.841
16,4,4.6081,11.115,33.934,13.273
16,4,4.9358,11.055,35.381,14.742
16,4,6.4921,10.831,31.824,12.279
16,4,8.6232,11.239,35.015,13.852
16,4,7.9899,11.034,34.501,13.73
16,4,5.6327,11.292,35.117,13.146
16,4,6.7502,10.833,33.492,13.721
16,4,6.6363,11.341,36.589,14.913
16,4,3.6653,11.743,39.641,16.406
16,4,3.4619,11.266,34.283,12.983
16,4,6.1255,10.949,33.085,13.026
16,4,6.2341,11.211,33.657,12.447
16,4,5.0645,11.212,36.821,15.179
16,4,4.1533,11.269,36.793,15.279
16,4,5.8058,11.457,37.101,15.116
16,4,5.9626,11.79,41.196,17.685
16,4,4.4777,11.365,36.832,15.066
16,4,5.7088,11.401,36.894,14.82
16,4,4.8126,11.579,36.605,14.387
16,4,5.925,11.102,34.7,13.733
16,4,3.9727,11.116,34.336,13.772
16,4,5.3498,11.329,35.7,14.101
16,4,7.7068,10.775,31.41,12.017
16,4,3.3138,10.615,30.719,11.441
16,4,5.7144,10.89,34.134,14.254
16,4,6.8768,11.402,37.293,15.217
16,4,8.2277,11.07,33.147,12.529
16,4,6.4444,11.099,35.202,13.919
16,4,5.2501,11.363,36.36,14.773
16,4,6.3839,11.234,35.898,14.819
16,4,3.9483,10.947,34.332,14.012
16,4,3.7461,11.01,33.929,13.58
16,4,6.5145,11.164,34.529,13.613
16,4,4.4174,11.388,37.334,15.333
16,4,4.0263,11.397,36.819,14.594
16,4,2.9122,11.569,37.339,14.943
16,4,5.1481,11.183,34.886,13.923
16,4,6.0042,11.529,38.171,15.354
16,4,6.51,10.634,31.279,12.31
16,4,7.0328,11.165,34.763,13.974
16,4,6.7409,11.281,35.304,13.49
16,4,5.7895,11.416,37.197,15.079
16,4,4.4716,11.053,34.194,13.685
16,4,4.7415,10.995,33.959,13.255
16,4,4.1,10.857,32.768,12.874
16,4,6.764,11.023,33.536,13.142
16,4,7.1917,10.979,34.295,13.747
16,4,4.5304,11.141,35.782,14.666
16,4,5.1369,11.337,35.883,14.239
16,4,7.0861,11.166,35.197,14.145
16,4,5.458,11.086,35.68,14.922
16,4,7.417,10.968,35.323,14.827
16,4,5.2036,11.408,36.222,14.038
16,4,4.8612,11.214,35.648,14.591
16,4,5.7174,11.464,37.538,15.605
16,4,5.8207,10.839,32.677,12.968
16,4,5.7894,11.47,37.263,15.249
16,4,4.036,11.251,35.208,13.941
16,4,5.1597,11.216,38.624,17.135
16,4,7.2248,10.858,33.441,13.487
16,4,4.1128,11.429,36.15,14.409
16,4,6.8986,11.146,35.687,14.539
16,4,7.022,10.817,31.963,12.382
16,4,7.552,11.262,36.692,15.12
16,4,6.0484,10.848,32.466,12.451
16,4,7.336,11.14,33.162,11.642
16,4,4.7728,10.945,32.854,12.665
16,4,5.2563,11.735,39.139,15.875
16,4,3.835,10.702,31.602,12.372
16,4,5.7189,11.042,33.634,12.973
16,4,5.8178,11.312,35.922,14.457
16,4,5.7859,10.957,33.807,13.687
16,4,7.0799,11.29,38.804,17.062
16,4,7.6493,11.003,33.614,13.112
16,4,5.1952,11.45,37.85,15.66
16,4,5.5474,11.145,34.44,13.504
16,4,5.6456,11.04,36.108,15.108
16,4,6.9566,11.318,36.785,15.081
16,4,6.1958,11.292,36.633,14.961
16,4,5.4469,10.986,34.28,13.619
16,4,7.3153,11.658,38.803,15.905
16,4,6.6306,11.179,35.278,13.98
16,4,6.3555,11.099,34.772,13.804
16,4,6.4536,11.333,36.005,14.022
16,4,6.7784,11.218,36.643,15.225
16,4,7.4827,11.025,35.185,14.574
16,4,4.9476,11.408,38.296,16.087
16,4,7.8556,10.991,34.245,13.505
16,4,4.9568,11.175,33.512,12.878
16,4,4.2256,11.614,38.465,15.827
16,4,8.2603,10.855,32.591,12.876
16,4,5.9475,11.471,35.937,13.86
16,4,3.2069,11.218,36.334,15.118
16,4,4.4344,11.203,34.974,13.811
16,4,6.1518,11.199,34.877,13.801
16,4,4.0449,11.155,33.566,12.726
16,4,5.6364,11.031,35.415,14.463
16,4,6.528,11.086,35.383,14.307
16,4,4.263,11.534,36.726,14.336
16,4,6.0144,11.431,37.229,14.668
16,4,4.4025,11.112,34.892,13.921
16,4,4.9537,11.654,37.319,14.513
16,4,6.0658,11.582,37.918,15.039
16,4,5.2413,11.56,37.963,15.491
16,4,5.3688,11.234,36.295,14.603
16,4,4.5474,11.118,34.996,14.202
16,4,7.1178,10.716,33.479,13.974
16,4,5.4213,10.748,32.542,13.094
16,4,4.8553,11.421,35.277,12.973
16,4,6.8977,10.702,28.204,9.2933
16,4,7.0654,11.313,35.062,13.301
16,4,4.602,11.625,39.066,15.905
16,4,3.9218,11.517,38.503,16.084
16,4,6.2525,11.078,34.588,13.893
16,4,5.5453,11.318,35.736,13.841
16,4,7.1438,11.358,37.265,14.78
16,4,5.1794,11.087,34.414,13.788
16,4,5.6642,10.922,34.251,13.795
16,4,5.7083,10.816,32.24,12.526
16,4,8.054,10.979,34.987,14.596
16,4,2.6196,11.292,37.119,15.391
16,4,4.734,10.969,33.753,13.773
16,4,5.355,11.042,34.73,14.192
16,4,6.161,11.185,35.862,14.584
16,4,5.0811,11.641,38.061,15.036
16,4,5.6788,11.054,34.055,13.672
16,4,4.976,10.947,34.057,13.916
16,4,4.8485,10.93,32.596,12.382
16,4,6.5163,11.166,37.555,16.314
16,4,7.6379,11.484,37.965,15.338
16,4,6.0308,11.302,36.574,15.042
16,4,7.9087,11.19,34.868,13.723
16,4,5.5163,11.096,34.765,13.873
16,4,5.6924,11.166,35.556,14.793
16,4,5.0638,10.659,31.173,12.165
16,4,4.4436,11.032,33.062,12.319
16,4,4.6901,11.165,36.029,14.613
16,4,7.4026,11.793,40.005,15.967
16,4,3.9896,11.592,38.606,15.872
16,4,4.4006,11.677,39.411,16.333
16,4,6.6313,11.057,34.34,13.911
16,4,5.5568,11.944,41.3,17.131
16,4,5.0668,10.961,32.885,12.835
16,4,4.2229,10.932,33.137,13.139
16,4,6.988,11.212,34.395,13.13
16,4,5.2294,11.254,34.378,13.251
16,4,3.2,11.441,36.688,14.537
16,4,7.1194,11.057,35.457,14.501
16,4,5.4442,11.267,36.887,15.768
16,4,6.401,10.814,31.964,12.351
16,4,4.8371,11.535,37.215,14.743
16,4,4.6317,11.537,36.933,14.494
16,4,6.1574,11.296,35.802,14.14
16,4,4.7917,11.254,36.322,15.198
16,4,6.2849,11.276,36.843,15.272
16,4,5.0398,11.048,32.488,12.143
16,4,4.3407,11.338,36.696,15.278
16,4,5.2144,11.062,33.288,12.752
16,4,4.4853,11.377,36.918,14.699
16,4,4.5465,10.861,32.882,13.165
16,4,6.3325,10.935,33.081,13.32
16,4,6.6825,11.375,35.778,14.075
16,4,5.2263,11.394,38.082,15.884
16,4,6.5463,11.276,35.72,14.212
16,4,4.8335,11.261,35.764,14.427
16,4,5.9071,10.979,33.587,13.425
16,4,8.2148,10.777,33.52,13.825
16,4,9.2035,10.969,33.405,13.413
16,4,4.9334,11.012,34.474,14.069
16,4,5.463,11.077,35.562,14.967
16,4,4.4964,10.891,33.624,13.606
16,4,4.0646,11.109,34.196,13.299
16,4,6.1604,11.299,37.141,15.254
16,4,6.6288,11.191,34.718,13.96
16,4,4.6733,11.174,36.196,14.821
16,4,5.5745,11.003,33.533,13.045
16,4,7.0523,10.889,31.812,11.485
16,4,6.3035,11.082,34.729,14.457
16,4,5.936,11.007,33.28,12.944
16,4,7.8919,10.905,34.174,14.195
16,4,7.0484,11.239,36.016,14.585
16,4,4.7908,11.511,37.388,14.921
16,4,4.8247,11.186,34.091,13.146
16,4,3.9437,11.431,37.276,14.893
16,4,4.0236,11.081,33.174,12.641
16,4,5.4509,11.262,36.417,14.963
16,4,3.1002,11.283,36.289,14.673
16,4,7.2127,10.639,30.755,11.869
16,4,4.5021,11.104,35.807,14.628
16,4,5.9589,11.079,35.697,14.948
16,4,5.157,11.249,37.32,15.959
16,4,4.2191,11.194,34.99,13.916
16,4,6.5616,11.605,37.085,14.337
16,4,6.5691,10.845,32.351,12.736
16,4,5.6532,10.884,33.048,13.118
16,4,7.8408,11.63,38.073,14.608
16,4,5.0643,11.158,34.953,13.919
16,4,4.7333,11.474,39.14,16.51
16,4,5.5941,11.485,38.466,15.648
16,4,3.9872,11.164,35.537,14.366
16,4,5.2453,11.351,37.221,14.769
16,4,6.3784,11.187,34.792,13.268
16,4,6.3574,11.013,35.36,14.848
16,4,6.0156,11.319,36.365,14.824
16,4,3.8367,11.275,36.706,14.895
16,4,7.1503,10.851,33.451,13.42
16,4,4.7652,11.285,35.01,13.62
16,4,7.5357,11.494,37.851,15.21
16,4,3.8531,11.46,37.296,15.196
16,4,6.9577,11.026,34.146,13.936
16,4,6.6953,11.308,36.34,14.908
16,4,7.382,11.086,33.189,12.365
16,4,5.9012,10.711,32.073,12.687
16,4,3.7353,11.17,33.594,12.348
16,4,4.4513,10.999,33.721,13.762
16,4,4.7567,10.943,34.562,14.097
16,4,5.0754,11.428,37.229,15.046
16,4,5.869,10.929,33.812,13.771
16,4,4.61,11.084,32.91,11.875
16,4,5.1607,11.32,35.581,13.66
16,4,4.9916,11.185,36.546,15.174
16,4,6.358,11.19,35.157,13.599
16,4,5.5034,11.194,35.275,14.195
16,4,6.778,11.206,34.733,13.62
16,4,5.5564,11.232,34.69,13.307
16,4,6.2706,11.165,35.811,14.808
16,4,7.0733,11.304,34.617,12.953
16,4,4.9891,11.12,34.116,13.51
16,4,5.963,11.281,35.95,14.627
16,4,5.2255,11.313,37.257,15.344
16,4,6.4542,11.028,33.893,13.505
16,4,4.9945,11.104,35.609,14.791
16,4,4.5604,11.067,33.812,13.118
16,4,6.5193,11.377,35.771,14.2
16,4,5.2329,11.629,37.908,15.062
16,4,8.4007,10.747,32.759,13.377
16,4,6.7064,11.194,35.885,14.759
16,4,4.6546,11.215,34.846,13.673
16,4,6.2715,10.731,31.907,12.626
16,4,5.3957,11.279,35.092,13.271
16,4,7.2104,11.098,33.769,13.224
16,4,7.5842,10.669,32.351,13.135
16,4,6.666,10.96,34.088,13.939
16,4,4.8868,11.026,33.363,12.982
16,4,5.0771,10.816,34.025,14.059
16,4,6.2802,11.124,35.329,14.174
16,4,4.8548,10.984,34.025,13.555
16,4,6.5208,11.398,37.192,14.809
16,4,8.3173,10.599,30.384,11.673
16,4,5.4031,11.37,35.686,13.247
16,4,6.9107,11.286,35.656,14.193
16,4,6.2103,11.15,33.741,12.997
16,4,6.5405,11.006,34.08,13.659
16,4,4.7067,11.609,36.842,14.108
16,4,6.2284,10.951,33.857,13.943
16,4,4.7035,10.807,32.175,12.217
16,4,8.4049,10.99,33.199,12.735
16,4,6.585,11.122,34.953,14.331
16,4,5.7722,10.689,31.781,12.821
16,4,3.8161,11.406,37.15,15.01
16,4,6.141,10.514,31.496,12.695
16,4,4.2147,11.462,36.546,13.973
16,4,6.0393,11.511,37.792,15.169
16,4,6.0816,10.829,32.585,12.819
16,4,5.3757,11.33,36.259,14.813
16,4,3.4329,11.243,36.949,15.749
16,4,8.4793,11.174,36.348,14.843
16,4,5.999,10.837,33.015,13.26
16,4,5.0185,10.976,33.632,13.104
16,4,5.1313,11.031,32.363,11.797
16,4,5.9161,11.313,35.228,13.547
16,4,5.7106,11.433,36.175,13.812
16,4,7.2593,10.97,33.587,13.306
16,4,6.5538,11.115,35.82,14.926
16,4,5.0368,11.268,36.433,14.968
16,4,4.44,11.602,38.792,15.971
16,4,6.3581,11.216,36.161,14.772
16,4,3.6991,10.87,33.015,12.961
16,4,5.1344,11.255,36.842,15.173
16,4,7.0303,11.162,34.929,13.999
16,4,8.3421,11.1,34.381,13.385
16,4,7.1577,10.846,32.506,12.769
16,4,3.7583,11.625,37.037,14.033
16,4,6.5419,11.236,36.353,14.709
16,4,5.9726,11.149,35.166,14.262
16,4,4.914,11.307,37.531,15.474
16,4,7.3524,11.767,38.778,15.643
16,4,4.3777,11.215,34.649,13.441
16,4,4.8315,11.597,38.377,15.51
16,4,5.4571,11.271,35.492,14.1
16,4,8.4179,11.295,36.09,14.65
16,4,6.8589,10.919,34.691,14.598
16,4,3.9552,11.239,35.76,14.475
16,4,6.5712,11.495,37.696,15.512
16,4,6.6699,11.13,34.392,13.134
16,4,4.029,11.198,36.459,15.145
16,4,4.2871,11.297,36.224,14.242
16,4,6.0369,11.118,33.369,12.649
16,4,4.4495,11.21,35.633,14.18
16,4,8.2167,10.918,34.89,14.613
16,4,3.9077,11.046,35.207,14.358
16,4,5.1001,10.927,34.237,13.801
16,4,6.3836,11.176,35.434,13.934
16,4,5.8717,11.43,36.254,14.29
16,4,7.9225,11.211,34.248,13.352
16,4,4.1796,11.227,35.185,13.98
16,4,6.2309,11.57,38.266,15.949
16,4,5.2128,11.034,34.123,13.861
16,4,5.0312,10.957,32.606,12.733
16,4,7.6599,11.179,35.295,13.995
16,4,5.1902,11.256,37.471,15.929
16,4,4.1756,11.243,34.944,13.744
16,4,3.7951,11.627,36.305,13.389
16,4,4.2447,11.352,34.363,12.733
16,4,6.0299,11.13,36.604,15.542
16,4,5.4423,11.038,34.045,13.478
16,4,6.7645,11.03,32.71,12.565
16,4,5.9774,11.208,35.595,14.087
16,4,6.3116,11.429,38.025,15.949
16,4,6.4965,10.968,33.653,13.405
16,4,7.4558,10.896,33.541,13.345
16,4,5.1554,11.175,36.378,15.215
16,4,6.5209,11.015,34.23,13.806
16,4,8.211,10.547,31.065,12.361
16,4,5.2295,11.431,37.54,15.735
16,4,6.8736,10.94,33.528,13.403
16,4,4.0988,11.51,37.185,14.588
16,4,5.5799,11.316,36.889,14.955
16,4,4.8666,11.21,36.831,15.401
16,4,4.2863,11.01,34.403,14.147
16,4,4.7048,11.696,41.153,17.62
16,4,6.9718,11.023,35.463,14.799
16,4,5.1459,10.859,33.085,12.994
16,4,4.9799,11.408,37.919,15.755
16,4,4.9136,11.123,36.478,15.535
16,4,7.5768,11.327,36.46,14.741
16,4,6.13,10.918,34.557,14.218
16,4,4.2294,11.099,34.954,14.187
16,4,4.5563,11.052,34.575,13.964
16,4,4.5685,11.363,37.138,15.274
16,4,6.9444,10.973,33.375,13.164
16,4,7.1405,11.253,34.281,12.971
16,4,6.5128,10.889,32.024,12.061
16,4,4.5502,11.093,33.308,12.401
16,4,6.2386,10.833,31.975,12.364
16,4,6.7009,11.35,36.284,14.664
16,4,5.3562,11.251,35.757,14.47
16,4,5.1267,11.075,34.52,13.663
16,4,5.4979,10.939,34.068,13.53
16,4,3.9606,10.968,33.124,12.77
16,4,7.9976,10.832,31.847,12.277
16,4,6.1481,11.076,34.83,14.029
16,4,6.041,11.462,37.653,15.43
16,4,6.3846,11.187,36.689,15.355
16,4,5.3334,11.356,36.689,14.759
16,4,7.4517,11.43,37.548,15.248
16,4,7.2421,11.121,34.548,13.707
16,4,6.9726,11.114,33.971,13.295
16,4,5.5809,11.143,34.897,14.051
16,4,4.1931,11.11,33.451,12.868
16,4,7.5772,10.732,31.804,12.615
16,4,5.8228,11.068,36.045,15.352
16,4,4.3616,11.312,36.934,15.395
16,4,5.0752,10.937,33.732,13.404
16,4,7.2866,10.916,32.627,12.548
16,4,7.6356,11.153,37.255,15.904
16,4,4.3874,11.272,35.823,14.196
16,4,6.6008,11.064,33.752,13.364
16,4,5.704,11.228,34.748,13.608
16,4,4.0375,11.394,37.984,15.915
16,4,4.8762,11.291,35.141,13.568
16,4,4.5818,11.203,34.798,13.708
16,4,3.4895,11.357,34.835,13.233
16,4,4.9357,11.343,38.254,16.201
16,4,8.8081,10.996,34.334,13.944
16,4,7.6359,10.793,32.231,12.701
16,4,5.2738,11.039,34.247,13.772
16,4,6.2807,10.853,33.956,14.149
16,4,5.1944,11.255,33.602,12.424
16,4,4.3205,10.98,33.028,12.517
16,4,6.3298,11.035,34.828,14.269
16,4,5.6875,11.115,35.617,14.839
16,4,6.0579,11.609,38.883,15.698
16,4,5.094,11.114,34.417,13.557
16,4,7.0424,11.461,37.037,14.916
16,4,4.7898,11.141,34.627,13.557
16,4,5.3,10.98,33.644,12.942
16,4,6.7064,11.124,36.175,15.335
16,4,5.1119,11.182,34.94,14.18
16,4,6.0724,10.976,32.283,12.172
16,4,6.2364,11.388,38.329,16.184
16,4,6.7386,11.142,33.41,12.224
16,4,4.5671,11.063,35.198,14.4
16,4,5.0624,11.032,32.783,11.902
16,4,6.2813,11.412,37.197,15.222
16,4,5.1824,10.83,31.869,12.277
16,4,4.8339,11.018,34.63,14.205
16,4,6.5496,11.109,35.693,14.834
16,4,6.8823,10.937,34.933,14.352
16,4,6.1877,11.456,37.091,14.916
16,4,6.1847,10.915,34.16,14.117
16,4,5.1572,11.112,33.921,13.205
16,4,4.3586,10.732,31.224,11.479
16,4,7.8275,11.155,35.91,14.822
16,4,8.3532,10.89,33.492,13.441
16,4,4.4536,11.204,34.931,13.985
16,4,6.3219,11.383,37.054,15.076
16,4,6.3592,11.152,35.148,14.012
16,4,4.8387,11.5,37.714,15.115
16,4,7.0172,11.289,36.411,14.729
16,4,5.8489,10.987,33.239,13.071
16,4,5.9876,10.819,32.46,12.785
16,4,4.3234,10.991,33.739,13.133
16,4,7.1693,11.214,36.249,14.876
16,4,6.0744,11.378,36.782,15.182
16,4,4.7154,11.661,38.188,15.04
16,4,7.0587,10.927,32.33,12.202
16,4,5.8302,10.885,34.162,13.94
16,4,5.6068,11.545,37.15,14.432
16,4,6.3848,11.191,35.7,14.289
16,4,6.5836,11.003,33.264,12.57
16,4,3.9502,11.356,37.235,15.353
16,4,7.8197,10.939,35.033,14.476
16,4,6.1746,11.439,37.962,15.673
16,4,6.0681,11.237,36.681,15.354
16,4,7.4891,11.389,36.217,14.408
16,4,4.8918,10.973,33.167,12.831
16,4,3.6255,11.076,33.319,12.586
16,4,5.9629,11.17,35.213,13.982
16,4,4.826,11.343,36.701,14.65
16,4,4.7072,11.655,37.952,15.047
16,4,6.4944,11.122,35.715,14.67
16,4,6.5044,11.484,38.499,15.919
16,4,4.1359,10.713,31.478,12.165
16,4,4.2904,11.213,34.743,13.378
16,4,4.4053,11.424,36.506,14.355
16,4,7.3859,11.126,34.285,13.424
16,4,5.4801,11.222,36.187,14.867
16,4,6.2129,11.628,38.93,15.681
16,4,6.2847,11.019,34.185,13.525
16,4,5.3518,11.392,37.385,15.567
16,4,8.0051,10.776,30.604,11.236
16,4,7.244,11.22,34.376,13.246
16,4,4.5977,11.374,36.672,14.629
16,4,5.5434,11.364,36.204,14.208
16,4,6.4679,11.119,36.178,15.386
16,4,4.7479,11.02,34.168,13.669
16,4,5.09,11.235,36.244,15.008
16,4,7.6833,11.001,34.771,14.241
16,4,6.5976,11.107,36.146,15.129
16,4,8.6717,10.691,31.246,11.762
16,4,6.7952,11.035,33.652,13.354
16,4,4.8006,11.256,34.294,13.181
16,4,5.4959,11.681,39.309,16.221
16,4,5.2732,11.264,34.165,13.196
16,4,8.2261,11.164,35.254,14.415
16,4,4.9289,11.477,37.646,15.226
16,4,4.13,11.142,34.56,13.659
16,4,6.6793,11.132,34.164,13.49
16,4,6.0506,11.097,34.767,13.917
16,4,5.4717,11.739,40.105,16.349
16,4,4.8876,11.621,37.79,14.915
16,4,5.4591,11.516,38.219,15.558
16,4,4.8972,11.227,34.661,13.336
16,4,7.404,10.859,32.219,12.636
16,4,6.0043,11.214,35.698,14.416
16,4,6.926,11.133,36.385,15.286
16,4,7.8911,11.135,35.583,14.692
16,4,5.6946,11.036,32.511,12.091
16,4,7.4965,10.863,32.767,13.105
16,4,5.7649,11.032,33.913,13.345
16,4,6.4189,11.201,35.564,14.259
16,4,4.8131,11.375,37.396,15.534
16,4,4.9329,11.424,35.609,13.379
16,4,7.1447,11.14,36.485,15.225
16,4,5.3103,10.932,32.562,12.599
16,4,7.2128,10.739,32.791,13.194
16,4,5.7271,11.122,33.244,12.711
16,4,6.4466,11.113,34.045,13.096
16,4,3.9116,11.084,34.25,13.651
16,4,5.2937,11.231,35.159,13.361
16,4,4.6544,11.491,38.279,15.785
16,4,6.2772,11.021,33.964,13.616
16,4,5.7292,11.571,38.141,15.363
16,4,7.1149,10.977,33.774,13.306
16,4,4.9592,10.877,32.969,12.955
16,4,8.4239,10.786,31.837,12.166
16,4,3.7226,11.368,36.433,14.613
16,4,3.7628,11.636,38.692,15.948
16,4,5.4633,11.073,35.13,14.366
16,4,3.6697,11.389,35.042,13.349
16,4,4.5616,11.191,34.342,13.301
16,4,5.713,11.716,39.822,16.141
16,4,6.7104,11.528,38.045,15.042
16,4,6.3156,11.438,36.252,14.03
16,4,6.5646,11.508,36.416,14.016
16,4,5.0363,10.871,33.22,13.142
16,4,6.3877,11.146,34.211,13.444
16,4,4.5923,10.98,32.869,12.645
16,4,4.2384,11.178,36.327,15.338
16,4,2.6394,11.329,37.199,15.703
16,4,4.8419,11.176,33.947,12.946
16,4,3.7354,10.982,33.919,13.491
16,4,5.2821,11.42,35.523,13.512
16,4,6.3654,11.256,35.345,13.994
16,4,5.8103,10.918,33.334,13.348
16,4,6.5268,11.169,35.392,14.444
16,4,6.0599,11.163,35.466,14.116
16,4,5.4868,11.226,35.137,14.088
16,4,5.897,11.06,32.844,12.386
16,4,7.0991,11.374,35.584,13.69
16,4,6.1975,11.336,34.8,13.217
16,4,4.209,11,34.477,14.137
16,4,5.7678,11.215,37.675,16.321
16,4,4.5223,11.043,34.204,13.591
16,4,5.4393,11.225,35.835,14.691
16,4,7.0807,11.127,34.812,13.981
16,4,6.4628,11.671,39.664,16.447
16,4,5.3585,11.233,35.784,14.348
16,4,4.581,11.629,38.816,15.571
16,4,6.0137,11.362,37.505,15.766
16,4,4.6214,10.944,34.307,13.942
16,4,4.6105,10.766,31.726,12.388
16,4,6.1402,10.804,32.378,13.015
16,4,6.4203,11.033,34.881,14.412
16,4,5.3564,11.08,32.988,12.702
16,4,3.6375,11.323,37.125,15.445
16,4,7.6417,11.021,33.288,12.988
16,4,5.4814,11.411,37.98,15.736
16,4,5.89,11.279,35.988,14.582
16,4,5.4,10.53,30.2,11.618
16,4,5.0059,10.931,33.634,13.33
16,4,4.8399,11.19,34.78,13.766
16,4,4.139,11.01,34.173,13.64
16,4,5.9795,11.769,40.457,16.798
16,4,4.5074,11.283,36.651,15.261
16,4,5.5301,10.758,32.794,13.381
16,4,5.1044,11.227,35.299,13.833
16,4,6.4367,10.985,33.661,13.466
16,4,3.9532,10.949,33.775,13.4
16,4,5.6035,10.88,33.427,13.355
16,4,5.335,10.941,35.147,14.974
16,4,8.773,10.791,32.436,12.705
16,4,5.3233,11.337,36.077,13.876
16,4,9.5019,11.25,35.075,13.466
16,4,8.302,11.101,34.281,13.77
16,4,7.1525,11.179,35.808,14.115
16,4,7.0736,11.539,37.264,14.978
16,4,4.1469,11.356,36.099,14.575
16,4,5.5403,11.172,34.193,12.74
16,4,6.0928,11.423,37.597,15.523
16,4,6.404,10.691,30.696,11.578
16,4,4.773,11.197,34.899,13.73
16,4,5.258,10.847,33.062,13.22
16,4,3.5745,11.369,34.031,12.166
16,4,4.2065,11.203,34.899,13.8
16,4,4.5684,11.023,33.988,13.45
16,4,5.2541,11.193,34.358,13.188
16,4,4.1736,10.883,33.242,13.111
16,4,5.485,10.997,33.997,13.758
16,4,4.6776,11.103,35.643,14.719
16,4,7.2293,10.975,34.149,13.41
16,4,6.2676,11.271,36.374,14.635
16,4,3.2238,11.373,36.002,14.057
16,4,3.8627,10.951,33.796,13.685
16,4,6.3361,11.155,35.187,14.316
16,4,7.4387,11.271,37.618,16.017
16,4,6.7832,11.405,35.844,14.168
16,4,6.0302,11.357,35.031,12.95
16,4,6.2202,11.251,35.853,14.261
16,4,10.187,10.704,32.815,13.705
16,4,6.2196,11.286,36.336,14.913
16,4,4.9895,11.234,33.61,12.456
16,4,3.9978,10.932,33.533,13.085
16,4,4.718,11.297,35.168,14.138
16,4,4.1817,11.053,34.937,14.292
16,4,5.0658,11.16,32.85,12.371
16,4,4.9172,11.167,34.894,14.115
16,4,3.7177,11.381,36.208,14.212
16,4,5.9578,11.258,36.777,15.391
16,4,5.4995,11.236,37.488,16.064
16,4,7.5495,10.627,30.893,12.121
16,4,4.0928,11.288,37.713,15.736
16,4,7.8228,11.234,36.117,14.766
16,4,5.8321,11.024,34.705,14.178
16,4,5.1328,11.151,34.286,13.626
16,4,7.0478,10.988,33.861,12.902
16,4,6.767,10.798,32.326,12.71
16,4,5.1525,10.96,33.516,13.183
16,4,4.3852,10.982,32.343,12.059
16,4,4.2997,11.627,39.918,16.801
16,4,6.156,10.975,34.373,13.779
16,4,5.6163,11.571,38.141,15.363
16,4,5.3198,11.455,36.766,14.489
16,4,6.4516,11.177,35.419,14.094
16,4,3.5637,11.373,36.386,13.584
16,4,7.346,11.051,35.722,14.995
16,4,5.9535,11.015,35.115,14.546
16,4,5.444,10.984,35.788,15.182
16,4,5.6862,10.893,31.97,12.272
16,4,7.2985,11.526,39.354,16.465
16,4,6.605,11.338,37.889,15.984
16,4,6.4267,10.752,31.513,12.44
16,4,3.8987,10.909,34.198,13.914
16,4,5.573,11.265,35.823,14.421
16,4,5.014,10.94,34.747,14.315
16,4,5.8076,11.228,35.19,13.764
16,4,5.9309,11.47,37.015,14.682
16,4,6.5781,11.128,34.883,13.914
16,4,5.5713,11.17,34.487,13.383
16,4,4.4145,11.34,36.662,15.056
16,4,4.6955,11.262,33.479,11.958
16,4,8.7519,10.958,33.481,12.995
16,4,4.7342,11.076,33.134,12.724
16,4,4.8882,11.154,35.046,13.672
16,4,6.6912,11.149,34.477,13.559
16,4,5.9768,11.086,34.921,14.362
16,4,4.8246,10.893,32.081,12.367
16,4,3.4988,11.548,36.807,14.181
16,4,6.3295,11.482,38.069,15.495
16,4,4.2835,11.114,35.421,14.653
16,4,4.7215,11.587,37.691,14.181
16,4,5.2362,11.102,36.116,15.324
16,4,6.0936,10.914,33.274,13.408
16,4,4.3855,11.343,36.614,14.766
16,4,6.8658,11.598,37.968,15.218
16,4,5.3382,11.148,34.597,13.451
16,4,4.8155,11.237,36.162,14.815
16,4,5.1922,11.227,36.451,14.883
16,4,5.6037,10.741,31.253,11.681
16,4,3.9328,11.739,40.217,16.74
16,4,5.9897,10.747,32.093,12.792
16,4,5.1273,11.084,34.335,13.429
16,4,6.068,11.378,37.396,15.651
16,4,7.0977,10.66,31.076,11.87
16,4,6.3691,11.324,35.695,13.545
16,4,7.477,10.717,33.96,14.613
16,4,5.333,11.119,35.654,14.318
16,4,6.823,11.173,34.557,13.729
16,4,6.4496,11.324,36.282,14.712
16,4,5.3392,11.077,35.606,14.882
16,4,4.0622,11.667,39.375,16.512
16,4,5.9582,11.28,37.428,15.706
16,4,5.3135,11.151,34.962,14.002
16,4,4.7311,10.675,30.483,11.709
16,4,4.9947,11.136,34.879,14.281
16,4,3.0731,11.133,35.102,14.568
16,4,5.6368,11.105,34.899,14.112
16,4,5.245,11.115,33.318,12.582
16,4,5.7865,10.977,34.984,14.479
16,4,7.2452,11.121,34.226,13.676
16,4,5.4659,10.831,33.2,13.419
16,4,5.8502,11.361,36.603,14.705
16,4,4.9105,11.477,37.11,14.881
16,4,6.5131,11.419,37.061,15.176
16,4,7.1427,11.517,38.415,16.228
16,4,4.9362,11.221,36.181,14.906
16,4,4.6991,11.421,34.804,13.127
16,4,4.1057,11.194,35.884,14.295
16,4,6.0414,11.389,36.868,14.947
16,4,4.4538,11.289,35.714,14.07
16,4,5.6936,11.055,33.488,13.122
16,4,6.8036,11.468,36.909,14.999
16,4,8.0043,11.406,36.639,14.796
16,4,3.8797,11.185,34.937,13.325
16,4,6.3487,11.035,34.145,13.597
16,4,6.582,11.51,38.627,16.18
16,4,9.0327,10.946,31.954,12.021
16,4,6.8065,10.984,32.864,12.411
16,4,6.3405,11.226,36.924,15.398
16,4,5.0662,10.959,33.261,13.224
16,4,3.7737,11.301,35.875,14.279
16,4,5.3532,11.354,37.536,15.448
16,4,6.131,11.404,37.453,15.374
16,4,4.9962,11.331,36.437,14.767
16,4,4.6148,10.905,34.853,14.528
16,4,6.8346,11.331,35.922,14.357
16,4,3.7305,11.367,35.345,13.071
16,4,5.6802,10.91,32.322,12.297
16,4,7.76,11.092,36.019,15.173
16,4,4.9187,11.007,35.098,14.579
16,4,6.5681,10.947,33.325,13.247
16,4,4.5295,11.563,36.625,13.969
16,4,5.8038,11.245,35.513,13.762
16,4,6.5191,11.119,33.614,12.611
16,4,4.9326,11.379,35.991,14.356
16,4,8.7147,11.346,37.287,15.421
16,4,5.2656,11.244,35.97,14.542
16,4,5.254,10.966,31.929,11.901
16,4,6.5463,10.755,31.146,11.65
16,4,6.9433,10.882,33.682,13.563
16,4,4.5579,11.058,35.379,14.444
16,4,5.3371,11.3,35.985,14.116
16,4,4.1982,11.116,34.942,14.115
16,4,8.4506,11.121,35.39,14.095
16,4,4.9003,11.214,34.388,13.52
16,4,5.9014,11.266,35.321,13.979
16,4,6.2919,10.722,32.393,13.082
16,4,6.5348,11.08,34.683,14.104
16,4,6.7249,11.15,35.34,14.231
16,4,7.0017,10.96,33.833,13.726
16,4,5.1366,11.191,35.055,13.929
16,4,5.2602,11.751,40.277,16.545
16,4,8.4358,11.141,34.21,13.03
16,4,9.3846,10.743,33.673,14.09
16,4,6.0042,11.108,35.114,14.017
16,4,6.4044,11.314,35.274,13.985
16,4,6.4833,11.027,33.249,12.711
16,4,5.3578,11.2,36.679,15.456
16,4,4.5354,11.453,37.516,15.258
16,4,5.5204,11.303,35.573,13.874
16,4,5.8239,11.639,39.082,15.954
16,4,8.1057,10.955,33.046,12.898
16,4,5.2055,11.361,35.109,12.872
16,4,4.9656,11.047,35.277,14.839
16,4,5.2409,10.92,34.225,14.035
16,4,4.9135,11.286,36.299,14.559
16,4,4.3547,11.184,35.472,14.127
16,4,5.1509,10.925,33.233,13.02
16,4,6.1586,11.073,35.221,14.342
16,4,6.6896,10.998,34.826,14.374
16,4,3.8235,11.518,39.153,16.721
16,4,4.7856,11.517,37.575,15.432
16,4,3.9216,10.92,34.501,14.338
16,4,4.1072,11.403,35.668,13.524
16,4,4.4333,11.265,34.284,13.032
16,4,5.292,11.179,35.241,14.206
16,4,5.923,11.25,34.798,13.349
16,4,6.2286,11.616,37.177,14.769
16,4,5.9764,10.76,31.778,12.306
16,4,4.4289,11.271,36.692,15.031
16,4,6.6034,10.936,32.372,12.16
16,4,6.1841,10.588,31.145,12.385
16,4,4.9485,11.419,38.743,16.392
16,4,5.5572,10.886,31.865,12.187
16,4,3.7065,11.298,36.968,15.164
16,4,6.8731,11.316,36.973,15.093
16,4,4.6027,11.316,36.427,14.88
16,4,6.1354,11.119,35.017,13.841
16,4,4.7649,10.83,33.772,13.538
16,4,5.4398,11.036,33.923,13.117
16,4,4.2656,11.347,36.512,14.632
16,4,6.8505,11.286,35.98,14.389
16,4,5.1234,11.203,34.338,13.594
16,4,5.4533,11.51,37.407,14.568
16,4,5.6479,11.463,36.812,14.566
16,4,6.9284,11.48,38.578,16.218
16,4,6.1974,11.182,33.593,12.369
16,4,5.7213,10.94,33.762,13.44
16,4,6.6386,11.131,35.276,13.675
16,4,4.7123,11.138,34.822,14.19
16,4,6.9054,11.287,35.921,14.597
16,4,5.2799,11.286,35.713,14.48
16,4,5.7911,11.126,34.909,13.598
16,4,5.0064,10.998,34.421,13.655
16,4,7.06,11.04,33.858,13.119
16,4,7.1449,11.383,36.435,14.87
16,4,3.6692,10.84,31.497,11.916
16,4,6.5002,11.289,34.585,13.254
16,4,8.0684,11.07,34.444,13.888
16,4,4.1959,11.289,36.327,14.739
16,4,5.724,11.523,37.288,14.956
16,4,5.1105,10.907,33.546,12.956
16,4,4.3199,10.863,33.216,13.369
16,4,5.5351,11.413,35.372,13.665
16,4,5.4406,11.623,40.207,16.99
16,4,5.4807,11.088,33.9,13.034
16,4,4.2861,11.194,35.065,14.143
16,4,4.4243,11.149,35.356,14.172
16,4,5.6161,11.155,35.29,14.122
16,4,4.3289,11.24,34.623,13.373
16,4,4.646,11.433,36.338,14.36
16,4,6.3225,11.43,37.903,15.739
16,4,5.0854,11.024,33.349,12.813
16,4,4.4918,11.104,34.122,13.37
16,4,5.2363,11.453,37.087,14.748
16,4,4.8726,11.463,35.546,13.543
16,4,6.5111,10.727,33.463,13.925
16,4,7.8558,11.028,35.801,14.992
16,4,7.8278,11.427,38.562,16.422
16,4,7.0355,10.424,29.702,11.673
16,4,6.8925,11.111,34.451,13.807
16,4,5.524,11.126,34.396,13.763
16,4,6.35,11.051,33.648,13.23
16,4,5.4943,11.106,35.525,14.538
16,4,5.9708,11.66,38.097,15.344
16,4,5.3478,10.983,34.523,14.198
16,4,5.2782,10.681,32.956,13.697
16,4,4.8393,11.524,35.744,13.322
16,4,4.6473,11.152,35.702,15.075
16,4,4.9167,10.631,31.758,12.648
16,4,3.7775,11.076,34.318,13.864
16,4,7.1916,10.604,31.17,12.316
16,4,6.2471,11.055,34.268,13.891
16,4,5.2481,11.541,38.656,16.121
16,4,5.1894,11.127,34.864,14.034
16,4,5.3824,11.208,34.396,12.94
16,4,5.6712,11.11,34.749,13.814
16,4,5.2511,10.946,34.195,13.588
16,4,5.375,11.35,37.826,15.758
16,4,7.372,11.364,36.121,14.162
16,4,5.8434,11.241,36.938,15.521
16,4,4.7948,10.975,33.176,13.107
16,4,5.6627,11.475,38.219,15.863
16,4,4.7008,11.349,36.879,15.072
16,4,5.1125,11.029,33.852,13.361
16,4,5.0249,11.318,36.615,14.866
16,4,5.0353,11.298,37.45,16.037
16,4,6.1744,10.724,32.652,13.125
16,4,5.3691,11.323,36.043,14.201
16,4,4.2898,11.433,37.365,15.411
16,4,3.8534,11.164,34.974,13.596
16,4,5.1024,11.114,33.992,13.378
16,4,5.6017,10.894,33.642,13.428
16,4,5.9072,11.268,34.987,13.295
16,4,5.0358,11.282,36.48,14.557
16,4,6.3899,11.212,36.556,15.088
16,4,5.3484,11.213,36.2,14.811
16,4,4.8065,11.392,36.736,14.607
16,4,6.0343,11.372,35.178,13.038
16,4,4.3992,11.02,33.806,13.187
16,4,4.0144,11.279,36.161,14.23
16,4,2.8131,11.538,39.516,16.71
16,4,5.1576,11.118,34.38,13.538
16,4,3.3616,11.226,34.145,13.04
16,4,4.1872,11.605,36.769,14.074
16,4,6.0807,11.233,36.043,14.804
16,4,5.194,11.613,37.832,15.074
16,4,4.7478,11.29,35.695,13.956
16,4,5.7172,11.13,35.911,14.735
16,4,5.4311,11.368,34.9,13.057
16,4,6.3075,11.037,34.257,13.449
16,4,3.4256,11.606,38.202,15.242
16,4,5.6842,11.27,35.029,13.86
16,4,7.4106,11.161,36.7,15.378
16,4,4.8689,10.678,32.546,13.085
16,4,5.4256,10.961,34.671,14.347
16,4,3.9361,11.412,36.28,14.685
16,4,7.7803,10.562,31.192,12.473
16,4,6.6002,11.263,36.524,14.68
16,4,5.0201,10.676,30.445,11.316
16,4,4.6423,11.472,36.397,14.341
16,4,9.0981,11.197,34.348,13.39
16,4,6.2485,11.24,35.88,14.803
16,4,5.5705,11.687,39.429,16.226
16,4,4.8081,11.285,34.835,13.669
16,4,5.8194,11.213,35.706,14.541
16,4,5.3895,11.21,36.091,14.627
16,4,6.5372,10.792,32.112,12.641
16,4,6.2722,11.177,34.731,13.845
16,4,3.9444,11.054,34.038,13.459
16,4,5.3879,11.128,35.579,14.546
16,4,6.9285,11.567,37.616,15.283
16,4,5.9623,11.216,34.386,13.141
16,4,8.0827,11.367,35.926,14.172
16,4,3.7707,11.107,34.251,12.954
16,4,4.6255,11.201,34.405,13.313
16,4,4.6241,10.877,33.5,13.579
16,4,4.9681,10.927,32.852,12.366
16,4,7.0584,11.039,35.023,14.395
16,4,4.4869,11.264,35.697,14.175
16,4,6.1779,11.209,34.43,13.17
16,4,7.0671,11.386,36.915,15.019
16,4,7.278,11.01,34.71,14.101
16,4,5.2084,11.724,38.715,15.568
16,4,4.6604,11.381,38.148,15.846
16,4,4.8194,11.137,35.303,14.577
16,4,5.9644,11.27,34.71,13.192
16,4,6.4173,10.997,32.641,12.128
16,4,6.01,11.41,33.961,12.406
16,4,4.8555,11.114,34.338,13.711
16,4,6.0879,11.037,35.18,14.439
16,4,6.299,11.224,36.146,14.566
16,4,4.6581,11.6,37.676,15.083
16,4,5.6602,10.912,33.732,13.162
16,4,6.5015,10.91,33.653,13.893
16,4,5.7424,11.4,36.958,14.874
16,4,4.8144,10.755,32.002,12.628
16,4,4.0832,11.263,36.736,15.28
16,4,4.2254,11.186,36.308,14.946
16,4,4.5566,11.659,39.881,16.655
16,4,4.0121,10.842,33.147,13.309
16,4,3.6927,11.579,38.122,15.388
16,4,4.8177,10.98,32.855,12.329
16,4,5.8672,11.091,34.868,13.759
16,4,6.6925,10.844,33.27,13.044
16,4,7.1666,11.38,35.933,13.926
16,4,8.2101,11.083,33.035,12.544
16,4,4.8487,10.967,33.278,12.788
16,4,6.089,11.281,35.854,14.372
16,4,6.4136,11.356,36.918,15.237
16,4,6.7888,11.377,36.566,14.571
16,4,8.7414,10.893,32.817,12.923
16,4,4.3785,11.243,36.849,15.175
16,4,4.2028,11.539,38.449,15.978
16,4,5.5037,11.068,35.384,14.795
16,4,6.2227,11.179,35.33,14.113
16,4,4.3459,11.029,35,14.418
16,4,6.4204,11.204,35.182,13.976
16,4,4.4327,11.366,37.003,15.086
16,4,7.8155,10.889,31.482,11.621
16,4,6.5011,11.759,39.935,16.615
16,4,4.7054,11.46,38.008,15.664
16,4,6.2086,11.047,34.476,13.86
16,4,4.4978,11.312,35.336,13.762
16,4,6.8885,11.045,33.648,13.356
16,4,5.4614,11.031,34.208,13.755
16,4,6.0185,10.768,31.906,12.737
16,4,5.8814,11.013,35.124,14.763
16,4,5.0607,11.153,34.096,13.296
16,4,6.2826,11.227,36.385,14.964
16,4,5.1875,11.098,33.717,12.741
16,4,4.6872,10.944,34.047,13.612
16,4,6.2708,10.988,31.979,12.005
16,4,5.4412,11.129,34.844,13.972
16,4,6.2419,10.993,33.595,13.163
16,4,3.4263,11.217,35.494,14.308
16,4,8.5295,11.115,36.104,15.082
16,4,6.4819,10.728,31.779,12.522
16,4,4.6868,11.275,36.49,15.291
16,4,5.8314,10.737,31.858,12.517
16,4,4.8074,10.731,31.53,12
16,4,5.1757,11.755,39.982,16.538
16,4,4.782,11.472,36.621,14.381
16,4,4.8012,11.072,33.359,13.187
16,4,5.5659,11.008,35.672,14.937
16,4,8.0637,11.399,35.85,13.993
16,4,4.9547,10.893,33.312,13.371
16,4,3.8339,11.069,34.485,13.821
16,4,5.5375,11.485,38.713,16.346
16,4,5.1791,11.192,35.596,14.13
16,4,7.5817,11.123,33.824,12.636
16,4,6.1251,10.433,30.588,12.343
16,4,5.9529,11.47,37.513,15.373
16,4,9.5175,11.465,37.279,14.949
16,4,4.8055,10.92,31.54,11.161
16,4,5.8832,11.048,34.844,14.275
16,4,9.3631,11.217,36.11,14.857
16,4,6.7708,11.517,36.682,13.974
16,4,4.4665,11.215,36.161,14.688
16,4,9.1198,11.528,37.267,14.396
16,4,8.5859,10.842,32.589,12.63
16,4,3.8939,11.074,34.857,14.179
16,4,5.1315,10.865,32.088,12.243
16,4,8.0191,10.691,32.336,13.065
16,4,4.3625,11.342,35.183,13.389
16,4,3.9424,10.944,32.32,11.208
16,4,4.2941,11.416,36.448,14.321
16,4,6.6352,11.159,35.484,14.383
16,4,4.885,11.727,38.643,15.585
16,4,7.2363,11.196,34.668,13.598
16,4,5.2157,11.233,35.297,13.904
16,4,4.703,11.126,34.965,13.832
16,4,4.6283,11.289,35.247,13.935
16,4,5.5721,11.365,35.111,13.322
16,4,4.5622,10.918,33.647,13.395
16,4,7.4691,11.019,32.997,12.574
16,4,4.6732,10.67,30.633,11.647
16,4,5.3833,10.857,33.862,13.607
16,4,5.4159,11.43,36.88,14.767
16,4,6.5658,11.231,36.788,15.094
16,4,7.0646,11.274,35.816,14.622
16,4,7.9962,11.359,38.26,16.139
16,4,4.5328,11.159,35.63,14.237
16,4,4.3483,11.084,35.254,14.387
16,4,5.1168,11.344,37.225,15.247
16,4,9.2375,10.948,33.844,13.459
16,4,5.0291,11.269,37.395,15.554
16,4,7.1361,11.327,38.897,16.771
16,4,5.4081,10.963,33.972,13.635
16,4,6.5513,10.73,31.772,12.312
16,4,5.0085,11.064,34.596,13.923
16,4,3.9269,11.63,38.888,15.992
16,4,3.9611,10.975,34.611,14.34
16,4,5.1756,11.312,36.64,15.204
16,4,4.7699,11.7,39.718,16.33
16,4,7.3622,10.831,31.74,11.597
16,4,5.3399,11.443,37.837,15.477
16,4,9.1083,10.685,31.611,12.441
16,4,5.0994,11.573,37.066,14.494
16,4,3.5902,11.407,34.683,13.331
16,4,6.8579,11.328,36.874,15.036
16,4,4.8153,10.941,34.586,14.49
16,4,5.9735,11.288,36.069,14.432
16,4,6.8237,11.193,36.55,15.274
16,4,6.412,10.985,35.01,14.46
16,4,5.0036,10.822,33.342,13.538
16,4,5.6003,11.496,38.525,16.046
16,4,7.2872,11.071,35.397,14.518
16,4,5.7511,11.143,36.69,15.469
16,4,3.5032,11.179,35.029,14.058
16,4,4.7779,11.132,34.103,13.035
16,4,5.6276,11.499,37.077,14.913
16,4,8.1317,11.054,34.579,13.73
16,5,8.7045,12.543,45.22,18.234
16,5,5.3382,12.295,44.384,18.575
16,5,5.1045,12.758,47.211,19.35
16,5,4.5354,12.889,48.315,19.917
16,5,5.8957,12.329,42.858,16.488
16,5,6.2812,12.473,44.658,18.115
16,5,4.9248,12.055,43.03,17.968
16,5,5.7549,12.479,45.541,18.261
16,5,8.3052,12.476,45.077,18.296
16,5,6.8188,12.024,41.94,16.96
16,5,4.1484,12.575,45.444,17.685
16,5,6.9464,12.052,42.374,17.785
16,5,6.2288,12.707,45.968,18.468
16,5,5.4516,12.433,43.033,16.189
16,5,5.1635,12.257,42.872,17.279
16,5,7.3795,12.689,48.409,20.488
16,5,4.7537,12.389,46.576,19.764
16,5,5.174,12.401,45.559,19.436
16,5,6.8547,12.543,46.256,19.43
16,5,6.928,12.52,45.539,18.213
16,5,7.2904,12.986,50.188,21.419
16,5,4.4734,12.431,47.257,20.494
16,5,8.2805,12.384,43.512,17.169
16,5,4.2209,12.895,48.454,20.093
16,5,4.1144,12.57,44.96,17.971
16,5,4.8843,12.894,47.756,19.329
16,5,4.6292,12.483,47.153,20.158
16,5,5.6831,12.52,45.094,18.223
16,5,7.3749,12.442,45.569,18.799
16,5,7.0437,12.691,46.63,18.569
16,5,6.7655,12.221,41.925,16.687
16,5,4.1618,12.742,46.566,19.033
16,5,4.6763,12.555,46.124,19.297
16,5,6.2074,12.454,45.022,18.153
16,5,7.4006,12.035,42.246,17.451
16,5,6.4033,12.239,42.456,16.894
16,5,5.128,12.536,46.732,19.983
16,5,5.8219,12.319,44.828,18.87
16,5,3.2181,13.202,51.419,21.168
16,5,5.6672,12.519,44.21,17.254
16,5,4.7275,12.272,45.262,19.364
16,5,5.0819,12.342,44.628,18.669
16,5,3.8829,12.665,46.471,18.67
16,5,5.4591,12.321,43.412,17.597
16,5,5.023,12.978,48.127,19.211
16,5,5.7349,12.8,47.265,19.222
16,5,4.2994,12.471,45.402,18.649
16,5,5.7422,12.341,44.802,18.663
16,5,5.3743,12.74,46.969,19.361
16,5,6.1494,12.602,48.412,21.024
16,5,4.6166,12.679,48.036,20.306
16,5,6.4508,13.114,50.346,21.252
16,5,6.0458,12.403,44.449,18.101
16,5,4.5808,12.941,49.261,20.783
16,5,4.661,12.536,44.686,18
16,5,6.4851,12.418,43.596,17.196
16,5,7.6343,12.263,42.949,17.717
16,5,7.8106,12.635,46.91,19.456
16,5,6.5872,12.249,43.164,17.767
16,5,5.9816,12.552,45.834,18.854
16,5,7.9004,12.555,46.864,19.461
16,5,4.2071,12.041,42.778,18.353
16,5,5.5855,12.601,46.16,18.934
16,5,7.28,12.941,47.238,18.606
16,5,7.2748,12.577,48.354,20.976
16,5,7.9211,12.851,48.239,20.252
16,5,6.7908,12.422,45.38,18.466
16,5,5.9096,12.686,46.577,19.145
16,5,5.7593,12.259,44.257,18.508
16,5,3.7573,12.8,47.984,19.847
16,5,5.9543,12.344,46.217,19.954
16,5,4.3769,12.471,43.818,17.229
16,5,6.4314,12.237,43.155,17.393
16,5,4.8761,12.335,43.562,17.581
16,5,5.59,12.752,48.285,20.25
16,5,6.3426,12.314,44.762,18.85
16,5,5.666,12.22,43.705,17.99
16,5,6.1721,12.239,44.226,18.684
16,5,6.2973,12.606,45.303,17.529
16,5,6.2945,12.39,45.437,19.102
16,5,5.2928,12.592,48.05,20.49
16,5,4.517,12.42,45.56,19.133
16,5,5.4348,13.031,51.391,22.059
16,5,5.6383,12.567,47.437,20.332
16,5,6.6672,12.565,44.872,17.76
16,5,4.6447,12.055,41.416,16.721
16,5,6.9477,13.062,49.244,20.179
16,5,6.0824,13.064,48.875,19.869
16,5,5.178,12.396,45.182,18.998
16,5,7.3045,12.657,46.335,19.02
16,5,6.1142,12.279,45.593,19.465
16,5,6.5565,11.863,39.24,15.736
16,5,6.6785,12.235,44.464,18.941
16,5,5.9209,12.195,43.601,18.063
16,5,6.2133,12.406,44.467,18.381
16,5,8.1848,12.639,46.676,19.097
16,5,6.3666,12.594,44.813,17.825
16,5,8.7184,12.638,44.113,17.281
16,5,7.5556,12.392,44.708,18.609
16,5,5.8289,12.752,49.538,21.261
16,5,6.8105,12.608,47.775,20.443
16,5,4.7561,12.561,46.271,19.274
16,5,6.4781,12.744,49.721,21.524
16,5,7.1397,12.574,44.699,17.685
16,5,4.2659,12.434,45.965,19.116
16,5,8.0453,12.657,47.812,20.367
16,5,6.2211,12.52,46.392,19.529
16,5,6.4829,12.095,42.07,17.636
16,5,4.5763,12.507,45.199,18.723
16,5,5.0883,12.365,43.08,17.101
16,5,5.3661,12.584,43.809,16.935
16,5,5.2263,12.742,48.657,20.97
16,5,6.4455,12.471,46.316,19.783
16,5,5.48,12.173,41.8,16.768
16,5,5.7414,12.751,49.078,21.153
16,5,5.3465,12.562,44.58,17.311
16,5,7.2053,12.413,44.187,17.981
16,5,4.6162,12.523,44.045,16.964
16,5,3.3017,12.681,47.308,19.536
16,5,5.6295,12.65,45.696,18.176
16,5,6.0576,12.157,42.742,17.369
16,5,5.7084,12.53,47.177,20.491
16,5,6.0166,12.277,42.335,16.025
16,5,4.7871,12.578,46.993,20.183
16,5,5.1469,12.31,45.608,19.523
16,5,7.3678,12.42,43.706,17.16
16,5,5.9983,12.579,46.062,19.214
16,5,5.0909,12.08,42.657,17.615
16,5,5.2255,12.768,50.479,22.112
16,5,3.8242,12.824,49.101,20.852
16,5,6.5512,12.706,49.346,21.28
16,5,3.6915,12.831,47.082,18.861
16,5,7.0546,12.379,42.11,16.275
16,5,6.2656,12.253,42.524,16.823
16,5,3.8787,12.395,45.427,19.254
16,5,6.1133,12.172,44.299,19.026
16,5,6.0008,12.735,46.521,19.249
16,5,5.0553,12.784,48.604,20.731
16,5,4.9509,12.582,47.543,20.001
16,5,4.3506,12.89,47.872,19.52
16,5,6.6665,12.729,46.59,19.014
16,5,5.3923,12.693,45.442,18.13
16,5,5.7509,12.194,43.359,17.956
16,5,4.6335,12.378,44.554,18.157
16,5,5.0097,12.33,45.036,19.168
16,5,5.3927,12.682,46.333,18.855
16,5,5.417,12.814,47.077,19.075
16,5,6.1581,12.682,47.391,20.082
16,5,3.609,12.546,44.967,17.439
16,5,3.4161,12.558,46.679,19.856
16,5,7.5799,12.038,40.405,15.941
16,5,4.6062,12.649,46.172,19
16,5,6.3687,12.233,43.765,18.059
16,5,6.3732,12.739,47.21,19.661
16,5,5.149,12.388,45.443,19.03
16,5,4.4065,12.299,44.949,19.134
16,5,5.8182,12.618,46.54,19.402
16,5,5.8814,12.522,46.775,19.775
16,5,5.3797,12.593,47.53,20.547
16,5,6.906,11.974,42.191,17.763
16,5,5.6378,12.476,45.48,18.932
16,5,5.8484,12.494,47.007,20.225
16,5,6.1357,12.892,50.846,22.055
16,5,4.531,12.507,46.448,19.642
16,5,5.0281,12.623,46.187,18.852
16,5,4.8538,12.731,47.961,20.227
16,5,4.4863,12.497,46.11,19.226
16,5,4.7451,12.447,44.796,18.625
16,5,8.5134,12.448,45.459,18.608
16,5,8.9301,12.377,46.944,20.16
16,5,5.7677,12.494,45.131,18.495
16,5,6.3196,12.368,44.937,18.464
16,5,4.4079,12.542,44.618,17.669
16,5,6.9144,12.659,44.801,17.67
16,5,6.6036,12.959,49.405,20.418
16,5,8.4381,12.764,47.836,20.201
16,5,5.8779,12.736,48.677,20.538
16,5,5.8668,12.576,47.059,20.013
16,5,4.0864,12.8,48.323,20.435
16,5,7.1696,12.417,45.166,19.067
16,5,6.0323,12.547,47.259,20.35
16,5,6.2599,12.859,47.342,18.942
16,5,6.4092,12.105,42.112,17.052
16,5,6.3984,12.491,45.503,18.723
16,5,4.8937,12.906,50.877,21.857
16,5,7.336,12.573,45.293,18.557
16,5,6.7823,12.579,47.209,20.474
16,5,5.5754,12.69,47.664,20.061
16,5,7.9004,12.309,42.371,16.829
16,5,3.856,12.697,47.66,20.147
16,5,8.3265,12.392,46.751,20.406
16,5,4.0329,12.787,47.507,19.462
16,5,5.3825,12.348,43.223,16.32
16,5,6.4041,12.738,47.517,19.457
16,5,5.9148,12.203,42.4,17.214
16,5,5.0685,12.549,46.671,19.94
16,5,4.8794,12.876,50.305,21.797
16,5,5.3368,12.458,45.654,18.892
16,5,7.9813,12.283,43.286,18.082
16,5,3.8748,13.159,52.305,22.578
16,5,7.0456,12.177,42.616,17.232
16,5,5.2595,12.682,47.247,19.783
16,5,5.335,12.861,48.695,20.055
16,5,7.1211,12.436,44.051,17.736
16,5,6.1554,12.318,43.546,17.858
16,5,5.4853,12.361,43.199,16.957
16,5,5.8761,12.411,44.856,18.314
16,5,4.4201,12.708,45.228,18.071
16,5,4.3274,12.609,45.358,18.331
16,5,5.0208,12.561,47.22,20.419
16,5,6.5351,12.018,42.218,17.268
16,5,6.5303,12.569,46.815,19.785
16,5,5.8932,12.422,44.464,18.24
16,5,5.475,12.277,44.578,18.365
16,5,5.2598,12.525,47.782,20.655
16,5,6.7607,12.562,45.526,18.517
16,5,8.13,12.36,45.114,19.088
16,5,4.9528,12.562,45.346,18.354
16,5,6.0926,12.971,50.599,21.892
16,5,7.8306,12.623,48.278,20.6
16,5,6.3264,12.385,43.664,17.445
16,5,4.3666,13.032,49.228,20.238
16,5,4.4432,12.568,45.933,19.18
16,5,5.2831,12.449,45.797,19.751
16,5,5.9387,12.225,42.807,17.519
16,5,6.4678,12.604,47.216,19.483
16,5,7.3642,12.589,45.715,19.092
16,5,6.3024,12.823,49.135,20.961
16,5,5.1239,12.684,47.82,20.294
16,5,5.023,12.368,45.342,19.741
16,5,7.7149,12.233,45.247,19.495
16,5,7.5398,12.648,47.608,19.787
16,5,4.2633,12.515,44.548,17.421
16,5,5.338,12.154,42.936,17.933
16,5,4.7964,13.025,51.184,22.007
16,5,6.9827,12.702,47.719,19.919
16,5,5.4378,12.499,47.311,20.517
16,5,4.8662,12.475,47.269,20.456
16,5,5.8506,12.679,46.964,19.372
16,5,5.8108,12.689,47.48,20.176
16,5,5.2392,12.647,47.287,20.175
16,5,6.7715,12.448,46.886,19.934
16,5,7.8923,12.097,43.117,18.24
16,5,7.3194,12.749,48.873,21.346
16,5,5.5274,12.827,49.379,21.113
16,5,4.364,12.174,43.956,18.432
16,5,6.5771,12.507,46.726,19.729
16,5,7.7593,12.487,44.607,17.805
16,5,7.1431,12.087,42.606,17.771
16,5,6.4993,12.536,45.721,18.751
16,5,6.9349,12.701,47.138,19.746
16,5,6.1846,12.754,46.708,19.135
16,5,6.6245,12.451,45.978,19.63
16,5,4.6826,12.72,49.147,21.022
16,5,5.0689,12.591,46.016,18.907
16,5,5.1488,12.901,49.122,19.933
16,5,4.0345,12.598,44.929,18.093
16,5,4.57,12.818,47.808,19.354
16,5,6.2843,12.199,43.717,17.894
16,5,7.2541,11.906,41.314,17.136
16,5,6.3818,12.337,43.771,17.325
16,5,4.664,12.538,44.005,17.549
16,5,5.8265,12.508,46.522,19.791
16,5,5.9619,12.312,45.933,20.047
16,5,6.8766,11.981,42.116,17.794
16,5,6.2471,12.966,49.392,20.635
16,5,5.9282,12.03,41.818,17.175
16,5,5.8861,12.794,47.006,18.982
16,5,6.2232,12.694,45.87,17.804
16,5,4.4362,12.461,45.427,18.441
16,5,5.3002,12.677,48.06,20.381
16,5,6.926,12.584,45.486,18.51
16,5,6.8457,12.657,46.252,18.751
16,5,6.3751,12.531,46.384,19.318
16,5,7.8818,12.602,46.205,19.155
16,5,5.8765,12.685,46.592,19.452
16,5,6.7474,12.535,45.163,18.512
16,5,3.5274,13.056,51.918,22.241
16,5,5.1684,12.115,43.072,17.832
16,5,7.3564,12.093,44.495,19.602
16,5,9.0046,12.342,44.423,18.609
16,5,3.4423,12.544,46.928,20.364
16,5,6.8719,12.918,50.268,21.821
16,5,5.6784,12.674,47.674,19.712
16,5,4.2771,12.64,46.656,19.214
16,5,4.9301,12.347,44.782,18.592
16,5,4.7954,12.544,45.385,17.345
16,5,4.0001,12.606,46.776,18.968
16,5,7.1718,12.295,44.681,18.807
16,5,7.704,12.122,42.777,17.82
16,5,4.7484,12.366,44.243,18.212
16,5,8.3574,12.532,47.48,20.845
16,5,7.2197,12.818,48.161,20.001
16,5,4.2385,12.409,44.15,18.054
16,5,7.4165,12.625,45.998,18.721
16,5,8.0443,11.81,42.049,18.318
16,5,4.734,12.693,47.461,20.354
16,5,4.2422,12.977,50.181,21.157
16,5,5.5204,12.3,44.867,18.635
16,5,5.8591,12.639,48.245,20.815
16,5,6.1837,12.875,49.733,20.815
16,5,6.4062,12.798,46.469,18.669
16,5,6.6912,12.883,47.442,19.229
16,5,7.6564,12.367,44.734,18.148
16,5,4.5019,12.146,43.614,18.275
16,5,5.6082,12.393,43.553,17.926
16,5,5.3603,12.253,43.73,18.075
16,5,6.0321,12.434,44.94,18.602
16,5,3.9074,12.227,42.932,17.534
16,5,6.2616,12.58,46.953,19.769
16,5,4.813,12.271,43.853,18.373
16,5,7.9463,12.416,44.077,17.77
16,5,5.6405,12.744,47.229,19.304
16,5,5.4501,12.524,47.02,19.787
16,5,5.9216,12.502,45.562,19.212
16,5,6.4637,12.427,46.864,20.364
16,5,5.8672,12.808,47.629,19.952
16,5,5.6134,12.298,44.337,18.605
16,5,7.1564,12.238,42.686,17.12
16,5,6.668,12.275,43.622,17.986
16,5,7.1309,12.353,44.787,18.742
16,5,7.5452,12.372,43.054,16.716
16,5,6.0438,12.285,45.048,18.929
16,5,4.8844,12.742,48.338,20.674
16,5,6.0288,12.458,44.134,17.845
16,5,3.6326,12.883,48.626,20.097
16,5,5.9708,12.57,45.295,18.494
16,5,5.6611,12.865,48.728,20.512
16,5,5.2038,12.947,50.831,21.786
16,5,5.4533,12.612,48.081,20.815
16,5,5.3664,12.585,44.452,17.962
16,5,6.6157,12.736,44.426,17.126
16,5,6.0596,12.259,44.131,18.157
16,5,5.6599,12.496,45.158,18.535
16,5,5.0111,12.933,48.432,19.259
16,5,4.891,12.078,42.541,17.524
16,5,4.6901,12.284,43.065,17.345
16,5,5.6438,13.032,49.407,20.551
16,5,7.7319,12.231,44.247,18.494
16,5,5.2542,12.621,46.601,19.288
16,5,6.2583,12.957,48.317,19.721
16,5,5.4617,12.395,44.311,17.862
16,5,3.7294,12.746,48.045,20.067
16,5,6.248,12.431,44.089,17.535
16,5,7.1121,12.442,45.575,19.082
16,5,5.4974,12.574,48.339,20.697
16,5,3.8142,12.565,46.527,19.717
16,5,6.7124,12.348,44.82,18.15
16,5,5.4749,12.003,39.948,15.019
16,5,6.5886,12.697,46.937,19.269
16,5,5.3372,12.681,47.237,19.78
16,5,7.3394,12.503,45.689,19.016
16,5,6.3643,12.817,47.723,19.17
16,5,5.7415,12.384,45.877,19.349
16,5,5.277,12.857,49.444,21.199
16,5,5.7635,12.797,47.769,19.499
16,5,6.7232,13.009,50.384,21.124
16,5,5.711,12.497,45.473,19.041
16,5,4.8935,12.413,43.571,16.682
16,5,5.9294,12.54,45.425,17.893
16,5,5.8201,12.247,42.368,16.92
16,5,5.283,12.392,45.447,18.813
16,5,5.7053,12.086,42.848,17.896
16,5,5.6073,12.174,42.68,17.102
16,5,6.7245,12.701,48.429,20.879
16,5,6.4675,12.116,43.15,18.082
16,5,6.2219,12.575,46.698,19.413
16,5,5.9982,12.233,42.669,16.873
16,5,6.0686,12.506,46.117,19.095
16,5,4.8554,12.659,47.275,19.929
16,5,5.7769,12.627,45.714,18.254
16,5,5.7531,12.126,43.622,18.238
16,5,6.0003,12.331,43.078,17.624
16,5,4.5857,12.368,42.892,16.827
16,5,5.3087,12.939,50.251,21.569
16,5,4.869,12.903,48.717,19.93
16,5,8.207,12.602,47.186,19.949
16,5,4.0087,12.653,45.412,17.767
16,5,5.9239,12.465,45.453,18.488
16,5,4.2797,12.544,45.359,18.865
16,5,8.7812,12.184,43.299,17.644
16,5,7.5634,12.254,44.461,18.785
16,5,7.4039,12.572,47.641,20.225
16,5,5.6952,12.491,45.853,19.156
16,5,5.6259,12.82,47.989,20.058
16,5,5.4031,12.196,44.447,18.979
16,5,6.6807,12.536,48.104,20.875
16,5,4.688,13.012,49.055,20.132
16,5,5.3673,12.318,42.849,17.026
16,5,4.1181,12.484,43.876,16.692
16,5,7.0443,12.57,45.747,18.434
16,5,5.962,12.848,48.886,20.583
16,5,7.3156,12.634,49.074,21.432
16,5,6.1992,12.531,42.966,16.007
16,5,7.7636,12.366,46.442,20.187
16,5,6.2016,13.01,48.587,19.756
16,5,2.9772,12.575,46.247,19.449
16,5,4.2771,12.653,46.462,18.785
16,5,7.5545,12.382,45.321,18.962
16,5,5.0815,12.335,43.448,17.527
16,5,5.0909,12.818,48.092,19.997
16,5,6.753,12.565,46.821,20.114
16,5,6.9271,12.149,43.024,17.656
16,5,4.4451,12.531,47.367,19.836
16,5,4.6417,12.504,45.265,18.149
16,5,5.3045,12.637,45.671,18.084
16,5,4.6055,12.475,47.263,20.684
16,5,5.8007,12.526,44.609,18.021
16,5,3.9708,12.6,47.433,19.745
16,5,4.7993,12.375,44.731,18.139
16,5,6.1853,12.798,47.494,19.393
16,5,5.735,12.932,49.125,20.486
16,5,7.2493,12.208,44.595,18.8
16,5,5.5859,12.616,47.522,20.313
16,5,6.5064,12.399,44.216,18.108
16,5,7.3665,12.071,43.362,18.691
16,5,5.9652,12.438,43.994,17.858
16,5,6.3574,12.661,47.643,20.096
16,5,6.2792,12.809,46.446,18.609
16,5,4.2391,12.842,48.215,20.107
16,5,6.6843,12.426,43.319,17.28
16,5,5.9458,13.251,50.861,20.991
16,5,6.0263,12.565,46.92,19.785
16,5,5.4092,12.311,43.041,17.615
16,5,5.2767,12.577,47.959,20.849
16,5,9.6505,12.219,43.556,17.95
16,5,6.5405,12.764,48.325,20.43
16,5,6.963,12.439,43.69,17.353
16,5,4.6635,12.548,45.889,19.103
16,5,3.9388,12.518,47.951,21.195
16,5,6.9966,12.798,47.462,19.555
16,5,7.2964,12.382,43.175,16.532
16,5,6.4538,12.882,48.256,19.419
16,5,4.8486,12.63,47.726,20.171
16,5,8.5413,12.356,46.083,19.771
16,5,6.3445,12.96,46.433,17.875
16,5,5.2119,12.321,44.141,18.164
16,5,6.3843,12.393,44.175,17.305
16,5,5.9632,12.285,43.82,17.973
16,5,5.1834,13.315,51.056,21.054
16,5,5.8804,12.644,48.574,20.977
16,5,7.5084,12.586,45.777,18.609
16,5,8.4957,11.826,39.744,15.67
16,5,8.5581,12.094,42.79,17.886
16,5,7.2348,12.619,45.084,18.072
16,5,4.1511,12.698,47.911,20.323
16,5,5.7234,12.74,49.454,21.536
16,5,7.8024,12.45,45.479,19.13
16,5,6.9079,12.264,43.418,17.824
16,5,4.6648,12.879,47.581,19.47
16,5,7.8446,12.449,46.522,20.206
16,5,7.0319,12.656,46.328,18.82
16,5,7.0953,12.936,50.476,21.715
16,5,5.7998,12.412,44.854,18.494
16,5,6.1314,12.375,46.039,19.772
16,5,5.1674,13.059,50.051,20.757
16,5,6.1519,12.604,45.427,18.791
16,5,6.2275,12.946,49.045,20.515
16,5,5.8579,12.578,47.12,19.943
16,5,5.7764,12.566,46.127,19.36
16,5,7.2903,12.433,46.344,19.744
16,5,6.6603,12.263,44.357,17.869
16,5,7.329,12.948,49.756,20.335
16,5,5.8297,12.679,45.754,18.469
16,5,5.9833,12.758,46.706,19.173
16,5,5.4421,13.027,48.7,19.436
16,5,4.2833,12.816,49.559,21.426
16,5,5.9373,12.966,50.64,21.69
16,5,5.225,12.289,43.851,17.888
16,5,5.6669,12.803,49.333,21.269
16,5,4.1993,12.532,45.007,18.555
16,5,5.8765,12.756,48.001,20.513
16,5,4.6788,12.643,47.855,20.224
16,5,3.7675,12.551,46.597,19.812
16,5,6.0762,12.715,46.804,19.408
16,5,5.1731,12.856,48.492,20.437
16,5,6.4167,12.657,46.622,19.147
16,5,4.9823,12.352,45.162,19.324
16,5,5.6835,12.098,44.318,19.231
16,5,5.674,12.321,43.95,17.837
16,5,7.3705,12.482,44.967,18.385
16,5,6.7057,12.435,44.684,18.076
16,5,4.7844,12.619,45.155,18.078
16,5,7.5212,12.454,45.498,18.613
16,5,5.765,12.812,47.659,19.665
16,5,5.2631,12.963,49.104,19.941
16,5,5.3413,12.575,44.836,18.122
16,5,5.7069,12.485,47.593,20.683
16,5,5.6384,12.426,44.627,17.809
16,5,7.7424,12.621,44.411,17.587
16,5,7.136,12.412,45.004,18.864
16,5,5.5631,12.064,41.685,17.005
16,5,4.0706,12.482,45.763,19.127
16,5,5.674,12.301,42.86,16.926
16,5,5.0577,12.484,45.43,18.796
16,5,5.3648,12.51,47.02,20.115
16,5,5.401,12.563,45.713,19.249
16,5,4.0954,12.466,46.754,20.151
16,5,5.4866,12.232,42.243,16.621
16,5,5.4075,12.454,45.32,19.259
16,5,4.3517,12.547,46.336,18.897
16,5,8.9115,12.796,47.323,19.75
16,5,5.6005,12.204,43.137,18.062
16,5,4.4327,12.39,45.015,18.459
16,5,5.131,12.166,42.262,17.345
16,5,8.3194,12.728,47,19.249
16,5,7.3067,12.83,48.544,20.558
16,5,6.5203,12.85,47.715,19.759
16,5,4.0343,12.548,46.406,19.404
16,5,7.3235,12.267,44.755,19.261
16,5,4.7313,12.567,46.561,19.554
16,5,3.9852,12.694,47.956,20.252
16,5,5.0697,12.707,48.188,19.614
16,5,3.3151,13.345,51.836,21.418
16,5,6.8705,12.05,40.392,15.83
16,5,6.7111,12.419,45.851,19.623
16,5,7.0617,12.258,43.44,17.912
16,5,5.1973,12.46,44.978,18.511
16,5,5.6546,12.542,46.067,19.412
16,5,5.2734,12.495,45.065,18.559
16,5,7.069,12.49,45.346,19.043
16,5,5.426,12.469,45.158,18.863
16,5,8.6458,12.117,42.028,17.047
16,5,6.9403,12.565,46.38,19.318
16,5,3.4639,12.872,47.156,19.386
16,5,4.5939,12.895,47.458,18.744
16,5,6.673,12.763,49.419,21.325
16,5,6.7001,12.366,43.07,17.322
16,5,6.7968,12.269,44.002,18.1
16,5,6.6623,12.531,48.541,21.165
16,5,6.0406,12.978,48.824,20.238
16,5,5.9696,12.716,47.259,19.639
16,5,4.8444,12.886,50.043,21.537
16,5,5.9343,12.699,47.604,19.843
16,5,5.2776,12.597,47.138,19.606
16,5,5.2225,12.735,48.111,20.324
16,5,6.7078,12.744,47.58,19.334
16,5,4.3765,12.977,47.317,18.584
16,5,6.7421,12.741,47.632,19.634
16,5,4.7509,12.687,46.913,19.396
16,5,7.0849,12.123,43.111,17.638
16,5,6.0183,12.352,44.109,18.524
16,5,5.245,12.208,44.609,18.684
16,5,5.7192,12.781,49.703,21.62
16,5,4.5455,12.168,42.836,17.555
16,5,5.0936,12.615,47.704,20.153
16,5,4.4891,12.386,43.617,17.744
16,5,4.9249,12.685,46.113,18.849
16,5,4.491,12.296,44.283,18.154
16,5,4.9382,12.467,46.18,19.634
16,5,5.5582,12.69,47.685,20.06
16,5,5.6255,12.223,43.871,18.222
16,5,4.6175,12.518,45.802,19.055
16,5,6.5034,12.646,47.386,19.581
16,5,4.9841,12.822,47.65,19.624
16,5,3.8592,13.056,50.036,20.864
16,5,4.8228,12.408,45.908,19.575
16,5,8.54,12.839,47.337,19.051
16,5,6.3382,12.07,40.412,15.831
16,5,4.9729,12.546,45.452,18.696
16,5,7.5127,12.789,48.257,20.35
16,5,7.0318,12.731,48.323,20.575
16,5,6.4573,12.504,45.535,18.876
16,5,6.3567,12.4,43.732,17.821
16,5,6.2096,12.895,47.42,18.72
16,5,5.2007,12.632,45.14,18.019
16,5,5.3039,12.118,43.323,18.473
16,5,6.0945,12.719,48.183,19.874
16,5,4.8589,12.573,43.198,16.653
16,5,4.4037,12.546,47.519,20.723
16,5,4.5508,12.326,45.417,18.754
16,5,5.5276,12.808,49.852,21.633
16,5,5.7491,12.404,45.905,19.422
16,5,6.1283,12.536,45.543,18.761
16,5,5.271,13.252,52.376,22.199
16,5,5.9933,12.586,46.932,19.444
16,5,4.9223,12.57,46.042,19.045
16,5,6.6007,12.449,44.807,18.271
16,5,6.83,12.648,49.488,22.045
16,5,4.3589,12.666,46.735,18.949
16,5,7.7905,13.036,48.184,19.439
16,5,5.8565,12.814,48.676,20.714
16,5,5.7104,12.331,45.28,18.908
16,5,5.4587,12.779,49.163,20.799
16,5,6.832,12.036,41.145,16.242
16,5,6.395,12.146,43.518,18.587
16,5,4.0259,12.315,44.914,19.158
16,5,6.7971,12.042,40.636,16.274
16,5,6.218,12.334,43.579,17.514
16,5,6.7698,12.371,45.044,19.13
16,5,4.5144,12.469,46.144,19.047
16,5,5.3791,12.527,45.063,18.531
16,5,6.9866,12.372,44.659,18.528
16,5,4.8959,12.564,47.391,20.201
16,5,4.4994,12.447,45.574,19.128
16,5,5.0279,13.033,48.919,20.247
16,5,4.8129,12.858,49.15,20.918
16,5,4.706,12.262,42.817,16.908
16,5,7.16,12.522,46.455,19.483
16,5,7.0123,12.565,44.075,17.399
16,5,5.6144,12.806,47.39,19.314
16,5,5.6233,12.464,46.601,19.84
16,5,8.4984,12.549,43.303,16.111
16,5,4.0502,12.746,46.289,18.616
16,5,3.8884,12.446,46.354,19.766
16,5,4.3954,12.222,43.941,18.565
16,5,7.6313,12.028,42.461,17.634
16,5,6.0805,12.01,43.825,18.991
16,5,7.5937,12.544,46.733,19.698
16,5,4.8256,12.393,42.712,16.584
16,5,5.845,12.686,46.76,19.488
16,5,6.0192,12.742,47.326,19.611
16,5,5.5581,12.616,47.029,19.777
16,5,4.9035,12.684,46.812,19.121
16,5,4.8245,12.464,44.875,18.445
16,5,7.9606,12.705,46.315,19.17
16,5,5.1534,11.938,42.027,17.368
16,5,6.9676,12.998,49.498,20.093
16,5,3.7965,12.284,43.595,17.716
16,5,6.6149,12.346,46.578,20.541
16,5,6.2637,12.866,50.948,22.444
16,5,6.4917,12.52,45.336,18.682
16,5,5.5086,12.514,45.533,19.291
16,5,6.474,12.251,43.413,18.063
16,5,5.9955,12.547,46.91,19.918
16,5,6.1646,11.963,41.993,17.787
16,5,4.9078,12.528,47.525,20.678
16,5,5.8681,12.508,46.454,19.782
16,5,7.0317,12.515,46.683,19.291
16,5,3.7548,12.516,44.804,18.259
16,5,4.9733,12.804,47.705,19.41
16,5,6.6533,12.65,46.832,19.533
16,5,9.5867,12.454,45.004,18.874
16,5,5.2656,12.706,48.176,19.711
16,5,7.1228,12.325,44.52,18.758
16,5,6.0941,12.396,45.497,18.892
16,5,7.9207,12.366,45.07,18.808
16,5,6.4438,12.072,43.47,18.605
16,5,7.1484,12.318,44.341,18.463
16,5,4.8797,13.092,51.946,22.27
16,5,5.7518,12.63,44.792,18.212
16,5,7.1727,12.7,45.181,17.906
16,5,7.0224,12.874,48.671,20.585
16,5,6.5418,12.954,50.087,21.429
16,5,4.669,12.199,43.198,17.872
16,5,7.8935,12.566,47.961,21.049
16,5,6.5565,12.344,44.851,19.04
16,5,5.1874,12.813,48.246,20.097
16,5,8.5799,12.455,46.82,20.291
16,5,4.6605,12.461,46.801,20.156
16,5,9.9877,12.231,44.402,18.634
16,5,4.626,12.614,44.531,17.028
16,5,5.4442,12.757,47.833,20.247
16,5,5.5613,12.638,47.272,19.661
16,5,5.8459,12.89,49.303,21.248
16,5,5.6673,12.648,45.727,18.546
16,5,5.8035,12.097,41.944,16.699
16,5,6.39,12.631,47.356,19.942
16,5,7.6512,12.823,49.101,20.927
16,5,5.4348,12.411,44.292,17.862
16,5,10.882,11.922,40.686,16.638
16,5,7.9555,12.736,46.44,17.51
16,5,7.0526,12.725,47.825,19.998
16,5,7.2787,12.496,44.936,18.656
16,5,5.1664,12.278,42.626,17.232
16,5,5.9904,12.648,45.933,18.163
16,5,7.7104,12.67,47.514,20.155
16,5,5.8733,12.577,47.058,20.295
16,5,5.5155,12.559,46.472,19.795
16,5,7.0515,12.491,44.877,18.142
16,5,5.4643,12.089,42.889,18.298
16,5,7.0558,12.82,48.563,20.206
16,5,6.3968,12.356,45.153,18.657
16,5,7.5759,12.708,46.957,19.52
16,5,5.7015,12.672,47.325,19.667
16,5,5.249,12.797,47.375,19.584
16,5,6.3483,12.769,47.97,20.044
16,5,6.6932,12.079,41.159,16.336
16,5,8.066,12.342,42.931,16.686
16,5,6.9025,12.605,47.17,20.193
16,5,8.0077,12.615,46.155,19.296
16,5,5.0657,12.153,43.138,17.99
16,5,5.6921,12.878,48.245,20.203
16,5,5.3079,12.949,47.6,18.504
16,5,5.2818,12.645,47.487,20.02
16,5,7.8011,12.255,42.625,17.158
16,5,5.0685,12.183,44.501,18.718
16,5,5.086,12.343,43.891,17.649
16,5,6.7766,12.631,47.102,19.782
16,5,7.0277,12.733,49.242,20.974
16,5,5.9137,12.708,48.175,20.536
16,5,5.0969,12.652,46.206,18.622
16,5,9.6883,12.113,41.19,16.55
16,5,6.0662,12.494,46.961,20.229
16,5,4.8916,12.349,44.82,19.149
16,5,6.05,12.677,45.392,18.12
16,5,5.5148,12.862,48.271,19.954
16,5,4.343,12.364,43.081,17.337
16,5,6.052,12.617,44.878,17.606
16,5,4.8644,12.722,47.091,19.237
16,5,5.6292,12.259,45.126,19.321
16,5,4.7936,12.305,44.281,18.228
16,5,4.9411,12.958,49.468,20.859
16,5,5.8829,12.76,45.26,17.115
16,5,5.3123,13.017,48.806,19.367
16,5,8.0787,12.796,48.585,20.415
16,5,4.736,12.795,47.569,19.118
16,5,4.4653,13.084,52.08,22.542
16,5,6.4433,12.531,47.225,20.171
16,5,5.3318,12.857,47.532,19.609
16,5,5.1963,12.661,48.638,20.922
16,5,4.9348,12.53,46.9,20.125
16,5,6.5468,12.845,48.394,19.97
16,5,9.1699,12.561,45.468,18.545
16,5,8.2177,12.09,43.862,18.47
16,5,7.2469,12.439,47.252,20.751
16,5,6.5862,12.571,43.998,17.466
16,5,6.6673,12.275,44.99,19.06
16,5,6.5259,12.218,42.102,16.024
16,5,6.3858,12.264,44.109,18.192
16,5,6.7705,12.728,46.624,18.511
16,5,5.0883,12.697,46.58,18.474
16,5,5.7347,12.263,42.169,16.626
16,5,5.6679,12.701,46.274,18.857
16,5,4.8232,12.569,46.258,19.037
16,5,5.1577,12.869,49.042,20.708
16,5,4.3939,12.631,46.566,19.338
16,5,3.8301,12.875,49.619,21.506
16,5,6.9842,12.105,43.745,18.661
16,5,4.6757,12.282,43.061,17.633
16,5,5.5157,12.281,44.167,18.474
16,5,4.5701,12.735,48.244,20.515
16,5,7.1619,12.863,49.054,20.717
16,5,3.478,12.681,47.516,19.477
16,5,6.266,12.804,49.592,20.997
16,5,4.4811,12.973,51.555,22.23
16,5,6.1395,12.618,45.861,18.593
16,5,7.6938,11.885,39.561,15.767
16,5,5.6205,12.675,47.206,19.758
16,5,6.2692,12.747,49.207,20.99
16,5,5.3305,12.849,49.998,21.859
16,5,5.323,12.617,44.238,16.95
16,5,7.7426,12.638,46.866,19.474
16,5,5.8914,12.821,47.149,18.907
16,5,6.4443,12.967,49.336,19.832
16,5,5.7553,12.827,49.347,20.866
16,5,5.7175,12.319,43.457,17.786
16,5,5.4488,12.762,48.103,19.671
16,5,5.005,12.638,46.19,19.149
16,5,5.1347,12.496,44.308,17.688
16,5,7.2514,12.831,49.522,21.116
16,5,7.1249,12.622,45.913,18.431
16,5,5.888,12.746,48.739,20.674
16,5,7.0455,12.312,43.519,17.617
16,5,8.1401,12.124,42.197,17.228
16,5,5.6968,12.762,46.899,19.203
16,5,7.3984,12.741,48.788,20.792
16,5,5.6245,12.211,41.785,16.545
16,5,6.5782,12.517,44.388,17.49
16,5,5.4474,12.581,44.562,17.161
16,5,6.6138,12.322,44.787,18.545
16,5,6.7809,12.479,47.548,20.563
16,5,5.0157,12.632,46.942,19.577
16,5,3.7908,12.801,48.146,19.774
16,5,5.1944,12.457,44.654,17.963
16,5,6.1693,12.702,48.679,20.871
16,5,5.1726,12.579,44.457,17.481
16,5,6.505,12.508,44.129,17.89
16,5,4.7012,12.565,44.859,17.934
16,5,5.3397,11.854,41.276,17.268
16,5,5.428,12.785,48.217,20.139
16,5,4.4137,12.563,47.675,20.205
16,5,8.7654,12.322,45.213,19.373
16,5,4.9892,12.818,46.151,18.063
16,5,6.4256,12.37,45.825,19.734
16,5,6.6112,12.423,46.445,19.516
16,5,5.4987,12.815,47.07,19.361
16,5,6.2092,12.329,43.971,18.075
16,5,4.7681,12.25,43.148,17.81
16,5,5.429,12.259,43.165,18.008
16,5,5.5612,12.929,49.173,20.582
16,5,4.6803,12.235,43.472,18.089
16,5,8.4599,12.067,40.909,16.203
16,5,6.2175,12.084,42.21,17.373
16,5,6.4584,12.263,44.2,18.501
16,5,7.0759,12.452,44.557,18.214
16,5,5.1958,12.703,48.57,20.65
16,5,6.1269,12.316,43.483,17.378
16,5,5.5784,12.528,47.295,20.198
16,5,4.1817,12.11,44.348,18.985
16,5,7.1652,12.227,42.703,17.265
16,5,4.5285,12.549,46.585,19.83
16,5,8.1594,12.784,47.449,19.605
16,5,6.0768,12.137,43.218,17.854
16,5,7.0136,12.393,45.253,18.619
16,5,3.2718,12.59,45.214,18.485
16,5,6.4155,12.265,44.742,18.852
16,5,4.6898,12.378,43.995,17.614
16,5,5.2857,12.738,47.916,20.144
16,5,5.1357,12.499,45.053,18.184
16,5,3.1492,12.972,48.746,19.47
16,5,4.7854,12.291,43.894,17.89
16,5,5.4457,12.937,51.001,22.362
16,5,6.8437,12.755,47.752,19.429
16,5,5.6293,12.586,45.153,18.205
16,5,4.1463,12.6,46.076,18.828
16,5,6.7358,12.104,42.242,17.016
16,5,7.5347,12.566,48.968,21.775
16,5,6.4229,12.317,45.657,19.76
16,5,6.0169,12.229,43.027,17.819
16,5,5.2592,12.62,46.021,18.843
16,5,6.4025,12.539,44.693,17.663
16,5,6.3261,12.271,45.203,19.73
16,5,3.4485,13.389,52.43,21.279
16,5,5.0387,12.453,44.745,18.311
16,5,6.3686,12.301,43.517,17.541
16,5,6.7128,12.495,45.489,18.937
16,5,4.0549,12.682,48.235,20.667
16,5,6.6219,13.04,50.901,22.053
16,5,5.7963,11.995,41.203,16.759
16,5,4.3179,12.427,44.558,18.502
16,5,3.908,12.747,48.066,20.484
16,5,4.7161,12.337,45.421,19.144
16,5,5.6308,12.281,44.731,18.884
16,5,7.0072,12.22,43.497,18.047
16,5,5.0457,12.651,47.912,20.096
16,5,6.3653,12.54,46.206,19.449
16,5,6.4873,12.512,44.708,18.111
16,5,5.5859,12.898,49.243,20.753
16,5,5.5651,12.213,43.126,17.965
16,5,6.0737,12.512,47.585,20.607
16,5,4.796,12.912,49.448,21.003
16,5,7.0166,12.178,43.57,18.613
16,5,4.594,12.432,44.219,17.536
16,5,7.3997,12.555,46.123,19.381
16,5,4.9327,12.685,49.056,21.277
16,5,5.4494,12.652,47.137,20.221
16,5,5.5726,12.749,47.422,19.222
16,5,8.325,12.376,43.741,17.16
16,5,9.0323,11.927,41.361,17.134
16,5,7.6067,12.722,47.984,20.479
16,5,3.4056,12.954,49.065,20.278
16,5,5.2961,12.915,50.715,22.106
16,5,7.0243,12.505,44.794,18.026
16,5,4.2262,13.176,51.132,21.277
16,5,5.9732,12.49,45.629,18.298
16,5,5.0024,12.499,45.701,19.123
16,5,6.5785,12.37,43.787,17.774
16,5,4.8471,12.56,47.028,19.737
16,5,4.5913,12.933,48.585,19.98
16,5,4.881,12.548,45.6,18.688
16,5,3.7928,13.129,51.807,22.007
16,5,6.5183,12.557,47.075,20.04
16,5,7.048,12.798,49.024,20.512
16,5,5.6344,12.179,42.327,16.939
16,5,5.6608,12.219,42.849,17.277
16,5,5.6763,12.34,44.362,18.523
16,5,8.0981,12.232,41.721,16.118
16,5,3.7286,12.902,47.113,19.035
16,5,5.8926,12.521,47.07,19.914
16,5,5.5799,12.974,48.765,20.021
16,5,6.3131,12.668,46.323,18.637
16,5,6.2375,12.484,45.847,19.216
16,5,5.7783,12.406,44.603,18.151
16,5,5.0022,12.739,47.418,19.344
16,5,9.0918,12.618,46.99,19.759
16,5,3.5337,12.316,43.835,17.814
16,5,7.5419,12.349,43.417,17.634
16,5,4.1561,12.801,47.919,20.077
16,5,4.1179,12.359,42.8,17.108
16,5,4.8019,12.974,49.116,20.741
16,5,4.8974,12.45,45.214,18.85
16,5,4.9577,12.831,50.457,22.104
16,5,4.5068,12.765,48.288,20.666
16,5,4.9032,12.561,45.15,18.096
16,5,5.7058,13.116,50.038,20.53
16,5,4.8454,12.973,50.06,21.006
16,5,6.6494,12.079,42.156,17.132
16,5,3.4914,12.565,46.456,19.553
16,5,7.6256,12.407,46.128,19.786
16,5,6.5493,12.618,44.258,17.178
16,5,6.1694,12.468,47.504,20.758
16,5,4.4957,13.192,51.892,21.699
16,5,4.3614,12.698,46.728,19.485
16,5,7.2262,12.181,43.633,18.112
16,5,5.8179,12.571,46.103,18.912
16,5,7.1258,11.723,40.61,17.15
16,5,6.9154,12.655,50.264,22.64
16,5,5.165,12.927,50.238,21.78
16,5,6.5503,12.401,46.32,19.816
16,5,5.0691,12.682,47.139,19.411
16,5,4.9682,12.444,44.602,17.788
16,5,4.8482,12.842,49.158,20.608
16,5,4.9216,12.636,48.972,21.405
16,5,5.9732,12.141,41.964,17.133
16,5,5.1392,13.19,50.981,21.242
16,5,5.011,12.526,45.906,19.138
16,5,6.4327,12.682,48.58,21.005
16,5,7.3957,12.533,46.411,19.487
16,5,7.1731,12.367,44.593,18.39
16,5,6.7099,12.421,44.012,17.932
16,5,6.0184,12.63,48.174,20.712
16,5,4.9708,13.352,54.104,22.57
16,5,5.8794,12.46,45.305,18.774
16,5,5.2165,12.648,46.824,19.651
16,5,4.117,12.468,45.52,19.27
16,5,4.377,12.49,44.308,17.727
16,5,7.2705,12.426,47.516,20.509
16,5,7.486,12.741,48.297,20.626
16,5,5.8223,12.393,45.789,19.361
16,5,5.6246,12.775,47.609,19.562
16,5,5.9865,12.624,46.348,19.417
16,5,6.7178,12.555,44.334,17.727
16,5,6.1321,12.987,50.63,21.639
16,5,4.4917,12.464,45.38,18.824
16,5,6.5241,12.804,49.171,21.123
16,5,5.7418,12.249,43.611,17.821
16,5,5.5701,12.35,44.432,18.502
16,5,8.6298,11.98,42.36,17.661
16,5,7.783,12.27,44.288,18.674
16,5,5.6286,12.509,45.55,18.563
16,5,5.6549,12.622,46.982,19.567
16,5,6.632,12.032,40.404,15.11
16,5,5.8731,12.646,47.774,20.6
16,5,6.2962,12.475,46.06,19.622
16,5,4.0064,12.92,48.499,19.831
16,5,5.5614,12.589,47.147,19.9
16,5,5.3441,12.699,47.358,19.865
16,5,8.1892,12.507,45.815,18.722
16,5,4.7923,12.156,42.81,17.875
16,5,6.408,12.456,45.844,19.22
16,5,4.8126,12.23,44.359,18.582
16,5,5.5463,12.508,46.688,19.72
16,5,4.1636,12.686,48.941,21.219
16,5,6.3561,12.385,45.443,19.214
16,5,5.3904,12.367,45.829,19.69
16,5,4.0354,12.281,43.538,18.126
16,5,6.0056,12.789,46.744,18.692
16,5,7.2259,12.571,48.018,20.829
16,5,6.7922,12.467,44.77,18.405
16,5,6.0736,12.681,49.124,21.385
16,5,6.8556,12.571,44.95,18.103
16,5,5.7674,12.891,49.386,21.014
16,5,5.8437,12.654,46.801,19.06
16,5,6.1902,12.123,42.735,17.718
16,5,6.0169,12.284,44.222,18.574
16,5,5.4654,12.488,45.445,18.318
16,5,6.3779,12.46,43.538,17.001
16,5,6.3578,12.743,46.258,18.286
16,5,5.0339,12.068,41.675,17.06
16,5,3.987,12.7,47.588,20.157
16,5,7.3189,12.077,42.37,17.344
16,5,6.9161,12.38,47.445,20.578
16,5,4.2194,12.624,47.065,19.382
16,5,5.3715,12.841,50.258,21.739
16,5,5.7932,12.552,46.946,19.703
16,5,5.3773,12.733,46.192,18.875
16,5,7.9429,12.099,44.438,19.549
16,5,5.464,12.441,45.018,18.518
16,5,5.9148,12.673,47.449,20.04
16,5,6.8723,12.229,44.941,18.857
16,5,4.9046,12.576,46.666,19.306
16,5,3.8328,13.015,52.15,23.064
16,5,8.8047,12.283,45.239,19.129
16,5,4.9264,12.615,45.812,18.445
16,5,6.1833,12.575,47.194,20.257
16,5,5.6385,12.628,47.356,19.928
16,5,5.1928,12.664,47.608,20.38
16,5,7.9877,12.681,47.196,19.738
16,5,5.2251,12.836,48.398,20.421
16,5,4.3519,12.682,47.467,20.141
16,5,4.554,12.23,41.81,16.144
16,5,7.0516,12.5,46.071,19.328
16,5,4.9386,12.438,44.862,18.102
16,5,5.2636,12.61,46.401,19.288
16,5,5.6792,12.218,44.015,18.46
16,5,7.6128,12.495,47.122,19.886
16,5,4.2414,13.031,49.17,20.381
16,5,4.7147,13.042,48.259,18.945
16,5,4.8876,12.983,49.789,20.475
16,5,6.4497,12.483,46.736,19.767
16,5,4.6201,12.809,48.424,19.821
16,5,5.2045,12.371,42.958,16.423
16,5,7.3543,12.542,46.138,19.241
16,5,6.4987,12.525,46.595,19.802
16,5,7.6935,12.049,42.597,17.956
16,5,7.5701,12.869,49.026,20.479
16,5,8.2201,12.412,45.29,18.914
16,5,5.8277,12.785,48.362,20.297
16,5,6.4006,12.625,46.839,19.505
16,5,4.5064,12.567,46.012,18.951
16,5,6.9278,12.442,45.793,19.141
16,5,6.0073,12.401,46.802,20.206
16,5,3.485,12.469,47.269,20.594
16,5,5.3431,12.538,44.81,17.817
16,5,5.8355,12.47,44.784,18.192
16,5,4.6252,13.256,53.262,23.222
16,5,6.9526,12.625,46.611,18.583
16,5,6.0092,12.521,46.79,20.226
16,5,7.7205,12.207,44.55,19.26
16,5,5.9184,12.275,43.889,17.944
16,5,6.8883,12.297,43.305,17.403
16,5,5.8867,12.612,47.327,19.947
16,5,5.5685,12.237,44.488,18.741
16,5,5.0825,12.199,44.61,19.019
16,5,6.6665,12.523,46.749,20.179
16,5,4.5633,12.915,48.746,20.528
16,5,5.6253,12.625,46.755,19.353
16,5,6.0856,12.952,47.816,19.052
16,5,4.7856,12.827,47.265,19.036
16,5,7.182,12.509,45.625,19.232
16,5,6.2588,12.926,49.071,20.022
16,5,8.8231,12.457,44.729,18.485
16,5,5.8607,12.927,50.367,21.561
16,5,5.4656,12.893,50.112,21.837
16,5,5.3046,12.784,50.111,21.677
16,5,5.9344,12.494,45.753,18.86
16,5,6.6873,12.289,43.645,18.089
16,5,4.8271,12.625,45.933,18.508
16,5,4.7596,12.27,42.167,16.518
16,5,7.513,12.473,44.955,18.458
16,5,7.6678,12.511,45.588,18.485
16,5,5.0782,12.602,46.699,19.194
16,5,6.974,12.285,44.981,19.077
16,5,4.9476,12.596,45.593,18.759
16,5,5.4577,12.211,42.694,17.53
16,5,7.0007,12.656,46.573,19.004
16,5,5.1184,12.556,46.656,19.337
16,5,7.2751,12.868,50.198,21.6
16,5,4.302,12.62,47.038,19.287
16,5,6.3945,12.801,47.155,19.168
16,5,6.4485,12.567,47.297,20.053
16,5,3.7315,12.603,47.41,19.969
16,5,9.1959,12.147,44.15,19.093
16,5,7.6953,12.955,49.054,20.327
16,5,6.8829,12.367,45.838,19.751
16,5,6.262,12.605,44.856,17.843
16,5,7.2089,11.756,40.436,16.565
16,5,5.2314,12.903,46.777,18.434
16,5,6.632,12.872,49.763,21.441
16,5,5.542,12.689,46.971,19.278
16,5,7.6017,12.745,48.202,20.333
16,5,6.5666,12.843,49.811,21.418
16,5,5.7452,11.81,40.747,17.101
16,5,7.7037,12.614,45.509,18.05
16,5,5.4084,12.274,43.458,17.707
16,5,5.8563,12.523,44.937,17.879
16,5,7.2866,12.51,44.43,18.01
16,5,3.7364,12.573,48.015,20.734
16,5,4.1712,12.691,46.595,18.897
16,5,6.0805,12.454,45.814,19.023
16,5,8.2935,12.473,45.214,18.587
16,5,5.6153,12.395,43.183,17.28
16,5,4.3469,12.871,48.12,19.779
16,5,5.8838,12.229,42.991,17.55
16,5,3.7557,12.266,43.973,18.276
16,5,4.7605,12.517,45.288,18.425
16,5,5.1372,12.321,43.753,18.039
16,5,4.5383,12.739,45.895,18.3
16,5,6.6835,12.553,44.633,17.601
16,5,6.3624,12.522,49.078,22.065
16,5,4.4922,12.118,41.728,17.198
16,5,5.9242,12.022,43.237,18.617
16,5,5.525,12.531,45.221,18.487
16,5,5.6331,12.304,45.38,19.509
16,5,4.4189,12.827,47.532,19.304
16,5,6.1148,12.419,45.581,19.045
16,5,6.789,13.166,51.486,21.506
16,5,4.5994,12.16,43.135,17.935
16,5,4.4839,12.476,44.839,18.342
16,5,6.2374,12.906,49.311,20.638
16,5,6.3079,12.77,47.703,19.848
16,5,5.2347,12.685,47.151,19.406
16,5,6.5228,12.795,46.991,19.272
16,5,6.2212,12.437,45.154,18.598
16,5,7.8971,12.159,41.7,16.564
16,5,6.7251,12.577,46.444,19.238
16,5,6.2778,12.733,47.629,19.562
16,5,5.4721,12.78,48.263,20.507
16,5,5.3283,12.534,46.489,19.657
16,6,4.9736,13.656,56.097,23.72
16,6,7.2606,13.478,54.581,23.53
16,6,5.5473,14.089,60.621,26.247
16,6,7.1079,13.737,57.712,24.926
16,6,7.328,13.83,59.439,26.003
16,6,5.7451,13.646,58.073,26.102
16,6,4.1857,13.76,56.947,23.731
16,6,5.6095,14.034,59.859,25.35
16,6,4.6458,13.888,57.933,24.374
16,6,6.9629,13.564,55.101,23.238
16,6,5.0209,13.561,54.506,22.753
16,6,4.5923,14.278,63.298,27.999
16,6,3.8,14.57,65.635,28.35
16,6,5.9071,13.709,56.778,24.693
16,6,7.4875,13.857,57.538,24.388
16,6,6.1902,13.847,58.124,24.848
16,6,6.4287,13.927,56.765,23.107
16,6,5.3051,13.624,58.071,25.975
16,6,4.0266,13.871,56.67,23.964
16,6,5.04,13.822,59.995,26.741
16,6,7.3061,13.503,53.855,22.668
16,6,7.143,14.188,61.284,26.79
16,6,2.7218,13.924,61.925,28.069
16,6,5.3559,13.671,57.954,25.713
16,6,7.1402,13.996,58.498,24.659
16,6,6.1328,13.753,56.635,24.168
16,6,5.7406,13.976,59.893,25.943
16,6,6.5401,14.137,60.003,25.787
16,6,5.5869,13.684,56.694,24.42
16,6,4.4948,13.798,55.772,23.17
16,6,7.0577,13.907,58.59,24.599
16,6,4.8093,13.949,59.254,25.417
16,6,5.534,14.068,60.224,25.428
16,6,4.4738,14.202,62.556,27.436
16,6,5.6401,13.45,54.67,23.615
16,6,7.3998,13.821,59.527,25.883
16,6,7.2737,14.194,60.6,26.111
16,6,6.7156,13.166,52.852,23.05
16,6,5.0643,13.905,58.037,24.282
16,6,7.2888,14.035,60.657,26.984
16,6,4.8506,14.097,61.91,26.85
16,6,5.4578,14.024,59.779,25.854
16,6,4.2129,13.933,60.31,26.568
16,6,6.8543,13.778,57.821,25.171
16,6,5.9777,13.258,53.398,22.718
16,6,4.8343,13.621,54.354,22.728
16,6,7.1245,13.752,56.244,23.989
16,6,6.7413,13.43,54.519,23.282
16,6,5.5883,13.438,53.896,23.003
16,6,5.2183,13.856,58.278,25.036
16,6,6.5073,13.802,57.451,24.859
16,6,5.4737,14.289,60.111,23.918
16,6,7.353,13.804,57.845,24.829
16,6,6.0232,14.093,59.631,25.28
16,6,4.6605,14.17,61.443,26.464
16,6,6.1516,13.503,52.705,20.057
16,6,4.3779,14.195,60.3,25.412
16,6,6.2396,13.613,55.336,23.387
16,6,6.7351,13.375,54.186,22.779
16,6,6.5611,13.831,60.039,26.356
16,6,7.118,13.253,53.515,23.272
16,6,5.1531,14.131,60.022,25.49
16,6,5.9603,13.7,56.447,23.953
16,6,7.3554,14.439,62.691,26.568
16,6,4.7363,13.905,59.505,26.094
16,6,4.5773,14.141,63.461,28.073
16,6,4.9881,14.109,60.388,25.812
16,6,6.4578,13.723,57.918,25.521
16,6,5.319,13.757,55.254,22.603
16,6,5.9767,13.668,53.768,21.567
16,6,5.7541,13.935,59.371,24.993
16,6,4.9602,13.919,59.145,25.367
16,6,4.7847,14.076,60,25.208
16,6,4.8533,14.064,58.998,24.237
16,6,6.5822,13.879,59.001,25.75
16,6,5.8136,13.797,57.44,24.84
16,6,4.9389,13.812,54.957,22.049
16,6,6.3761,13.776,55.35,22.892
16,6,4.9068,13.537,54.642,22.953
16,6,5.6598,13.898,58.621,24.904
16,6,5.2971,13.821,55.509,22.487
16,6,4.2074,13.664,56.878,24.871
16,6,4.9546,13.414,54.132,22.963
16,6,6.4252,13.695,56.808,24.526
16,6,6.2514,13.462,53.882,22.617
16,6,5.4557,13.881,59.259,25.538
16,6,6.9487,13.447,54.689,23.716
16,6,7.2384,13.708,55.692,23.154
16,6,6.0304,14.058,57.618,22.608
16,6,5.7417,13.707,57.276,24.8
16,6,6.0045,13.68,57.101,24.423
16,6,5.6108,14.297,62.994,26.901
16,6,5.917,13.83,57.836,24.676
16,6,5.936,13.824,58.082,24.754
16,6,5.8539,14.037,60.736,26.613
16,6,4.7065,13.864,57.802,24.231
16,6,6.2963,13.296,52.455,21.947
16,6,7.7275,13.724,57.783,25.105
16,6,6.7657,13.935,59.655,25.632
16,6,6.625,13.934,58.079,24.061
16,6,5.742,13.764,56.596,23.863
16,6,6.998,13.33,52.049,21.243
16,6,5.7027,13.811,57.515,24.392
16,6,5.717,13.723,57.443,24.355
16,6,5.2102,13.74,56.229,23.879
16,6,6.5559,13.622,56.716,24.465
16,6,5.6114,13.632,54.5,22.24
16,6,6.7233,14.018,59.441,25.11
16,6,5.8614,14.022,59.272,25.179
16,6,6.212,13.405,54.827,23.29
16,6,4.9849,13.497,55.502,23.707
16,6,4.9784,14.154,61.014,26.339
16,6,6.5327,13.937,59.689,26.248
16,6,5.2543,13.514,54.979,23.09
16,6,4.6597,14.344,63.288,27.469
16,6,8.1549,13.84,57.154,24.565
16,6,7.1406,13.832,59.395,26.111
16,6,8.784,13.203,50.614,20.693
16,6,6.0802,13.899,57.897,25.08
16,6,6.9565,13.331,52.359,19.557
16,6,5.2628,13.895,59.316,26.475
16,6,4.7681,13.846,57.496,23.987
16,6,4.9795,13.973,59.746,25.902
16,6,6.4993,13.733,56.608,23.765
16,6,6.2723,13.786,55,22.538
16,6,6.7713,13.664,55.573,23.187
16,6,5.5349,13.418,51.751,21.005
16,6,5.1192,13.934,60.735,27.129
16,6,5.433,14.031,59.572,25.486
16,6,5.1064,14.036,61.193,27.228
16,6,7.4288,13.145,53.939,23.951
16,6,3.3749,14.524,64.293,27.624
16,6,3.9834,14.437,64.53,28.25
16,6,5.9511,13.625,56.006,23.829
16,6,8.4473,13.323,53.82,23.445
16,6,7.4442,13.798,58.581,25.587
16,6,7.204,13.67,56.681,24.445
16,6,7.1102,13.36,54.756,23.702
16,6,6.2785,13.732,57.979,24.747
16,6,6.0213,13.869,56.936,23.614
16,6,5.0906,14.088,60.626,26.005
16,6,5.8335,13.527,57.465,25.581
16,6,7.3658,13.938,59.307,25.763
16,6,6.7983,14.209,63.173,27.935
16,6,4.9934,13.594,53.29,21.87
16,6,5.5115,14.483,63.96,27.374
16,6,4.4227,13.854,55.77,22.478
16,6,7.4251,13.533,56.321,24.427
16,6,5.6689,13.37,55.571,24.61
16,6,7.189,14.163,61.135,26.607
16,6,4.7943,14.027,60.681,26.384
16,6,4.1704,13.802,59.184,26.169
16,6,5.7871,13.766,56.651,23.991
16,6,5.7475,13.569,55.688,23.983
16,6,6.1376,13.744,57.445,24.116
16,6,5.8091,13.834,56.404,23.079
16,6,6.4746,13.775,56.988,23.887
16,6,6.9828,13.379,54.918,23.646
16,6,5.4326,13.569,55.002,23.19
16,6,6.351,14.053,59.718,25.569
16,6,6.8566,13.64,55.632,23.285
16,6,8.3174,13.693,56.284,23.382
16,6,6.7187,13.757,57.6,24.861
16,6,5.9114,13.764,57.769,24.75
16,6,9.7757,13.681,56.756,24.452
16,6,6.354,13.983,59.923,26.362
16,6,6.6913,14.141,60.746,26.16
16,6,6.0885,13.686,57.147,24.526
16,6,6.7448,13.69,56.927,24.939
16,6,3.9376,14.442,63.515,27.204
16,6,8.3924,13.334,53.305,22.487
16,6,6.7617,13.794,58.06,25.244
16,6,6.2419,13.714,55.053,22.778
16,6,7.5556,13.706,56.105,23.644
16,6,6.3743,14.34,62.098,26.648
16,6,4.3547,13.542,56.389,24.533
16,6,5.5331,13.815,55.064,22.037
16,6,5.5096,14.124,61.417,26.828
16,6,8.1043,13.521,55.975,24.33
16,6,7.3528,13.551,55.025,23.073
16,6,4.4645,14.125,60.716,25.756
16,6,5.0404,13.824,57.465,23.977
16,6,4.7263,14.199,61.964,26.75
16,6,9.3485,13.914,59.234,25.973
16,6,8.1172,13.563,55.237,23.602
16,6,5.9641,14.893,68.339,29.687
16,6,9.6796,13.562,56.786,24.907
16,6,6.8937,13.559,57.287,25.076
16,6,6.886,14.059,62.727,27.919
16,6,6.4216,13.831,56.652,23.335
16,6,6.0372,14.212,62.797,27.788
16,6,6.8617,13.444,56.166,24.514
16,6,5.2089,13.74,56.399,23.572
16,6,5.962,13.524,54.69,23.006
16,6,6.6775,13.908,57.069,23.3
16,6,4.5974,13.485,53.666,22.087
16,6,8.7257,13.796,57.849,24.739
16,6,5.0808,13.913,58.946,25.392
16,6,7.778,13.348,53.975,22.83
16,6,4.5232,13.692,58.433,26.613
16,6,6.1493,13.243,53.521,23.167
16,6,5.2169,13.48,51.997,21.059
16,6,4.6253,13.678,57.018,24.464
16,6,8.3034,14.057,59.446,25.299
16,6,6.9363,13.572,56.154,24.255
16,6,6.4455,13.769,54.561,21.888
16,6,7.0811,13.996,58.901,24.804
16,6,6.5801,13.374,55.211,24.478
16,6,6.2823,13.959,58.945,25.318
16,6,4.0663,13.947,57.926,24.165
16,6,4.8039,13.743,56.445,23.694
16,6,6.5777,13.976,58.156,24.659
16,6,6.415,13.872,59.051,25.517
16,6,4.6332,13.892,57.166,24.076
16,6,6.7898,14.271,62.256,26.963
16,6,6.6028,13.733,56.867,24.251
16,6,7.2164,13.445,55.255,23.593
16,6,7.507,13.601,55.429,23.829
16,6,5.5277,13.571,56.689,24.54
16,6,6.4407,14.232,62.002,26.958
16,6,6.41,13.895,58.758,25.642
16,6,5.7607,13.504,52.695,21.176
16,6,6.0496,13.717,58.172,25.362
16,6,5.52,13.571,55.377,23.473
16,6,7.1748,13.613,56.48,24.349
16,6,7.4579,13.89,59.598,25.964
16,6,4.5864,13.808,56.991,24.131
16,6,5.474,13.916,57.504,24.099
16,6,4.8655,14.111,60.95,26.433
16,6,5.8061,13.684,57.203,24.299
16,6,6.2822,13.722,57.24,24.823
16,6,7.5481,13.642,57.483,24.907
16,6,7.6447,13.582,55.571,23.187
16,6,5.3001,14.106,60.811,26.346
16,6,5.5172,13.76,57.283,24.32
16,6,7.6382,13.814,59.204,26.122
16,6,4.0666,14.208,61.005,26.079
16,6,5.3744,14.081,60.786,26.379
16,6,5.0903,14.242,61.024,25.84
16,6,6.2161,13.192,52.366,22.751
16,6,5.5455,13.962,58.713,24.888
16,6,8.0387,13.768,58.968,25.624
16,6,6.6729,13.888,59.083,25.86
16,6,8.2925,13.437,55.255,23.91
16,6,5.7642,13.987,57.934,24.027
16,6,5.1882,14.17,63.258,28.065
16,6,5.9871,13.659,54.953,22.322
16,6,7.0994,13.939,56.164,22.792
16,6,5.5892,13.953,58.608,24.717
16,6,6.1698,13.843,57.901,24.812
16,6,5.4532,13.825,57.388,24.631
16,6,3.5176,14.186,60.993,25.827
16,6,5.5198,14.272,61.671,26.548
16,6,5.6078,14.101,61.057,26.749
16,6,4.0597,13.935,60.225,26.74
16,6,4.6716,13.638,55.675,23.773
16,6,4.5935,14.291,62.518,26.74
16,6,9.0964,13.371,55.393,24.486
16,6,5.2091,13.471,56.446,24.802
16,6,9.1036,13.431,53.645,22.465
16,6,5.6752,13.382,56.246,25.329
16,6,6.254,13.614,55.545,23.425
16,6,6.0611,13.74,57.158,24.724
16,6,6.3954,13.847,58.039,25.205
16,6,7.165,14.011,59.028,25.069
16,6,4.5154,13.355,52.762,21.45
16,6,8.1811,13.711,57.737,25.333
16,6,6.0629,13.804,59.404,26.362
16,6,5.6016,13.587,54.099,22.361
16,6,4.228,13.858,57.507,23.974
16,6,8.1563,13.591,55.658,23.985
16,6,7.3449,13.923,57.556,24.103
16,6,6.3684,13.474,55.588,23.934
16,6,6.3511,13.814,59.482,26.549
16,6,8.3057,13.444,54.676,23.224
16,6,6.3233,13.933,60.07,26.869
16,6,4.1341,13.956,60.456,26.521
16,6,5.6595,13.805,55.958,23.25
16,6,8.7251,13.726,57.189,24.952
16,6,7.4277,13.68,56.805,24.077
16,6,5.055,13.85,55.653,23.165
16,6,6.938,13.768,57.426,24.399
16,6,6.2064,14.095,60.228,24.984
16,6,6.7731,14.054,59.601,25.142
16,6,5.3268,13.684,56.881,24.649
16,6,5.6757,13.672,56.575,24.379
16,6,4.7226,13.754,58.986,26.29
16,6,7.7852,14.396,63.784,27.632
16,6,5.6267,13.627,55.062,22.404
16,6,4.3841,14.361,62.177,26.575
16,6,8.9355,13.816,60.224,27.019
16,6,6.1777,13.651,55.92,23.408
16,6,8.048,13.473,55.055,23.822
16,6,4.879,13.792,56.908,23.866
16,6,4.9669,13.683,57.433,25.004
16,6,5.8497,13.266,52.658,22.253
16,6,4.6073,13.81,58.679,25.15
16,6,7.6213,13.557,57.093,25.367
16,6,6.0954,13.73,58.462,25.872
16,6,8.2429,14.17,60.401,24.879
16,6,4.5611,13.761,59.463,26.811
16,6,6.5877,13.859,56.623,23.579
16,6,9.2786,13.326,54.233,23.22
16,6,7.3049,13.386,53.576,22.566
16,6,5.5211,13.652,53.147,20.909
16,6,7.0021,13.643,53.112,21.422
16,6,8.9573,13.14,52.282,22.443
16,6,6.0543,13.706,55.866,22.794
16,6,7.0316,13.743,55.833,23.324
16,6,7.2282,13.207,49.761,20.245
16,6,8.5012,13.629,56.31,24.017
16,6,5.8883,13.4,52.929,21.589
16,6,5.8751,13.657,57.082,24.629
16,6,9.0488,13.459,53.632,22.357
16,6,3.2505,14.159,60.364,25.314
16,6,6.043,14.123,60.165,25.45
16,6,7.251,13.379,55.631,24.507
16,6,4.4051,13.807,56.348,23.222
16,6,6.6437,13.481,54.438,22.959
16,6,5.0468,13.93,59.639,26.069
16,6,5.5185,14.028,61.198,26.926
16,6,6.7811,13.385,54.849,23.972
16,6,7.2765,13.693,55.092,22.713
16,6,7.8986,13.509,55.438,23.75
16,6,6.2399,13.46,54.436,23.398
16,6,5.0106,13.827,58.081,24.579
16,6,5.2564,13.677,57.588,25.541
16,6,5.6993,13.732,56.039,23.473
16,6,4.5144,13.808,56.297,23.602
16,6,5.9515,13.887,58.526,24.861
16,6,7.1316,13.684,55.978,23.614
16,6,6.9194,13.386,53.413,22.212
16,6,8.6892,13.731,58.457,25.878
16,6,6.8874,13.645,54.076,21.904
16,6,5.2376,14.134,60.923,25.932
16,6,8.3361,13.738,57.323,24.93
16,6,8.6272,13.697,55.283,23.036
16,6,3.9009,13.756,56.308,23.494
16,6,4.8857,13.785,57.158,24.212
16,6,7.1873,13.878,56.008,22.786
16,6,7.0425,13.852,57.322,23.95
16,6,7.4306,13.762,59.705,26.574
16,6,7.0847,14.023,59.012,24.973
16,6,4.9869,13.963,60.357,26.649
16,6,6.4107,13.728,55.16,22.765
16,6,9.0091,14.045,60.996,27.035
16,6,7.2208,13.751,57.734,25.128
16,6,6.2022,14.143,62.895,27.768
16,6,6.7462,13.951,60.36,26.613
16,6,8.0096,13.651,56.765,24.597
16,6,6.8275,13.426,53.257,22.058
16,6,6.7153,14.048,59.898,26.547
16,6,5.5363,13.816,56.955,24.087
16,6,5.736,13.455,54.753,23.381
16,6,6.2524,13.618,56.972,24.896
16,6,5.4191,13.801,58.432,25.392
16,6,4.8475,13.786,59.076,26.177
16,6,5.8096,13.546,56.432,24.907
16,6,6.2738,13.59,55.547,23.076
16,6,6.8817,13.489,55.832,24.346
16,6,4.8657,14.279,61.616,26.223
16,6,6.3131,13.702,55.782,23.497
16,6,6.7298,13.896,58.692,25.551
16,6,4.4697,13.911,60.697,26.719
16,6,6.2014,13.828,58.085,25.144
16,6,7.8157,14.127,59.899,25.682
16,6,4.4313,14.031,59.919,26.007
16,6,6.8679,13.81,56.051,23.323
16,6,5.4753,13.641,55.231,23.181
16,6,4.502,13.757,57.555,25.017
16,6,5.6145,13.511,55.919,24.051
16,6,5.9866,13.875,58.055,25.115
16,6,4.832,13.731,55.351,22.92
16,6,6.818,13.75,58.339,25.381
16,6,4.5549,13.922,60.133,26.62
16,6,4.7596,13.811,56.254,23.542
16,6,5.9364,13.547,53.561,22.154
16,6,5.5517,13.185,51.753,21.741
16,6,4.7281,13.747,57.953,25.207
16,6,7.1591,13.497,53.82,22.784
16,6,7.0169,13.892,58.423,25.091
16,6,6.748,13.702,57.758,25.477
16,6,5.9569,13.858,58.239,24.653
16,6,3.5199,13.648,55.018,22.7
16,6,7.5204,13.727,58.044,25.226
16,6,8.5388,13.571,57.266,25.376
16,6,5.778,13.761,57.661,24.323
16,6,4.9288,14.306,62.214,26.175
16,6,9.1374,13.991,60.199,26.293
16,6,5.939,13.562,56.184,24.287
16,6,5.1372,14.067,60.167,26.397
16,6,5.4905,14.33,64.149,28.226
16,6,6.4164,13.927,58.492,24.66
16,6,4.3348,14.232,63.015,27.458
16,6,4.8687,13.763,58.804,25.642
16,6,4.8672,14.195,63.184,27.414
16,6,6.6231,13.446,55.554,24.405
16,6,6.9099,13.709,58.205,25.552
16,6,7.0009,14.088,59.862,25.35
16,6,5.1254,13.996,62.21,28.086
16,6,8.3383,13.903,58.409,24.898
16,6,4.9577,13.53,56.678,24.663
16,6,7.1245,13.218,53.752,23.777
16,6,5.8125,13.687,56.816,24.695
16,6,6.0608,14.38,63.784,27.658
16,6,6.2551,13.731,56.851,24.234
16,6,9.6183,13.759,56.819,23.845
16,6,7.5161,13.652,56.633,24.25
16,6,6.8899,13.712,58.97,26.281
16,6,6.9297,13.429,56.732,25.454
16,6,4.7735,13.75,57.077,24.144
16,6,6.1476,13.5,54.332,22.658
16,6,5.1194,14.093,60.63,26.367
16,6,6.6584,13.701,58.292,26.004
16,6,7.6132,13.679,56.875,24.277
16,6,6.6958,13.554,55.66,23.716
16,6,5.364,14.057,58.951,24.643
16,6,7.91,13.433,55.012,23.42
16,6,7.6095,13.645,56.269,23.701
16,6,6.3426,13.851,56.681,23.409
16,6,8.0259,13.389,52.281,21.198
16,6,4.5568,13.972,58.326,24.345
16,6,5.0162,14.398,64.687,28.795
16,6,6.9555,13.699,56.871,24.591
16,6,6.6459,13.715,57.661,24.932
16,6,5.597,13.723,59.061,26.089
16,6,6.9911,14.175,59.885,24.846
16,6,5.1599,13.948,57.559,23.478
16,6,5.8876,13.881,56.94,23.79
16,6,8.2137,13.893,58.609,25.734
16,6,3.7635,13.588,55.134,22.81
16,6,7.186,13.364,51.83,21.435
16,6,6.2144,13.858,57.944,24.423
16,6,7.4616,13.704,55.801,23.589
16,6,7.3276,13.899,59.616,26.215
16,6,6.5738,13.654,54.917,22.859
16,6,3.9381,14.02,59.389,25.14
16,6,5.8191,13.629,54.733,22.283
16,6,6.0541,14.027,59.698,25.815
16,6,7.5679,14.024,58.894,25.168
16,6,5.3115,14.031,60.977,26.857
16,6,7.0699,13.484,54.215,23.215
16,6,4.7438,14.086,61.53,26.485
16,6,3.5138,14.225,60.139,25.297
16,6,6.1707,13.849,57.78,24.587
16,6,6.0039,13.799,58.724,25.905
16,6,6.9463,13.655,55.478,23.413
16,6,6.1169,13.633,53.645,21.683
16,6,4.2584,13.793,59.645,26.263
16,6,7.9779,13.514,54.695,23.145
16,6,5.2182,13.422,54.092,23.238
16,6,5.6074,13.859,57.892,25.072
16,6,7.0237,13.756,55.561,23.151
16,6,5.2126,14.036,59.814,25.457
16,6,6.3756,13.589,54.079,22.616
16,6,5.2199,13.942,58.984,25.261
16,6,5.5047,14.157,60.615,25.582
16,6,5.4003,13.704,58.713,26.096
16,6,7.5385,13.837,59.48,26.503
16,6,4.8123,13.451,55.25,23.589
16,6,5.7739,13.704,57.84,25.325
16,6,5.7401,13.395,54.113,23.131
16,6,6.9686,13.657,55.652,23.149
16,6,4.9202,13.501,55.93,24.797
16,6,6.5442,13.493,54.954,23.324
16,6,6.564,13.713,57.995,25.309
16,6,4.661,13.836,58.863,25.984
16,6,4.9239,13.814,57.608,24.781
16,6,7.3696,13.783,56.911,24.315
16,6,4.7356,13.51,54.857,22.9
16,6,7.2467,13.171,52.712,22.696
16,6,5.1945,13.848,57.981,25.206
16,6,7.0225,13.469,55.618,23.978
16,6,5.8262,13.664,56.479,24.122
16,6,4.9887,13.73,56.323,23.561
16,6,8.1179,13.411,53.985,22.513
16,6,5.5039,13.748,55.858,22.805
16,6,5.3685,14.301,62.73,27.927
16,6,6.848,13.364,52.773,22.041
16,6,5.3413,13.791,57.226,24.502
16,6,5.6641,13.58,55.556,23.322
16,6,6.2715,13.725,56.954,24.757
16,6,5.7372,13.661,56.069,23.907
16,6,4.8036,13.702,54.969,22.318
16,6,6.2379,13.803,54.912,22.078
16,6,5.3201,14.141,61.184,25.799
16,6,6.7105,13.245,53.208,22.955
16,6,8.0298,13.312,53.331,22.774
16,6,6.0138,13.708,56.836,24.531
16,6,6.3199,13.659,57.463,24.82
16,6,6.3342,14.132,60.574,25.854
16,6,5.2437,13.606,56.995,24.875
16,6,6.315,13.833,58.232,25.39
16,6,5.963,13.77,57.609,24.72
16,6,5.5652,13.942,56.855,22.098
16,6,5.7,13.78,58.011,25.196
16,6,7.0821,14.073,60.444,25.896
16,6,6.97,13.605,56.03,24.045
16,6,4.5538,13.855,56.329,23.423
16,6,4.4804,13.555,54.936,23.337
16,6,6.4319,14.094,60.098,25.197
16,6,8.4929,13.457,55.927,24.491
16,6,6.6358,13.866,56.451,23.115
16,6,5.4546,13.534,54.152,22.118
16,6,5.8201,13.586,56.188,24.699
16,6,6.6732,14.096,60.283,25.999
16,6,6.4395,14.424,65.084,28.455
16,6,7.2918,13.507,53.098,21.458
16,6,9.0567,14.006,59.808,25.671
16,6,6.1785,13.747,56.01,23.358
16,6,6.7654,13.683,54.205,22.016
16,6,5.844,13.874,59.108,25.913
16,6,4.7405,13.558,55.081,23.325
16,6,5.6636,13.681,58.203,25.351
16,6,4.0075,13.989,58.843,25.055
16,6,4.618,13.676,57.19,24.669
16,6,6.0308,13.763,57.506,24.4
16,6,6.5478,13.602,58.159,26.032
16,6,5.1117,13.905,59.879,25.88
16,6,5.2818,13.572,56.848,24.83
16,6,7.0534,13.86,60.079,26.712
16,6,6.0428,13.803,58.583,25.616
16,6,6.6768,13.855,58.236,24.844
16,6,4.6834,13.579,56.145,24.228
16,6,5.3613,13.312,52.944,22.404
16,6,6.8657,13.637,57.518,24.762
16,6,5.6571,14.166,61.352,25.771
16,6,3.9118,13.498,54.318,22.75
16,6,5.996,14.025,59.841,25.604
16,6,5.3468,14.225,62.545,27.417
16,6,8.6511,13.619,55.326,22.634
16,6,5.5914,13.761,57.514,24.451
16,6,5.1763,14.08,61.669,27.698
16,6,5.4329,13.619,56.922,24.337
16,6,6.7161,13.515,55.587,24.097
16,6,7.1804,13.473,54.415,22.956
16,6,8.8869,13.705,56.728,24.144
16,6,6.6821,13.932,57.695,24.393
16,6,3.963,14.04,58.837,24.71
16,6,7.101,13.636,54.502,22.124
16,6,7.0252,13.352,53.68,22.302
16,6,7.6803,13.87,56.839,23.467
16,6,5.7983,13.865,59.999,26.636
16,6,7.5278,13.54,54.822,22.769
16,6,6.2742,14.153,62.866,28.032
16,6,5.59,14.041,60.719,26.238
16,6,7.8694,13.631,56.592,24.703
16,6,8.3785,13.684,58.89,26.429
16,6,5.8786,14.029,58.103,24.299
16,6,6.332,13.563,56.077,24.299
16,6,6.6948,14.151,62.559,27.063
16,6,6.4451,14.185,63.313,28.358
16,6,5.3643,13.746,56.867,23.945
16,6,6.3485,13.649,56.522,24.278
16,6,7.6292,13.872,58.133,24.985
16,6,7.8224,13.514,54.434,22.826
16,6,5.2986,13.801,58.144,25.552
16,6,8.6084,14.078,58.086,23.637
16,6,4.3414,13.599,57.15,24.728
16,6,6.1479,13.551,57.086,25.011
16,6,7.7078,13.254,52.364,22.049
16,6,6.8349,14.011,61.23,27.27
16,6,5.4988,13.569,55.548,23.655
16,6,5.7842,13.703,55.127,22.88
16,6,6.49,14.278,61.743,25.918
16,6,5.0222,13.549,55.338,23.837
16,6,5.3327,13.982,60.984,26.887
16,6,4.4158,13.801,58.513,26.03
16,6,4.4781,13.86,57.121,23.783
16,6,5.1008,14.679,69.295,31.619
16,6,5.9845,13.521,56.043,24.43
16,6,8.0482,13.516,55.642,23.479
16,6,6.734,14.095,62.382,27.654
16,6,7.8739,13.095,50.441,21.342
16,6,5.5382,13.904,60.503,27.272
16,6,5.9327,13.74,56.406,23.963
16,6,7.6362,13.787,56.187,23.417
16,6,6.6299,13.667,55.415,22.983
16,6,5.8278,13.757,54.452,21.876
16,6,6.0604,13.943,59.959,26.322
16,6,6.0608,14.149,60.992,26.369
16,6,7.1569,13.4,52.234,21.368
16,6,5.3287,13.628,54.422,21.946
16,6,4.4875,14.116,61.096,26.544
16,6,8.1635,13.875,58.096,24.701
16,6,7.4766,13.272,51.541,21.357
16,6,5.4432,13.763,56.613,24.279
16,6,6.6599,13.524,55.453,23.805
16,6,4.9569,13.311,54.259,23.123
16,6,6.189,13.69,55.179,22.844
16,6,6.1359,13.682,57.324,24.408
16,6,8.0482,14.019,59.202,24.89
16,6,6.3007,13.307,52.614,22.217
16,6,6.9911,13.982,60.764,26.695
16,6,4.9885,13.954,58.825,24.857
16,6,7.5941,13.597,55.132,23.175
16,6,4.773,13.881,57.603,24.245
16,6,5.6472,14.01,58.776,24.786
16,6,6.6744,13.682,57.582,25.135
16,6,5.627,13.847,58.704,25.597
16,6,6.7696,13.281,52.919,22.328
16,6,4.6508,14.06,59.474,24.786
16,6,7.3495,13.695,57.823,25.342
16,6,6.6103,13.201,50.884,21.065
16,6,5.287,14.036,60.029,25.72
16,6,3.7285,14.173,59.32,24.037
16,6,5.7947,13.493,55.103,23.787
16,6,6.2865,13.445,53.742,22.197
16,6,7.6877,14.128,59.758,24.771
16,6,5.2765,13.849,59.442,26.358
16,6,5.3303,13.977,58.199,24.317
16,6,7.5093,13.429,52.712,22.094
16,6,7.5086,13.677,57.351,24.463
16,6,5.1174,13.632,54.828,22.759
16,6,4.7778,13.681,58.576,26.446
16,6,7.3327,13.486,56.048,24.697
16,6,5.3261,13.809,56.966,23.994
16,6,5.8951,14.062,62.227,27.605
16,6,7.6017,14.019,60.282,26.08
16,6,5.3725,14.335,62.858,26.526
16,6,7.0335,13.819,58.903,25.819
16,6,6.6788,13.643,56.542,24.271
16,6,8.752,13.324,52.032,21.485
16,6,5.6316,13.867,57.466,23.871
16,6,5.3957,13.688,59.786,27.112
16,6,6.1857,14.365,62.843,26.839
16,6,5.8544,14.192,61.532,26.774
16,6,5.1697,13.659,57.506,24.535
16,6,8.5937,13.781,59.927,27.246
16,6,5.9495,13.832,58.088,25.176
16,6,6.1867,13.769,56.943,24.595
16,6,6.4169,13.316,52.247,21.744
16,6,4.8236,13.618,55.836,24.167
16,6,6.7573,13.622,57.57,25.413
16,6,8.8336,13.996,61.169,27.362
16,6,6.0743,14.516,62.251,25.967
16,6,4.786,13.669,55.584,23.69
16,6,5.1889,14.37,64.779,28.639
16,6,3.9439,14.094,61.332,26.664
16,6,8.1045,14.131,60.697,25.954
16,6,7.6535,13.93,58.287,24.443
16,6,6.3584,14.131,60.879,26.176
16,6,5.7915,14.054,59.554,24.911
16,6,4.8509,13.777,59.187,26.217
16,6,5.6036,13.794,57.1,24.226
16,6,4.272,13.802,57.081,24.508
16,6,6.8047,14.277,62.019,26.207
16,6,4.3364,13.596,53.389,21.48
16,6,6.0005,13.345,51.341,20.959
16,6,7.4491,13.985,58.159,24.766
16,6,5.7514,13.82,57.667,24.596
16,6,7.9323,14.079,60.569,26.299
16,6,5.7634,13.348,54.011,22.814
16,6,7.2243,13.848,55.769,23.147
16,6,5.2224,13.74,55.959,23.474
16,6,8.7391,13.757,57.45,24.439
16,6,4.8198,13.452,54.77,23.308
16,6,6.3854,13.765,56.381,23.109
16,6,6.9619,13.914,59.851,25.778
16,6,8.3531,13.208,52.847,22.585
16,6,7.5632,13.41,54.712,23.726
16,6,5.997,13.582,56.956,25.045
16,6,5.377,13.945,60.644,26.799
16,6,8.9657,14.154,60.018,25.686
16,6,8.1531,13.699,57.001,24.827
16,6,7.7139,14.17,60.628,25.992
16,6,4.5847,14.075,62.305,28.309
16,6,7.5885,13.717,56.429,24.265
16,6,4.48,13.737,57.991,25.463
16,6,7.0788,13.868,59.57,25.709
16,6,6.1795,14.046,59.465,25.121
16,6,6.0535,14.411,64.679,27.547
16,6,7.2119,13.323,52.687,22.183
16,6,7.4582,14.288,60.644,25.08
16,6,6.4098,13.76,56.019,23.256
16,6,7.8089,13.75,57.423,25.026
16,6,5.6371,14.227,62.402,27.448
16,6,4.8071,14.208,61.861,26.875
16,6,4.9353,13.778,57.324,24.8
16,6,6.9629,13.377,55.298,24.601
16,6,5.4388,13.666,57.64,25.029
16,6,7.0486,13.847,59.009,25.998
16,6,5.9066,13.659,57.107,24.902
16,6,6.5958,14.024,58.552,25.09
16,6,5.3286,14.123,59.719,25.286
16,6,5.7584,13.277,51.988,21.638
16,6,7.6198,13.281,52.926,22.085
16,6,8.1742,13.49,55.977,23.961
16,6,6.0637,13.682,56.463,24.598
16,6,4.6244,13.655,57.658,25.306
16,6,7.0651,13.598,55.038,22.812
16,6,6.8907,14.162,58.987,24.294
16,6,5.3021,14.237,63.112,27.964
16,6,5.8019,14.034,59.297,25.238
16,6,4.27,13.682,54.561,22.22
16,6,6.2574,13.882,57.404,23.772
16,6,7.3057,13.431,53.733,22.938
16,6,4.1836,14.216,61.342,25.263
16,6,4.3785,13.978,59.639,25.889
16,6,5.6535,13.898,57.832,24.34
16,6,3.8407,13.761,57.28,24.546
16,6,6.1685,13.848,57.212,23.742
16,6,5.6506,13.597,55.856,23.887
16,6,5.2863,13.782,57.816,24.411
16,6,5.0923,13.492,55.658,24.089
16,6,6.5433,13.732,57.237,24.717
16,6,8.3975,14.136,62.715,28.011
16,6,8.0254,13.723,56.393,23.713
16,6,5.7217,13.872,57.234,23.935
16,6,9.5223,13.609,55.303,22.125
16,6,6.4873,13.686,57.692,25.45
16,6,4.5299,13.816,57.026,24.213
16,6,4.1612,14.025,59.923,25.851
16,6,5.5275,13.682,55.355,22.174
16,6,6.5303,13.895,57.972,23.703
16,6,4.3274,13.701,56.848,24.555
16,6,7.6678,13.653,57.037,24.624
16,6,6.2021,13.884,57.25,24.077
16,6,5.576,13.535,57.361,25.334
16,6,5.6338,13.565,55.365,23.565
16,6,6.1264,13.705,55.977,23.129
16,6,5.5495,13.77,57.715,24.712
16,6,8.1552,13.702,56.908,24.691
16,6,7.2964,14.472,66.312,29.415
16,6,6.2026,13.498,54.645,23.323
16,6,6.7813,13.377,55.023,23.863
16,6,7.3422,13.907,60.042,26.572
16,6,6.7844,13.559,56.336,24.59
16,6,6.0602,13.668,56.063,23.328
16,6,6.8615,13.869,59.369,25.642
16,6,5.2016,13.899,56.344,22.913
16,6,5.7292,14.099,61.607,26.97
16,6,5.8987,13.932,59.501,24.961
16,6,7.54,13.85,57.418,23.78
16,6,6.0954,13.997,60.595,26.755
16,6,5.4463,13.834,57.663,24.39
16,6,6.2892,13.59,55.837,23.881
16,6,6.1004,14.041,57.831,24.063
16,6,4.6026,13.725,57.164,24.439
16,6,5.8944,13.203,51.235,21.394
16,6,6.2582,13.544,55.181,22.991
16,6,5.4245,14.121,61.887,27.213
16,6,4.1638,14.083,58.466,24.129
16,6,8.1209,13.43,53.877,22.41
16,6,4.2845,13.784,59.255,26.275
16,6,7.4885,13.194,50.399,20.847
16,6,4.8193,13.285,53.241,22.79
16,6,7.0579,13.51,54.84,23.489
16,6,7.2515,14.102,61.029,26.262
16,6,4.3473,13.647,57.92,25.702
16,6,4.2933,13.92,60.085,26.115
16,6,6.2712,13.861,59.977,26.404
16,6,6.4293,13.611,55.958,24.126
16,6,4.7613,14.082,61.091,26.861
16,6,5.3724,14.009,59.269,25.018
16,6,6.1209,13.392,54.04,23.06
16,6,6.1041,14.078,59.858,25.39
16,6,6.0454,13.533,55.433,24.035
16,6,4.8972,14.387,63.395,27.764
16,6,6.5534,13.821,56.932,24.133
16,6,6.1669,13.456,52.262,21.175
16,6,5.7911,13.222,51.047,20.949
16,6,5.9586,14.021,58.626,24.653
16,6,7.5541,13.535,57.499,25.546
16,6,6.8144,13.636,56.404,24.791
16,6,5.9332,13.539,56.695,24.741
16,6,6.639,14.093,60.652,26.292
16,6,5.7815,13.695,55.578,23.317
16,6,7.9634,13.291,52.881,22.216
16,6,5.4322,13.505,54.72,23.114
16,6,5.7594,13.808,59.397,25.999
16,6,5.8025,14.466,67.126,30.66
16,6,6.4109,13.626,55.364,23.249
16,6,6.5388,13.797,59.138,25.889
16,6,6.7739,14.011,60.671,26.536
16,6,6.7517,14.092,58.518,24.466
16,6,6.5717,13.408,55.633,24.161
16,6,5.4849,14.009,61.586,27.21
16,6,5.9525,13.936,59.367,25.08
16,6,9.5729,13.655,54.052,22.155
16,6,6.8637,13.572,57.346,25.742
16,6,5.9161,13.895,60.422,26.856
16,6,4.9466,13.788,55.363,22.492
16,6,7.2656,14.112,59.546,25.109
16,6,5.9953,14.161,61.401,26.423
16,6,5.275,13.795,57.511,24.426
16,6,4.4034,14.259,60.642,25.525
16,6,5.9867,14.426,62.989,27.038
16,6,6.2292,13.808,59.032,26.12
16,6,5.9732,13.803,59.019,25.677
16,6,5.9414,13.573,56.244,24.112
16,6,6.4579,13.89,60.679,27.036
16,6,6.1051,13.692,55.984,23.73
16,6,6.322,13.733,58.327,25.53
16,6,7.8008,13.895,58.498,25.276
16,6,6.1515,14.201,61.008,26.204
16,6,6.0096,13.747,56.068,23.406
16,6,5.4925,14.286,61.334,25.971
16,6,3.5107,13.844,58.413,25.05
16,6,9.2867,13.451,55.236,24.366
16,6,6.992,13.829,58.849,25.87
16,6,5.2406,13.746,57.892,25.008
16,6,6.9095,14.261,61.943,27.035
16,6,5.2112,13.711,58.94,25.988
16,6,3.5456,13.962,58.277,23.533
16,6,6.417,13.518,55.555,24.453
16,6,5.3395,14.239,61.423,26.843
16,6,4.8735,13.869,58.095,25.346
16,6,7.1191,13.872,57.934,24.876
16,6,10.744,13.743,56.272,23.512
16,6,7.2195,13.576,52.814,21.319
16,6,6.4516,13.94,60.71,27.022
16,6,7.5814,13.385,54.177,22.695
16,6,6.2821,13.652,55.91,24.193
16,6,5.8462,14.163,63.102,28.458
16,6,5.6945,13.903,59.623,26.218
16,6,5.74,13.71,57.556,24.724
16,6,6.335,13.601,53.386,20.842
16,6,10.568,13.527,56.288,24.811
16,6,6.1009,13.904,59.255,25.582
16,6,8.3124,13.703,55.369,22.882
16,6,6.3675,13.319,53.697,23.039
16,6,5.8605,13.816,57.88,24.989
16,6,3.6433,13.474,56.146,24.48
16,6,5.5431,13.081,52.435,23.03
16,6,6.5172,14.425,63.858,27.679
16,6,4.7247,13.766,54.613,21.603
16,6,7.1863,13.514,56.539,24.952
16,6,7.4012,13.854,59.03,25.617
16,6,4.5703,13.545,54.915,23.274
16,6,7.9031,13.701,55.717,22.925
16,6,4.2444,13.792,57.251,24.05
16,6,5.588,13.988,57.805,23.518
16,6,4.3234,13.985,57.507,23.807
16,6,8.0303,13.337,53.372,22.735
16,6,6.4455,13.427,53.894,23.244
16,6,3.3368,14.172,61.046,25.815
16,6,4.3097,13.669,54.69,22.899
16,6,8.5973,13.7,55.056,22.401
16,6,4.6356,13.871,57.365,23.984
16,6,6.6308,13.53,55.836,24.046
16,6,5.9394,14.358,64.213,28.761
16,6,6.1106,14.135,60.344,25.352
16,6,5.307,14.034,59.757,25.952
16,6,7.2166,13.923,57.843,24.205
16,6,7.2338,13.5,54.694,23.046
16,6,5.4718,14.319,63.837,27.778
16,6,5.6499,13.651,56.412,24.03
16,6,7.6091,13.82,57.405,24.283
16,6,5.8444,13.774,57.706,24.818
16,6,5.6865,13.899,57.298,24.252
16,6,5.8561,13.782,57.219,24.754
16,6,6.1961,14.032,58.956,24.956
16,6,5.9788,14.285,63.156,27.356
16,6,7.2905,13.234,54.214,24.092
16,6,6.9714,13.82,58.909,25.713
16,6,4.9964,13.724,56.434,23.747
16,6,6.4038,14.177,60.1,24.876
16,6,8.2182,13.586,55.587,23.426
16,6,9.552,13.665,57.421,24.886
16,6,5.7762,13.827,56.314,23.288
16,6,9.4849,13.189,52.615,22.078
16,6,3.7703,14.225,62.137,27.186
16,6,6.4764,14.067,60.41,26.241
16,6,5.7457,13.536,55.453,24.075
16,6,6.3315,13.087,51.711,22.017
16,6,5.3108,14.312,63.74,28.35
16,6,4.3885,13.688,58.36,26.231
16,6,6.2324,14.015,59.141,25.184
16,6,7.2848,13.797,59.049,25.8
16,6,6.264,13.828,58.376,25.16
16,6,6.0247,13.59,55.915,24.323
16,6,7.3985,13.42,54.223,23.209
16,6,4.882,13.937,59.122,25.477
16,6,4.5985,14.121,61.517,26.527
16,6,6.7312,13.794,59.419,26.395
16,6,6.2143,13.852,59.164,25.925
16,6,6.6,13.377,52.306,21.611
16,6,4.6335,13.553,54.012,22.149
16,6,7.9888,13.504,56.081,23.865
16,6,3.7293,13.781,57.553,24.781
16,6,6.3911,14.069,61.317,27.6
16,6,7.9103,13.942,57.865,24.609
16,6,6.0251,13.866,57.265,23.503
16,6,4.0565,14.239,59.161,24.102
16,6,7.622,13.692,56.611,24.486
16,6,5.963,14.022,59.67,25.437
16,6,7.5035,14.098,60.576,26.024
16,6,5.6821,13.724,57.081,23.931
16,6,4.9764,13.735,56.221,23.923
16,6,5.2118,13.912,57.005,23.708
16,6,7.3796,13.905,59.638,26.421
16,6,5.8457,13.937,59.77,26.368
16,6,6.3824,13.99,59.571,25.537
16,6,7.1139,13.407,55.121,24.206
16,6,7.6065,13.649,56.962,24.513
16,6,6.8843,13.86,60.733,27.335
16,6,7.035,13.757,57.32,24.592
16,6,9.3534,13.555,51.865,20.141
16,6,6.2214,13.861,57.497,24.164
16,6,5.1035,14.06,59.31,25.2
16,6,8.1705,13.647,58.88,26.14
16,6,6.0203,13.677,56.105,23.419
16,6,5.3588,13.446,54.692,23.386
16,6,4.4563,14.342,63.46,27.698
16,6,5.7681,13.586,56.184,24.202
16,6,4.8746,14.242,60.769,25.674
16,6,8.4539,13.651,52.979,20.616
16,6,4.8908,13.808,56.984,23.99
16,6,5.4985,13.913,58.517,25.53
16,6,3.5764,13.585,57.511,24.883
16,6,5.443,13.633,55.475,23.492
16,6,6.9094,13.159,51.225,21.014
16,6,6.027,13.453,54.942,23.476
16,6,5.3489,14.173,60.413,25.665
16,6,7.3898,13.62,55.16,22.98
16,6,8.4482,13.686,57.094,24.465
16,6,6.1391,13.762,57.69,25.017
16,6,5.5059,14.044,61.818,27.758
16,6,4.734,14.088,60.766,26.52
16,6,6.9944,13.953,59.585,25.836
16,6,7.2662,13.777,56.499,24.342
16,6,5.6701,13.861,59.012,25.231
16,6,7.2319,13.178,53.196,23.458
16,6,8.3823,13.561,53.317,21.426
16,6,6.1069,13.54,55.426,23.313
16,6,5.9695,13.87,58.645,25.49
16,6,8.0266,13.546,56.205,24.025
16,6,6.4261,13.397,53.336,21.967
16,6,5.989,13.36,52.508,21.868
16,6,7.3974,14.125,59.195,24.744
16,6,7.3111,13.869,54.656,20.611
16,6,4.2856,14.324,61.146,25.62
16,6,4.355,13.925,57.908,24.323
16,6,5.8415,13.562,54.333,22.695
16,6,4.7143,13.76,57.714,24.964
16,6,6.393,13.762,57.662,25.191
16,6,7.0461,14.043,60.856,26.937
16,6,4.1561,14.061,60.467,26.238
16,6,6.4659,13.235,52.071,21.299
16,6,7.5585,13.62,56.559,25.063
16,6,4.9475,13.951,59.546,25.729
16,6,5.2745,13.954,57.901,24.095
16,6,8.1679,13.638,53.227,21.577
16,6,6.5765,13.84,60.061,26.949
16,6,4.8678,14.601,66.75,29.321
16,6,5.5955,13.311,54.174,23.741
16,6,5.7919,13.932,60.521,26.946
16,6,7.4707,13.681,56.017,23.777
16,6,7.6083,13.428,52.574,21.297
16,6,5.7846,13.703,57.519,24.627
16,6,7.9392,13.848,57.166,23.944
16,6,7.0302,14.136,62.721,27.856
16,6,6.529,13.918,58.09,24.81
16,6,7.4602,13.159,50.784,20.864
16,6,4.5075,14.246,62.383,27.059
16,6,6.8395,13.984,58.036,24.056
16,6,6.7743,14.101,58.298,24.076
16,6,8.6603,13.507,54.623,23.3
16,6,5.6598,14.039,60.469,26.597
16,6,6.8348,14.061,60.021,25.725
16,6,5.2225,13.768,59.006,26.214
16,6,5.8455,13.331,53.128,22.607
16,6,4.6667,14.428,62.031,25.767
16,6,6.0735,14.003,59.191,25.69
16,6,6.2067,13.747,55.451,23.394
16,6,6.2667,13.742,56.285,23.54
16,6,5.1116,13.647,54.598,22.538
16,6,5.3718,13.879,59.024,25.222
16,6,6.7117,13.364,56.927,25.68
16,6,5.2234,14.136,60.625,25.147
16,6,5.4092,14.047,61.173,26.939
16,6,6.123,13.926,59.701,25.864
16,6,6.451,13.887,58.794,25.15
16,6,4.1293,13.76,58.593,26.153
16,6,6.4168,13.897,58.404,24.992
16,6,6.4301,14.007,61.454,27.782
16,6,5.774,14.04,63.021,28.655
16,6,5.8553,14.003,59.883,25.368
16,6,5.2722,14.153,60.87,26.119
16,6,5.3149,13.991,59.099,25.316
16,6,6.0915,14.498,64.749,27.898
16,6,6.4482,13.889,58.498,24.847
16,6,4.9653,13.484,55.94,24.676
16,6,5.7481,13.498,52.152,20.978
16,6,5.6808,13.365,53.628,22.96
16,6,5.0604,13.9,58.384,25.12
16,6,7.257,14.123,61.403,26.891
16,6,9.3272,13.895,60.666,27.172
16,6,7.1906,14.406,62.833,27.115
16,6,6.3148,13.441,53.451,22.648
16,6,6.2537,14.146,63.108,27.849
16,6,5.6738,14.281,62.458,27.415
16,6,7.3684,14.064,57.568,23.53
16,6,6.3256,13.749,57.985,24.886
16,6,7.0329,13.682,54.18,22.398
16,6,5.982,13.813,57.66,25.044
16,6,5.9369,14.056,57.155,23.038
16,6,6.6225,13.924,58.717,25.094
16,6,8.246,13.71,56.156,23.946
16,6,6.0534,13.905,59.304,25.71
16,6,6.5666,14.18,59.868,25.091
16,6,6.5768,13.432,54.581,23.718
16,6,6.1969,14.219,61.275,26.706
16,6,6.2091,13.483,56.161,24.519
16,6,6.2062,13.771,58.884,25.629
16,6,7.7609,13.948,58.63,25.66
16,6,5.2542,13.733,56.305,23.577
16,6,7.01,13.81,56.864,24.104
16,6,4.451,13.926,58.34,24.842
16,6,4.4435,13.671,57.745,25.496
16,6,5.7896,13.87,61.115,27.385
16,6,7.4475,14.029,60.406,26.496
16,6,4.6971,14.044,59.003,24.342
16,6,5.0118,14.071,59.675,25.806
16,6,5.8555,13.598,56.361,24.545
16,6,6.5038,13.847,58.035,25.341
16,6,5.0286,14.007,58.787,24.795
16,6,4.3875,13.934,58.332,24.879
16,6,5.9803,13.384,55.168,24.48
16,6,6.804,13.43,53.378,22.349
16,6,5.906,14.369,62.76,26.485
16,6,5.7556,13.984,57.317,24.279
16,6,4.9574,13.601,54.936,22.572
16,6,4.4459,13.75,57.768,24.967
16,6,5.247,13.486,53.343,21.384
16,6,7.4593,13.973,60.54,27.069
16,6,7.1521,13.532,57.316,25.105
16,6,7.2967,13.421,54.249,23.411
16,6,7.546,13.274,53.277,22.832
16,6,7.1073,13.792,58.01,24.811
16,6,5.55,13.785,58.75,25.977
16,6,6.8093,14.269,63.055,27.871
16,6,6.6363,13.958,59.72,25.808
16,6,5.3369,13.61,56.081,23.768
16,6,5.7907,13.568,56.463,24.99
16,6,7.4042,13.518,57.212,25.721
16,6,4.4393,14.955,69.178,30.372
16,6,5.8078,13.488,55.406,23.69
16,6,5.7176,13.624,56.969,24.643
16,6,9.2007,13.858,57.935,24.866
16,6,8.2184,13.635,55.864,24.132
16,6,8.2937,13.353,53.413,22.44
16,6,4.9725,14.263,62.487,27.111
16,6,6.8012,13.763,57.223,24.265
16,6,5.4927,14.468,64.741,28.655
16,6,6.1029,13.254,52.416,22.23
16,6,5.4571,14.301,62.615,26.66
16,6,7.3252,13.562,55.002,22.287
16,6,6.7625,14.175,58.901,23.929
16,6,5.1672,13.964,60.8,26.801
16,6,7.5599,13.975,60.03,26.318
16,6,6.6905,14.238,60.593,25.222
16,6,7.2446,13.532,57.81,25.727
16,6,5.4832,13.735,56.49,24.044
16,6,5.7041,13.732,57.195,24.394
16,6,6.3508,13.73,56.877,24.337
16,6,6.8484,13.147,50.185,20.394
16,6,5.3098,13.857,60.336,26.834
16,6,6.2649,13.858,58.019,25.018
16,6,5.9998,13.328,53.478,23.029
16,6,4.601,14.257,63.285,27.533
16,6,8.2876,13.684,58.086,25.591
16,6,6.7282,13.838,57.381,24.531
16,6,5.3306,13.857,60.562,27.264
16,6,6.1818,13.321,54.568,23.821
16,6,4.8709,13.592,56.909,24.922
16,6,4.8809,14.091,61.133,26.119
16,6,5.6219,13.839,56.935,24.09
16,6,6.4386,14.336,65.068,29.439
16,6,4.5021,13.816,57.655,24.821
16,6,5.5669,14.352,63.47,27.883
16,6,6.1296,14.319,63.218,27.174
16,6,6.6848,13.53,53.935,22.315
16,6,5.4958,13.896,56.392,21.871
16,6,7.4082,14.01,59.72,25.573
16,6,7.2639,13.581,54.84,23.15
16,6,5.6295,13.92,58.986,24.737
16,6,4.8012,13.454,57.262,25.483
16,6,6.1768,13.566,55.065,22.978
16,7,7.6498,14.595,66.98,29.684
16,7,4.131,15.07,73.184,33.421
16,7,6.3262,14.589,66.886,29.508
16,7,5.0902,14.851,67.689,29.547
16,7,6.4458,15.087,72.143,32.164
16,7,7.2174,14.289,64.902,29.39
16,7,8.3167,14.732,69.169,31.258
16,7,6.3715,14.31,63.51,28.508
16,7,6.3138,15.276,72.871,31.845
16,7,6.622,15.089,73.337,33.883
16,7,7.3345,14.457,65.643,29.066
16,7,5.7501,14.901,68.635,29.682
16,7,8.4755,15.053,72.569,32.965
16,7,4.2124,15.353,72.076,30.373
16,7,6.551,14.986,68.976,29.723
16,7,5.8716,14.817,67.433,29.179
16,7,6.3065,15.072,70.657,30.581
16,7,5.4456,15.264,72.32,32.018
16,7,4.0217,15.353,72.526,31.603
16,7,7.4267,14.83,69.171,31.198
16,7,6.2027,15.139,72.128,31.96
16,7,6.3477,15.017,70.734,31.491
16,7,7.6802,14.86,68.034,29.129
16,7,5.9506,15.196,72.671,31.676
16,7,5.8563,15.197,75.405,34.534
16,7,6.5958,14.183,61.426,25.994
16,7,7.2371,14.917,70.891,31.778
16,7,6.0982,14.78,70.012,31.832
16,7,6.7465,14.919,68.231,29.789
16,7,7.98,14.907,68.295,29.229
16,7,6.1797,14.514,66.205,29.239
16,7,5.2444,15.237,73.393,32.835
16,7,8.5775,15.014,72.682,33.038
16,7,6.2444,15.042,70.162,30.346
16,7,4.3873,15.309,74.249,33.283
16,7,5.8619,14.248,62.398,26.718
16,7,5.9275,15.038,71.509,32.026
16,7,5.1228,15.057,69.706,29.828
16,7,4.9229,15.22,72.422,32.527
16,7,6.288,14.973,69.111,30.674
16,7,4.8089,14.53,68.433,31.858
16,7,7.4292,15.146,72.449,31.482
16,7,6.4695,14.754,66.224,28.684
16,7,6.9949,14.866,69.808,30.862
16,7,5.965,14.521,65.169,28.046
16,7,5.5681,14.875,70.062,31.463
16,7,6.4956,14.995,69.544,30.306
16,7,5.8937,14.805,67.949,29.831
16,7,7.3819,14.909,72.642,33.801
16,7,5.3053,15.538,76.201,33.28
16,7,4.5916,15.244,72.507,32.191
16,7,4.7042,15.221,71.307,30.953
16,7,5.4321,14.668,67.292,29.483
16,7,4.4842,14.937,69.198,30.331
16,7,6.2692,14.657,65.692,28.308
16,7,5.9397,15.296,72.86,31.851
16,7,7.1595,14.852,69.516,30.685
16,7,6.3873,14.784,67.771,29.168
16,7,6.1537,15.023,70.674,31.051
16,7,5.2738,15.189,70.141,29.578
16,7,6.1695,14.801,68.424,30.351
16,7,6.4933,14.938,68.713,29.796
16,7,6.6992,15.17,72.241,32.239
16,7,6.7439,14.661,67.042,29.362
16,7,5.2505,14.263,63.283,28.027
16,7,6.5242,14.743,67.928,29.776
16,7,6.6644,14.798,68.449,30.208
16,7,6.0955,14.725,66.598,28.86
16,7,7.7318,14.973,70.045,30.565
16,7,6.7246,15.126,69.761,29.926
16,7,7.0309,15.418,74.477,32.701
16,7,5.1839,14.72,65.831,28.411
16,7,6.335,14.855,72.383,34.001
16,7,6.4725,15.281,76.746,36.012
16,7,6.1349,14.532,66.581,29.815
16,7,7.1605,14.835,67.873,29.634
16,7,8.4428,14.6,65.307,28.47
16,7,5.8173,14.697,67.417,29.48
16,7,5.7911,14.516,64.746,28.177
16,7,6.9889,14.693,67.976,29.959
16,7,7.0285,14.533,65.972,29.073
16,7,5.5294,15.323,76.767,35.51
16,7,7.6517,14.998,70.706,32.351
16,7,4.8753,15.133,70.761,30.715
16,7,6.374,14.961,69.8,31.146
16,7,6.0838,14.561,66.629,28.726
16,7,5.9259,14.746,68.54,30.868
16,7,6.7796,14.4,65.841,29.595
16,7,6.408,14.598,66.268,28.95
16,7,5.5871,14.959,69.164,29.669
16,7,5.4976,14.738,68.127,29.982
16,7,5.2752,14.774,68.214,29.856
16,7,4.4333,15.026,71.138,31.551
16,7,5.4127,15.154,72.319,32.594
16,7,4.8544,14.507,62.488,25.105
16,7,10.908,14.589,67.421,30.246
16,7,4.6368,14.93,70.824,31.893
16,7,6.4544,15.173,74.586,34.031
16,7,8.9512,14.78,68.067,29.805
16,7,7.7788,14.686,67.721,30.273
16,7,5.1268,14.982,72.782,33.838
16,7,8.2546,14.834,69.507,31.515
16,7,5.4877,15.166,70.732,29.56
16,7,5.5044,14.684,67.001,29.657
16,7,5.3282,14.935,71.104,31.842
16,7,7.5259,14.722,66.954,28.96
16,7,7.6708,14.895,70.269,31.395
16,7,5.8569,15.246,72.16,31.611
16,7,5.4992,14.965,69.369,29.992
16,7,5.791,14.876,68.804,30.051
16,7,9.0297,14.721,65.817,27.897
16,7,5.2974,14.827,69.403,30.595
16,7,6.0999,15.161,72.746,32.64
16,7,5.8949,14.99,72.383,32.736
16,7,6.0549,15.544,74.036,31.66
16,7,6.8,14.596,65.262,27.596
16,7,6.4143,14.885,69.691,30.77
16,7,5.4477,14.988,70.902,31.634
16,7,5.1839,15.203,71.898,31.204
16,7,6.8744,14.905,69.541,30.698
16,7,6.6758,15.252,74.27,33.729
16,7,5.0522,15.293,72.5,31.654
16,7,6.7056,15.137,73.786,33.535
16,7,7.4622,14.896,66.701,28.322
16,7,4.5285,15.418,74.786,32.985
16,7,6.0993,15.063,68.543,28.893
16,7,6.9768,15.161,70.201,28.696
16,7,6.8512,14.705,70.396,32.099
16,7,5.6282,14.675,65.246,27.26
16,7,7.381,14.593,66.315,29.422
16,7,5.4306,15.19,72.304,31.539
16,7,6.4184,15.321,72.61,31.452
16,7,6.6343,14.837,68.895,30.454
16,7,5.6261,14.929,68.883,30.107
16,7,5.8448,15.091,68.956,29.531
16,7,5.4555,14.768,67.933,29.645
16,7,6.5573,14.881,71,32.296
16,7,6.5804,14.62,66.46,28.973
16,7,6.1147,14.714,65.58,27.258
16,7,7.7839,14.2,62.75,27.654
16,7,8.3658,14.614,67.309,30.277
16,7,5.2082,15.074,73.017,33.256
16,7,8.759,14.977,71.745,32.244
16,7,6.1724,14.495,64.243,27.425
16,7,7.6808,14.658,69.221,31.802
16,7,6.8498,14.467,64.491,27.677
16,7,7.0531,14.366,61.287,25.164
16,7,6.6755,15.229,74.146,33.73
16,7,4.7166,15.213,73.675,32.944
16,7,8.0255,14.828,67.898,28.926
16,7,6.51,15.039,73.24,33.804
16,7,5.1882,15.344,74.969,33.662
16,7,5.1017,14.978,72.822,33.212
16,7,8.028,14.669,68.802,31.417
16,7,5.9721,14.787,70.259,31.985
16,7,6.3547,14.575,67.283,30.367
16,7,5.5165,15.005,72.74,33.408
16,7,5.6533,14.969,69.447,29.925
16,7,6.3988,15.128,73.055,32.053
16,7,7.2228,14.941,71.874,31.971
16,7,6.5012,15.08,71.232,30.891
16,7,7.2307,14.783,71.182,32.738
16,7,6.3807,15.22,73.162,32.537
16,7,4.5668,15.305,74.833,33.862
16,7,7.2638,14.927,69.999,31.403
16,7,4.8334,14.617,65.979,28.222
16,7,4.7166,15.231,74.488,33.917
16,7,6.5893,14.955,69.864,30.304
16,7,6.1791,14.868,70.654,31.635
16,7,5.4627,15.322,73.358,32.801
16,7,7.8334,14.575,66.915,30.266
16,7,6.1216,15.142,73.538,33.124
16,7,7.2796,14.432,65.104,28.791
16,7,6.2289,14.963,70.625,30.761
16,7,6.1279,15.034,72.479,33.164
16,7,5.5903,15.251,72.768,32.002
16,7,4.7992,14.762,66.832,28.568
16,7,5.1045,15.237,71.859,31.191
16,7,5.9549,14.615,68.818,31.295
16,7,4.9934,15.6,79.033,35.64
16,7,6.5951,15.15,74.029,33.636
16,7,4.6072,14.767,68.317,30.475
16,7,6.6815,14.357,66.042,29.886
16,7,7.4204,14.836,68.934,29.844
16,7,8.0316,14.452,64.93,29.044
16,7,6.5088,14.916,69.564,30.812
16,7,5.5211,15.497,77.05,34.429
16,7,5.2374,15.156,73.588,33.791
16,7,6.8802,14.856,69.261,30.295
16,7,6.9855,14.704,68.478,30.996
16,7,6.6721,15.108,71.85,31.333
16,7,6.2135,14.754,68.096,30.281
16,7,6.1582,14.409,67.677,31.338
16,7,5.0347,14.734,68.416,30.434
16,7,6.5946,14.873,70.435,31.819
16,7,5.332,14.941,70.651,32.072
16,7,7.1842,14.857,70.11,31.711
16,7,5.9892,14.584,66.431,29.246
16,7,6.3762,15.046,71.492,31.717
16,7,5.6547,15.618,78.586,35.489
16,7,5.0553,14.614,67.301,29.685
16,7,6.0422,14.453,64.257,27.07
16,7,5.7229,15.368,75.758,33.532
16,7,6.1381,15,71.206,31.466
16,7,5.3973,14.825,68.914,30.201
16,7,6.6765,15.007,67.821,28.729
16,7,4.8644,14.751,68.491,29.785
16,7,5.7974,15.389,73.687,31.273
16,7,5.9935,15.155,71.504,30.608
16,7,8.7816,14.981,69.959,30.766
16,7,5.094,14.991,70.834,31.419
16,7,6.3616,14.717,68.209,30.122
16,7,6.1248,14.919,71.021,32.04
16,7,7.1961,14.677,66.36,28.754
16,7,5.848,14.292,62.504,26.662
16,7,5.2317,15.009,72.097,32.414
16,7,6.4552,14.834,67.66,29.354
16,7,6.9443,15.391,74.57,32.993
16,7,6.6142,15.077,71.307,31.335
16,7,9.256,14.94,71.525,32.425
16,7,5.9046,14.767,69.982,32.042
16,7,6.4428,14.48,68.766,32.042
16,7,5.8519,14.731,65.889,28.008
16,7,6.4017,14.701,68.732,30.848
16,7,5.9983,14.662,66.196,28.73
16,7,6.4057,14.348,61.628,26.151
16,7,5.5452,14.978,72.779,33.541
16,7,5.6147,14.977,69.46,30.616
16,7,5.2443,15.159,71.102,30.99
16,7,7.0656,14.743,67.849,29.541
16,7,4.6456,14.542,66.525,29.231
16,7,7.5204,15.07,71.944,31.628
16,7,6.8234,14.984,69.366,29.921
16,7,4.4504,15.081,71.896,31.744
16,7,6.477,14.654,69.507,32.038
16,7,6.9413,14.708,68.211,30.42
16,7,6.5879,14.748,67.778,29.996
16,7,4.2793,15.198,73.363,32.69
16,7,5.5373,14.683,66.307,28.275
16,7,7.2294,14.831,72.01,33.276
16,7,5.2097,14.966,70.5,31.198
16,7,5.755,14.937,68.648,29.858
16,7,6.0388,15.035,71.733,32.178
16,7,7.5331,14.807,68.16,29.93
16,7,7.7159,14.771,68.819,30.713
16,7,5.8336,15.385,75.845,34.036
16,7,8.4371,14.896,68.979,29.295
16,7,6.9401,14.944,71.069,32.277
16,7,6.0921,15.434,77.895,35.994
16,7,6.1297,15.259,73.99,33.041
16,7,6.9903,14.844,69.001,30.457
16,7,5.2934,14.803,69.354,30.417
16,7,6.7012,14.476,64.735,27.976
16,7,8.6552,14.666,68.95,31.221
16,7,7.4583,14.721,67.759,29.826
16,7,6.3185,14.645,65.197,27.753
16,7,8.21,14.594,66.959,30.07
16,7,5.6692,15.292,74.198,32.965
16,7,5.2953,14.851,69.796,31.222
16,7,5.8342,14.908,67.966,29.755
16,7,5.2735,14.928,69.888,30.836
16,7,3.5076,14.957,72.911,33.917
16,7,4.1334,15.164,72.189,32.179
16,7,7.2731,14.998,70.898,31.719
16,7,3.8225,14.794,68.491,30.35
16,7,6.1094,14.753,67.512,30.365
16,7,5.9209,15.077,71.474,31.518
16,7,5.5326,14.79,66.396,28.301
16,7,5.517,14.574,66.081,28.975
16,7,5.0226,15.321,76.72,34.979
16,7,5.0774,14.836,69.616,30.897
16,7,5.407,14.819,70.35,31.821
16,7,4.9067,14.881,70.16,31.737
16,7,7.5646,15.267,74.785,33.88
16,7,6.2005,15.111,74.063,33.661
16,7,5.3266,15.413,74.062,32.889
16,7,4.496,15.519,74.242,31.806
16,7,5.7232,14.599,66.694,29.407
16,7,6.6377,14.741,70.911,32.91
16,7,7.0752,14.459,66.66,29.853
16,7,5.8095,14.521,62.266,24.562
16,7,5.9902,14.682,66.404,29.244
16,7,4.9991,14.796,70.826,32.709
16,7,5.6205,14.406,62.668,26.381
16,7,6.7447,14.578,67.025,29.575
16,7,4.2239,15.081,70.347,31.088
16,7,6.723,14.931,70.873,31.722
16,7,5.185,14.694,69.331,31.609
16,7,7.1376,15.027,69.757,30.036
16,7,5.8577,14.953,69.91,30.585
16,7,5.4304,15.669,80.544,37.508
16,7,5.3447,14.616,66.641,29.194
16,7,5.6017,15.083,74.807,34.924
16,7,8.3631,14.689,65.802,27.687
16,7,5.8509,15.055,72.448,32.43
16,7,7.3731,15.016,73.814,34.323
16,7,3.8546,14.952,70.989,31.28
16,7,6.4093,14.761,67.299,29.427
16,7,7.584,14.603,66.1,28.927
16,7,7.0615,14.868,70.795,32.136
16,7,5.5875,14.913,67.869,28.702
16,7,5.2824,14.587,67.209,29.707
16,7,4.9379,14.697,69.482,31.556
16,7,4.3837,15.816,77.597,34.062
16,7,7.7496,14.791,67.925,29.598
16,7,5.2712,14.424,66.06,29.533
16,7,5.8693,14.935,69.791,30.815
16,7,4.7143,15.114,69.62,30.195
16,7,5.5793,15.07,71.861,31.849
16,7,7.5705,14.895,68.406,29.655
16,7,6.046,15.283,74.212,33.523
16,7,7.6066,14.661,65.188,27.865
16,7,6.4538,14.39,64.352,28.301
16,7,6.1558,14.708,66.697,29.463
16,7,7.3953,14.906,71.596,32.759
16,7,6.0826,14.723,67.688,29.751
16,7,8.2157,14.91,69.438,30.582
16,7,7.2509,15.044,71.88,31.717
16,7,7.2773,15.509,78.055,35.806
16,7,7.8707,14.939,69.437,30.691
16,7,6.4757,14.761,68.453,30.369
16,7,7.4179,14.756,67.892,30.3
16,7,4.7872,14.925,70.382,31.42
16,7,5.9631,15.061,72.101,32.301
16,7,7.9519,14.581,68.865,32.073
16,7,5.6963,14.756,67.119,29.503
16,7,6.525,14.734,68.561,30.569
16,7,4.872,14.597,68.846,31.445
16,7,5.7382,15.222,75.776,35.166
16,7,5.4442,14.607,67.915,31.188
16,7,7.1466,14.932,68.491,29.044
16,7,4.8711,15.228,74.161,33.618
16,7,7.8418,14.39,64.818,28.87
16,7,7.2022,15.098,71.511,31.513
16,7,6.7882,15.289,74.623,33.838
16,7,6.789,15.168,72.758,32.159
16,7,7.1047,14.98,66.946,27.3
16,7,7.4116,14.05,61.617,26.956
16,7,6.9738,15.1,71.674,31.795
16,7,5.1262,15.257,75.292,34.187
16,7,6.4605,15.008,72.124,32.863
16,7,5.9068,14.697,66.876,29.404
16,7,9.8312,14.721,68.733,31.164
16,7,6.1197,15.309,74.011,32.393
16,7,8.7152,14.794,70.53,32.457
16,7,5.2039,14.846,69.615,30.598
16,7,6.937,15.17,75.684,35.177
16,7,6.6083,14.928,68.525,29.065
16,7,6.3743,14.466,67.372,30.743
16,7,5.5855,14.831,68.209,30.277
16,7,6.4624,14.719,68.294,30.609
16,7,4.0364,14.756,70.739,32.799
16,7,8.0797,14.562,66.411,29.483
16,7,5.9545,14.436,63.089,26.559
16,7,7.4202,14.786,68.341,29.934
16,7,4.7802,14.951,70.577,31.431
16,7,5.27,14.898,71.863,33.19
16,7,7.3413,14.765,66.935,28.838
16,7,6.1965,14.742,69.562,31.749
16,7,6.6685,14.652,68.941,31.456
16,7,8.305,14.54,65.634,29.139
16,7,6.8599,14.853,72.067,32.951
16,7,3.6037,15.329,76.007,34.786
16,7,5.9644,14.559,67.088,29.842
16,7,6.5484,14.504,63.899,27.851
16,7,6.5873,14.652,65.468,28.199
16,7,8.8278,14.789,67.396,29.261
16,7,7.3774,15.073,72.015,32.242
16,7,6.2172,14.916,68.8,28.876
16,7,5.6447,15.037,72.581,33.063
16,7,6.0277,14.654,66.58,29.634
16,7,6.2407,14.821,70.521,31.951
16,7,5.1484,14.942,69.449,30.216
16,7,5.364,14.765,69.61,31.566
16,7,6.6201,14.488,64.595,27.771
16,7,7.6592,14.42,65.092,28.587
16,7,5.1866,15.516,76.463,33.978
16,7,5.5865,15.112,72.715,32.454
16,7,5.6851,14.906,69.539,30.56
16,7,6.6566,14.677,65.371,27.617
16,7,7.456,14.893,68.927,30.144
16,7,6.705,14.771,69.208,30.819
16,7,5.4324,15.908,80.264,35.787
16,7,6.5209,14.745,67.187,29.503
16,7,6.7183,14.816,68.812,30.51
16,7,6.24,15.114,71.997,32.217
16,7,8.1437,14.726,66.547,28.798
16,7,5.9825,15.017,72.629,33.456
16,7,5.8653,14.769,64.964,26.929
16,7,5.8086,14.75,66.512,28.484
16,7,5.8011,14.966,72.377,33.158
16,7,6.7746,14.79,69.324,31.078
16,7,4.2737,15.071,71.05,31.606
16,7,6.6965,14.532,65.54,28.491
16,7,5.1119,14.883,68.187,29.638
16,7,5.2439,14.667,66.748,28.905
16,7,5.983,15.12,75.188,34.816
16,7,6.2772,14.858,68.216,30.469
16,7,8.214,15.012,68.736,29.52
16,7,6.4076,14.709,68.519,30.227
16,7,6.2308,14.738,66.959,28.356
16,7,5.9797,14.856,67.735,28.685
16,7,6.586,14.323,65.536,29.776
16,7,8.4761,14.141,63.091,28.008
16,7,7.0515,15.572,77.381,34.621
16,7,7.3756,15.178,71.73,31.232
16,7,5.4497,14.657,67.822,30.556
16,7,6.6502,14.928,71.409,31.495
16,7,7.9013,14.538,64.996,27.941
16,7,8.2571,14.835,70.676,31.859
16,7,5.4372,14.697,65.244,27.382
16,7,9.3239,14.549,66.885,30.132
16,7,6.9309,14.182,61.076,26.511
16,7,5.1061,14.797,69.809,31.496
16,7,5.249,14.98,69.79,30.057
16,7,5.9763,15.317,73.334,32.896
16,7,6.3666,14.516,65.272,28.82
16,7,7.3412,14.618,65.65,28.464
16,7,8.1104,14.67,67.584,29.554
16,7,7.9553,14.651,67.13,29.576
16,7,7.1748,15.301,75.031,34.156
16,7,5.3252,15.13,71.711,31.979
16,7,5.161,14.933,70.443,31.391
16,7,6.308,14.759,67.137,29.118
16,7,5.0699,15.614,78.418,35.374
16,7,5.0205,15.28,75.853,34.689
16,7,6.7683,14.852,68.351,29.731
16,7,7.5027,15.06,71.794,31.596
16,7,5.9401,15.199,74.141,33.861
16,7,5.1011,15.533,73.49,31.34
16,7,7.1983,15.129,73.987,33.713
16,7,5.1508,14.473,62.572,25.647
16,7,8.1887,14.945,68.69,29.348
16,7,6.6997,14.892,69.876,31.14
16,7,6.7073,14.942,70.197,31.228
16,7,6.5275,15.554,77.774,35.291
16,7,8.1956,14.677,65.469,27.915
16,7,5.987,15.045,72.125,31.961
16,7,5.0206,14.975,69.919,30.691
16,7,7.273,14.588,68.029,30.24
16,7,5.4968,14.766,67.627,29.727
16,7,6.3444,15.053,72.295,32.041
16,7,6.8523,14.697,66.899,28.843
16,7,6.2572,14.894,68.731,30.771
16,7,7.6224,14.443,64.597,28.235
16,7,5.3909,14.619,70.245,32.627
16,7,8.2236,14.479,67.689,30.796
16,7,5.6863,14.596,65.92,28.561
16,7,5.2749,15.29,73.279,32.328
16,7,5.2023,14.842,68.807,30.546
16,7,4.5552,14.865,70.944,31.649
16,7,9.053,14.87,67.975,29.206
16,7,8.2568,14.4,64.835,28.876
16,7,7.7147,14.822,68.927,30.934
16,7,6.7022,15.152,72.935,32.736
16,7,6.2696,15.217,73.116,32.551
16,7,8.1542,15.086,71.712,31.77
16,7,7.3293,14.664,68,30.48
16,7,3.5397,15.242,73.985,33.335
16,7,6.8179,14.544,68.631,31.737
16,7,5.7673,14.68,65.904,28.138
16,7,9.3432,14.579,66.244,28.638
16,7,7.3885,14.792,68.753,30.237
16,7,5.6318,14.349,64.775,28.58
16,7,7.9476,14.973,72.518,33.075
16,7,7.8637,14.581,66.844,29.678
16,7,7.3508,14.459,66.108,29.523
16,7,6.1605,15.083,69.54,30.105
16,7,4.2033,14.646,65.232,27.624
16,7,4.7797,14.991,70.027,31.111
16,7,8.1001,14.853,69.533,31.243
16,7,6.5789,14.871,69.23,30.424
16,7,9.7394,14.549,64.83,27.501
16,7,7.3688,15.19,74.926,34.335
16,7,5.0108,15.018,70.424,30.993
16,7,7.1009,14.797,68.921,31.075
16,7,5.6033,15.259,73.908,32.629
16,7,6.2816,14.482,66.133,28.942
16,7,6.8503,14.398,64.145,27.792
16,7,7.8355,14.986,69.866,30.644
16,7,5.4924,14.552,64.449,27.454
16,7,6.7573,14.647,65.924,28.883
16,7,8.5401,14.823,70.23,31.433
16,7,7.2975,14.529,65.599,28.681
16,7,6.4521,14.885,69.948,31.485
16,7,5.3083,14.635,68.816,31.155
16,7,7.5792,15.332,74.527,33.581
16,7,8.0735,14.593,66.678,28.797
16,7,5.7387,14.822,67.462,28.614
16,7,5.8535,14.949,68.895,29.762
16,7,4.874,14.635,68.494,31.118
16,7,6.5834,14.534,64.279,26.679
16,7,8.7802,14.396,65.084,29.387
16,7,4.6021,15.008,71.146,31.587
16,7,9.3895,14.965,70.409,30.407
16,7,7.9633,14.742,66.841,28.987
16,7,7.6136,14.474,63.742,27.497
16,7,5.5385,14.988,70.294,31.481
16,7,5.6345,14.89,70.151,31.252
16,7,7.6819,15.019,70.73,31.152
16,7,7.309,14.976,70.169,30.498
16,7,8.0789,14.496,68.003,31.051
16,7,5.8024,15.225,73.589,32.692
16,7,7.1053,15.191,73.811,33.65
16,7,8.5747,14.782,68.565,29.926
16,7,5.888,14.638,69.326,31.544
16,7,6.6238,14.706,68.229,30.74
16,7,4.0996,15.234,70.168,29.536
16,7,6.7375,14.542,65.406,28.127
16,7,6.7895,14.452,64.062,26.917
16,7,7.5626,15.18,73.726,33.326
16,7,7.5921,14.883,71.366,32.056
16,7,6.0495,15.227,73.696,32.912
16,7,4.4028,15.387,75.541,34.166
16,7,6.9561,14.82,69.52,31.371
16,7,6.8206,14.682,69.953,31.94
16,7,6.2835,15.322,76.817,35.83
16,7,7.5056,14.847,70.576,32.254
16,7,4.4079,14.887,68.357,30.05
16,7,6.1914,14.859,68.474,29.944
16,7,6.8254,14.651,66.3,27.771
16,7,6.695,14.676,65.104,27.68
16,7,5.5148,14.944,67.307,28.03
16,7,5.3999,15.132,73.943,33.854
16,7,5.4195,15.055,73.174,33.507
16,7,6.0169,14.913,71.42,32.031
16,7,7.2084,14.533,69.31,31.773
16,7,6.3361,14.944,70.95,31.521
16,7,6.0022,15.321,75.202,33.668
16,7,7.0597,14.607,66.148,28.586
16,7,5.2448,14.608,67.174,29.501
16,7,4.4915,15.292,71.777,30.424
16,7,6.4383,14.878,68.461,30.054
16,7,4.6872,14.585,68.114,30.477
16,7,5.8078,14.948,71.708,32.573
16,7,6.8482,14.716,65.331,27.639
16,7,5.2936,14.812,69.192,30.844
16,7,7.296,15.203,74.071,33.248
16,7,7.0253,14.803,68.987,30.172
16,7,4.1862,15.018,72.334,33.326
16,7,4.9886,15.092,73.154,33.29
16,7,4.2381,15.448,75.329,33.297
16,7,6.2038,14.734,67.42,29.679
16,7,5.1198,14.877,73.189,34.216
16,7,9.0585,14.449,63.871,27.459
16,7,5.2936,14.925,67.386,28.427
16,7,7.414,14.698,66.525,28.754
16,7,6.0554,14.966,72.348,32.947
16,7,7.1628,14.518,64.821,28.261
16,7,6.7245,14.456,66.719,29.92
16,7,5.9751,15.297,75.942,35.225
16,7,5.95,14.909,69.735,31.273
16,7,5.4899,14.503,67.142,30.101
16,7,5.2525,15.04,73.337,33.961
16,7,5.1439,15,72.128,32.43
16,7,7.0343,15.303,75.466,34.12
16,7,6.9126,15.315,74.767,34.084
16,7,9.1379,14.63,68.909,31.527
16,7,6.4646,14.218,60.387,25.786
16,7,6.924,14.232,63.189,27.956
16,7,6.82,15.274,74.604,34.138
16,7,5.3061,15.106,70.66,30.631
16,7,6.1984,15.043,69.569,30.861
16,7,6.4073,14.68,66.839,28.892
16,7,5.5182,14.615,66.421,29.503
16,7,6.7824,14.671,65.443,27.567
16,7,6.3296,14.918,70.786,32.321
16,7,6.1403,14.946,69.787,30.806
16,7,7.0387,14.069,60.216,25.496
16,7,5.3652,15.358,73.664,32.513
16,7,6.1188,14.669,68.723,31.191
16,7,7.0025,15.113,71.117,30.683
16,7,5.2125,15.168,71.694,30.972
16,7,5.0629,15.498,78.15,36.027
16,7,5.5794,14.871,69.236,30.342
16,7,7.126,14.311,61.442,25.285
16,7,8.6796,15.147,72.117,31.939
16,7,6.0459,14.613,70.397,32.531
16,7,6.6984,15.063,70.008,30.395
16,7,5.9352,14.922,67.66,28.681
16,7,7.6902,14.751,68.514,30.671
16,7,7.1686,14.692,67.527,30.228
16,7,6.9073,14.708,66.563,28.835
16,7,6.9574,14.781,69.291,31.067
16,7,6.9377,14.877,68.245,29.747
16,7,5.5094,15.105,74.592,34.548
16,7,6.6937,15.153,73.157,32.735
16,7,7.3558,14.981,71.411,31.722
16,7,8.2792,14.353,64.433,28.759
16,7,5.2609,14.944,68.933,30.568
16,7,5.4108,15.252,72.118,31.583
16,7,6.7609,15.008,69.643,30.577
16,7,6.0804,15.164,72.415,32.14
16,7,7.7039,15.329,73.891,32.607
16,7,6.259,14.859,67.562,28.591
16,7,5.2928,14.599,65.475,28.042
16,7,7.5255,14.766,66.523,28.359
16,7,5.4531,14.945,71.668,32.516
16,7,6.4187,14.878,71.755,32.886
16,7,5.594,14.909,72.654,33.911
16,7,7.2351,15.308,74.277,33.26
16,7,7.93,14.799,69.689,31.432
16,7,7.9769,14.307,64.098,28.588
16,7,4.9433,14.955,69.523,30.599
16,7,6.7878,15.072,72.779,32.633
16,7,6.3224,15.406,73.877,32.502
16,7,6.9101,14.695,67.054,28.558
16,7,7.4018,15.259,74.791,34.353
16,7,6.001,15.134,72.639,32.944
16,7,6.9248,15.027,72.273,32.769
16,7,5.9699,14.882,69.037,30.814
16,7,6.3236,14.761,65.994,27.578
16,7,4.6476,15.092,70.968,30.681
16,7,7.213,14.738,69.73,32.074
16,7,6.5328,14.695,66.618,29.102
16,7,5.1223,14.328,64.678,28.598
16,7,6.6497,14.649,65.49,28.272
16,7,5.3794,14.613,64.995,27.233
16,7,9.8426,15.071,71.033,31.188
16,7,7.5909,14.618,69.436,31.711
16,7,6.0954,14.756,68.489,30.357
16,7,5.732,14.657,67.131,29.799
16,7,6.2036,15.228,74.974,34.375
16,7,5.5794,15.252,72.131,31.41
16,7,6.6173,14.609,65.247,28.014
16,7,7.004,14.883,70.094,31.341
16,7,5.6378,14.972,68.532,29.713
16,7,4.5187,15.093,68.845,28.958
16,7,7.9129,14.61,65.072,28.043
16,7,6.4011,15.199,75.367,34.336
16,7,4.5072,14.878,68.779,30.559
16,7,6.7464,15.008,73.046,33.618
16,7,7.0856,15.369,73.174,32.17
16,7,5.9358,15.099,70.464,31.428
16,7,7.0506,14.909,69.405,30.806
16,7,6.4575,14.944,69.999,31.035
16,7,7.9609,14.589,66.146,28.803
16,7,5.8374,15.039,72.7,33.061
16,7,4.5669,14.559,68.951,32.008
16,7,6.3669,14.872,69.78,31.101
16,7,5.3757,15.213,74.01,33.59
16,7,4.4435,14.987,70.557,31.454
16,7,7.4977,14.767,69.451,31.252
16,7,7.4134,14.753,66.554,28.131
16,7,7.8306,15.116,70.204,30.494
16,7,7.3153,14.776,70.217,32.098
16,7,6.7303,14.258,63.636,28.608
16,7,4.6178,15.24,73.097,32.544
16,7,4.4098,15.144,74.26,34.068
16,7,4.2972,15.064,70.518,30.646
16,7,5.9661,14.947,71.712,33.215
16,7,6.5513,15.001,68.958,29.449
16,7,7.8327,14.857,69.842,31.415
16,7,7.5823,14.381,63.66,27.7
16,7,6.9215,14.701,69.073,31.044
16,7,4.5795,15.065,71.12,31.173
16,7,7.0534,14.846,68.855,30.66
16,7,5.6855,14.676,68.568,31.005
16,7,5.3638,15.107,71.632,31.772
16,7,7.2445,14.461,68.088,31.101
16,7,4.077,15.136,72.127,32.638
16,7,6.5772,14.88,70.247,31.528
16,7,7.3492,14.809,69.956,31.581
16,7,7.9909,14.476,64.457,27.134
16,7,5.548,14.626,66.146,28.857
16,7,4.0457,15.118,71.49,31.919
16,7,6.0616,14.93,71.248,32.437
16,7,5.001,15.342,75.948,34.878
16,7,6.51,14.419,66.12,29.352
16,7,7.3063,14.516,62.687,26.094
16,7,4.2014,15.421,78.602,36.707
16,7,4.7413,15.216,72.301,32.308
16,7,4.2368,15.286,74.235,33.44
16,7,6.6684,15.207,73.045,32.359
16,7,7.2851,14.444,66.447,29.423
16,7,6.8407,14.63,68.074,30.62
16,7,4.9758,14.861,70.322,31.548
16,7,9.2061,14.745,66.32,28.299
16,7,5.6121,15.519,75.184,32.85
16,7,8.0024,14.46,64.71,27.895
16,7,7.102,14.818,69.016,30.588
16,7,6.9888,14.496,67.045,30.461
16,7,4.2873,15.581,78.494,35.919
16,7,4.6419,15.341,72.194,31.096
16,7,6.9402,14.558,64.686,27.83
16,7,5.8726,14.678,65.344,28.193
16,7,5.9114,15.188,75.463,34.905
16,7,4.9324,14.541,66.45,29.313
16,7,4.8671,14.853,70.754,31.926
16,7,6.7238,14.56,65.543,28.697
16,7,6.1519,14.834,69.058,30.771
16,7,6.3418,14.945,69.3,30.697
16,7,6.0811,14.591,66.158,29.129
16,7,5.1615,15.451,75.299,33.376
16,7,6.5279,14.864,70.281,31.526
16,7,6.4745,14.46,64.993,29.08
16,7,5.0914,15.213,73.608,33.466
16,7,7.4384,15.517,80.017,37.817
16,7,7.7543,14.869,72.863,33.894
16,7,7.8147,14.74,70.729,32.446
16,7,5.845,14.407,65.984,29.878
16,7,4.6298,15.015,70.06,31.237
16,7,5.5023,15.077,69.871,29.527
16,7,6.1459,14.77,70.166,31.362
16,7,8.7595,14.24,62.081,26.43
16,7,5.5621,14.808,68.372,30.414
16,7,7.8653,15.063,73.747,33.742
16,7,8.1395,14.165,62.345,27.24
16,7,6.127,14.469,65.825,29.159
16,7,5.3585,14.693,68.914,31.594
16,7,7.5704,14.838,67.004,29.23
16,7,7.1686,14.378,63.837,27.298
16,7,6.6745,14.576,62.76,25.902
16,7,6.073,15.168,71.803,31.556
16,7,6.091,15.065,71.137,31.429
16,7,6.3375,14.807,70.699,31.326
16,7,6.2788,14.695,68.759,31.157
16,7,6.1523,15.01,72.79,33.565
16,7,7.0848,15.08,69.487,29.671
16,7,5.6414,14.949,68.866,29.62
16,7,4.7126,15.05,68.29,29.182
16,7,5.8578,14.607,67.312,29.785
16,7,6.3484,14.863,69.289,30.388
16,7,5.8167,14.465,64.995,28.304
16,7,5.0546,15.359,73.976,32.776
16,7,5.2818,15.185,74.67,33.497
16,7,6.4838,15.57,76.333,33.827
16,7,6.0194,15.034,70.535,31.455
16,7,5.0082,14.952,67.937,28.676
16,7,5.6476,14.75,67.599,29.913
16,7,6.1189,14.483,65.483,28.725
16,7,6.0288,14.373,63.132,27.095
16,7,6.7037,15.62,77.124,34.621
16,7,6.1106,15.684,77.284,34.566
16,7,5.4898,15.138,72.439,32.597
16,7,4.7117,14.967,71.43,31.854
16,7,5.9733,15.315,73.046,31.303
16,7,4.5175,14.847,67.955,29.556
16,7,6.5884,14.903,70.109,31.751
16,7,5.9628,15.009,71.932,31.683
16,7,5.4159,15.283,75.688,34.887
16,7,9.252,14.465,65.955,29.401
16,7,4.644,15.542,77.562,34.999
16,7,7.9308,14.791,67.878,29.601
16,7,5.4536,14.559,67.336,30.712
16,7,5.1321,14.846,69.702,31.25
16,7,5.6301,15.284,74.787,33.621
16,7,5.105,14.697,69.091,30.932
16,7,7.3469,15.069,68.769,28.824
16,7,6.5645,14.743,69.304,31.169
16,7,6.4431,15.067,70.443,30.885
16,7,5.4686,15.079,71.402,32.001
16,7,7.5789,14.533,67.551,30.431
16,7,6.4213,14.481,63.662,27.118
16,7,4.7134,14.986,70.16,30.893
16,7,6.131,14.291,62.745,26.933
16,7,6.9366,14.746,67.825,29.739
16,7,6.82,15.408,75.635,33.705
16,7,6.0066,14.514,65.356,28.648
16,7,3.9036,15.68,77.797,33.966
16,7,8.1821,14.762,68.824,30.33
16,7,5.7013,14.974,69.238,29.584
16,7,7.2605,14.979,70.012,30.577
16,7,6.1486,14.678,66.481,28.347
16,7,8.4068,14.875,68.767,30.4
16,7,4.8055,15.09,71.467,31.619
16,7,9.7509,14.598,68.777,31.65
16,7,6.2416,14.914,72.082,33.839
16,7,7.3471,15.038,74.311,34.638
16,7,7.0907,14.971,71.002,32.157
16,7,6.1142,14.899,67.95,29.183
16,7,6.2504,14.747,68.109,30.032
16,7,5.5341,15.039,70.093,30.126
16,7,9.4393,14.804,68.153,29.371
16,7,9.388,14.25,65.041,29.264
16,7,6.7454,14.961,70.53,31.081
16,7,6.282,14.898,69.23,30.238
16,7,7.3496,14.616,65.635,28.484
16,7,4.2819,14.632,67.999,30.088
16,7,7.4752,14.494,66.302,30.113
16,7,4.7467,15.33,76.493,35.115
16,7,6.8161,15.417,72.253,31.587
16,7,6.5348,15.305,74.575,33.244
16,7,7.8224,15.044,70.413,30.705
16,7,7.0457,14.426,65.943,29.136
16,7,7.7953,14.88,68.297,29.67
16,7,5.3641,15.041,72.186,32.344
16,7,5.1374,15.358,72.999,32.233
16,7,5.6007,15.426,72.022,29.986
16,7,6.3488,14.794,70.631,31.65
16,7,9.1206,14.301,63.15,27.526
16,7,6.0436,15,70.74,31.333
16,7,7.8727,14.833,68.551,29.914
16,7,6.9668,14.825,68.787,30.103
16,7,6.1404,14.696,67.629,29.471
16,7,6.3616,14.928,71.269,32.462
16,7,5.9936,14.577,63.488,26.502
16,7,4.3357,15.034,69.941,30.609
16,7,6.1339,14.512,65.369,28.35
16,7,7.8385,15.035,72.913,33.251
16,7,5.3273,15.166,74.938,34.524
16,7,7.2277,15.176,73.857,33.323
16,7,5.4745,14.837,68.588,30.324
16,7,7.6025,15.2,70.903,30.207
16,7,7.4591,14.663,69.276,31.493
16,7,6.9158,14.609,65.132,28.031
16,7,5.1386,15.082,70.354,30.857
16,7,6.215,14.616,65.533,28.483
16,7,6.17,15.111,72.527,32.664
16,7,6.4373,14.597,67.306,29.95
16,7,5.2638,14.885,69.844,30.956
16,7,6.4364,15.101,72.358,32.405
16,7,8.7121,14.508,67.905,30.695
16,7,5.1781,15.15,70.206,30.119
16,7,5.3188,14.932,70.897,31.441
16,7,6.1824,14.916,69.6,30.578
16,7,5.8044,15.049,71.067,31.405
16,7,4.3603,14.771,68.005,29.682
16,7,4.7207,15.277,74.327,34.012
16,7,6.4576,14.96,70.102,30.718
16,7,5.6594,15.399,73.223,31.84
16,7,6.2474,14.87,70.086,31.485
16,7,5.7934,14.703,68.11,30.203
16,7,7.3791,14.706,66.611,28.25
16,7,6.1664,14.522,66.27,29.5
16,7,8.4613,14.904,69.932,30.681
16,7,7.0163,14.489,65.816,28.591
16,7,5.5538,15.262,70.758,29.852
16,7,6.4696,14.809,68.283,30.156
16,7,8.1176,14.256,61.289,26.224
16,7,4.9704,14.689,67.535,29.546
16,7,6.464,15.212,73.823,33.484
16,7,6.7611,14.704,68.362,30.742
16,7,4.6198,14.876,68.395,29.636
16,7,6.7109,14.868,67.894,28.863
16,7,7.3312,15.084,71.489,32.454
16,7,6.0899,14.768,69.465,31.263
16,7,3.9854,14.908,69.352,30.03
16,7,6.5018,14.837,70.139,31.374
16,7,6.1709,14.915,70.116,30.644
16,7,5.9573,14.834,68.911,30.872
16,7,6.2191,14.429,66.452,30.058
16,7,5.96,14.887,66.06,27.246
16,7,5.8494,15.038,71.765,31.788
16,7,5.8386,15.012,69.039,29.289
16,7,6.098,15.239,71.665,30.434
16,7,6.2725,14.591,66.019,28.838
16,7,6.1942,14.982,70.1,31.168
16,7,4.5693,14.701,69.733,31.48
16,7,6.6003,15.176,73.505,32.959
16,7,5.1661,14.737,68.452,30.072
16,7,4.9763,14.924,68.888,30.22
16,7,5.3693,14.623,67.426,29.869
16,7,4.1716,15.078,70.542,30.961
16,7,5.9017,14.479,63.977,27.386
16,7,7.16,14.86,69.451,30.998
16,7,6.1284,14.734,70.303,31.771
16,7,6.8841,14.704,68.566,30.535
16,7,5.8258,15.449,76.216,33.969
16,7,6.0961,14.827,68.353,29.517
16,7,8.9674,14.446,64.217,27.14
16,7,7.23,15.03,72.218,32.552
16,7,6.0994,14.845,70.278,31.432
16,7,6.2663,14.598,66.337,28.695
16,7,6.7825,14.921,71.13,32.493
16,7,5.7597,15.021,71.146,31.998
16,7,7.3697,14.782,68.676,30.283
16,7,4.5851,15.266,71.396,31.198
16,7,4.6209,15.173,73.052,32.638
16,7,5.7622,15.335,74.736,33.758
16,7,6.0972,14.515,67.003,30.206
16,7,6.7558,15.023,72.709,33.701
16,7,7.6454,14.86,68.001,29.038
16,7,7.3087,14.611,66.855,29.593
16,7,4.8182,14.824,68.707,30.391
16,7,5.4674,15.129,72.616,32.475
16,7,6.488,14.45,65.354,29.025
16,7,6.591,15.633,78.372,34.641
16,7,4.0559,15.782,80.017,35.501
16,7,4.7969,14.614,69.507,31.927
16,7,5.3282,15.166,72.517,32.21
16,7,6.8349,14.456,65.552,28.884
16,7,8.5219,14.287,63.045,27.805
16,7,7.0411,15.081,71.028,30.874
16,7,6.7068,14.872,71.058,32.872
16,7,7.095,14.453,66.727,30.176
16,7,5.0689,14.907,69.816,30
16,7,5.6114,15.041,69.352,29.637
16,7,6.7271,14.685,65.104,27.148
16,7,5.965,15.103,70.9,31.542
16,7,4.7898,15.032,71.4,31.993
16,7,4.777,15.129,72.209,32.164
16,7,6.9884,14.52,67.088,30.446
16,7,4.8903,14.967,70.532,31.205
16,7,6.444,15.066,68.114,28.236
16,7,5.4784,14.979,67.942,28.833
16,7,5.068,15.329,74.766,33.33
16,7,6.2363,14.581,66.534,29.501
16,7,6.8088,14.84,70.203,31.621
16,7,7.6937,15.061,69.948,30.492
16,7,6.9098,15.358,75.489,34.123
16,7,9.8485,14.902,70.438,31.216
16,7,7.469,14.65,67.428,30.552
16,7,5.3104,15.207,70.819,29.825
16,7,7.174,14.708,67.578,29.386
16,7,5.8567,15.042,71.549,31.781
16,7,5.5145,14.631,65.565,28.177
16,7,4.5958,14.487,64.895,27.95
16,7,5.9998,14.956,71.616,32.331
16,7,6.3192,15.369,74.489,33.791
16,7,4.4957,14.482,66.159,29.364
16,7,6.2259,14.959,68.052,29.303
16,7,6.1461,14.49,65.048,28.029
16,7,5.6712,15.004,69.952,30.611
16,7,6.7509,15.317,76.145,34.833
16,7,7.1028,15.001,68.592,29.178
16,7,7.0219,14.746,65.895,27.879
16,7,5.2408,14.788,69.368,31.14
16,7,3.7652,15.383,75.612,33.855
16,7,6.1138,14.777,68.063,29.993
16,7,8.411,14.428,67.051,30.522
16,7,6.8042,15.093,71.57,31.928
16,7,5.738,15.396,73.623,32.292
16,7,6.575,15.017,73.391,33.843
16,7,6.8432,14.922,70.131,31.044
16,7,7.8885,14.919,70.398,31.102
16,7,6.608,15.19,72.313,31.423
16,7,5.8694,15.261,72.295,31.722
16,7,6.1241,14.694,67.266,28.854
16,7,5.7919,14.992,73.672,34.21
16,7,4.4558,14.942,67.36,28.126
16,7,4.5432,15.09,68.361,28.012
16,7,6.2892,14.881,70.559,31.624
16,7,5.6819,15.054,71.419,31.685
16,7,5.8446,15.005,71.855,32.35
16,7,5.7503,14.896,69.132,29.947
16,7,4.6862,14.797,66.221,28.449
16,7,7.3949,14.5,64.74,27.928
16,7,5.9717,14.991,71.862,32.706
16,7,5.3783,14.649,68.953,31.436
16,7,4.7805,15.617,78.123,35.183
16,7,3.6324,15.688,73.473,30.461
16,7,4.3419,15.29,73.888,32.779
16,7,7.7609,15.142,73.638,33.45
16,7,8.6596,14.62,65.458,28.886
16,7,3.828,14.81,69.754,31.622
16,7,6.3366,15.164,71.075,31.11
16,7,5.3192,14.832,68.513,30.548
16,7,6.2168,14.858,67.327,27.793
16,7,5.7248,15.286,73.353,32.736
16,7,6.971,14.609,67.5,30.185
16,7,5.3971,15.353,72.983,32.444
16,7,7.2248,14.418,63.071,26.465
16,7,8.697,15.045,69.693,30.365
16,7,6.2007,14.816,70.071,31.46
16,7,8.7229,14.806,68.542,30.008
16,7,7.7965,15.189,74.458,34.23
16,7,7.1391,15.092,70.057,30.627
16,7,6.3749,14.384,62.657,27.087
16,7,6.0954,14.338,64.391,28.177
16,7,7.9572,14.764,68.459,30.654
16,7,4.9991,14.904,70.971,31.394
16,7,5.6398,15.437,75.726,33.548
16,7,8.0878,15.051,69.46,30.227
16,7,5.9232,14.983,72.423,33.563
16,7,7.16,14.755,66.786,29.173
16,7,5.7419,14.972,71.868,32.407
16,7,4.3111,15.459,73.931,32.069
16,7,3.4186,15.506,74.752,32.173
16,7,4.0051,14.897,73.115,34.189
16,7,5.6402,14.828,68.602,29.657
16,7,4.2456,15.062,72.13,32.575
16,7,7.4897,15.371,75.126,32.784
16,7,4.5782,15.101,69.619,29.698
16,7,4.4996,15.101,69.868,29.898
16,7,6.2406,15.084,73.37,32.812
16,7,5.434,14.972,71.308,32.266
16,7,7.3308,14.785,68.422,30.914
16,7,4.5982,15.427,76.37,34.802
16,7,7.2821,14.872,70.971,32.23
16,7,6.811,14.967,70.5,31.202
16,7,5.4517,15.176,76.198,35.703
16,7,6.654,14.822,68.816,30.129
16,7,4.0754,15.093,72.234,32.515
16,7,7.4683,14.595,66.544,29.513
16,7,6.89,14.899,71.685,32.898
16,7,7.6897,14.672,66.37,28.588
16,7,7.3711,14.815,68.312,29.949
16,7,4.3845,14.703,67.492,29.763
16,7,7.4617,14.61,65.604,27.718
16,7,3.8381,15.396,73.655,32.29
16,7,6.1365,15.169,70.702,30.415
16,7,5.8811,14.649,65.501,28.072
16,7,6.4721,14.835,70.504,31.94
16,7,5.1604,15.227,70.627,29.933
16,7,7.2034,14.744,67.625,29.532
16,7,6.1006,15.398,75.688,34.281
16,7,6.5581,15.362,76.865,35.584
16,7,7.2181,14.854,70.009,31.872
16,7,5.0499,15.569,75.887,33.526
16,7,7.656,14.687,67.713,30.101
16,7,5.4263,15.009,71.465,31.996
16,7,8.3967,14.845,69.472,30.841
16,7,6.5878,14.883,71.231,32.316
16,7,7.1251,15.274,71.556,30.469
16,7,5.5499,15.02,71.124,31.121
16,7,5.8184,15.053,72.384,31.97
16,7,6.4089,15.12,72.542,32.366
16,7,5.9137,15.713,80.88,37.593
16,7,5.6798,14.691,68.25,30.326
16,7,5.7015,15.063,72.398,32.99
16,7,8.7746,14.224,63.544,28.323
16,7,5.7163,14.461,66.097,28.96
16,7,6.329,14.834,68.853,30.303
16,7,8.5275,15.109,75.319,35.033
16,7,7.1159,14.846,69.41,30.814
16,7,5.5341,15.101,71.401,31.621
16,7,5.9754,14.837,70.7,32.161
16,7,5.7725,14.636,65.317,28.091
16,7,7.795,14.923,67.646,28.524
16,7,6.9347,15.196,75.75,35.248
16,7,6.0366,14.694,68.099,30.346
16,7,7.2446,14.606,65.282,27.77
16,7,4.9028,14.819,67.672,29.602
16,7,6.3206,15.211,75.54,34.589
16,7,4.6219,14.669,66.209,28.527
16,7,4.485,15.32,75.379,33.464
16,7,5.9293,15.231,72.949,32.315
16,7,6.031,14.673,68.9,31.279
16,7,6.1413,14.977,70.216,31.181
16,7,5.7738,14.902,72.353,33.082
16,7,6.7197,14.874,71.314,32.453
16,7,5.2771,14.821,67.399,29.204
16,7,5.5754,14.917,68.133,29.672
16,7,6.9328,15.139,74.366,33.733
16,7,6.2106,15.094,70.804,31.449
16,7,5.8442,15.047,72.328,32.578
16,7,6.3719,14.861,72.301,33.89
16,7,4.4935,15.221,71.339,30.704
16,7,7.8757,14.737,66.504,28.499
16,7,4.4653,15.082,70.942,31.34
16,7,5.1611,14.721,67.606,29.74
16,7,5.7733,15.003,72.304,32.633
16,7,6.5735,14.683,69.199,31.044
16,7,7.3003,15.098,70.055,30.228
16,7,5.3885,15.597,76.91,34.736
16,7,5.5685,15.641,78.149,34.615
16,7,6.8507,15.071,72.272,32.231
16,7,6.8099,14.817,68.774,30.149
16,7,7.4655,14.483,64.477,28.207
16,7,7.1364,15.117,70.868,31.285
16,7,8.4032,14.257,61.834,25.96
16,7,8.3095,14.362,67.084,30.562
16,7,7.0246,14.533,66.095,29.04
16,7,6.9705,14.839,70.426,32.424
16,7,7.5707,15.051,69.797,30.525
16,7,7.6534,13.993,58.1,24.304
16,7,5.0335,14.811,69.868,31.491
16,7,5.7514,14.793,68.225,30.108
16,7,4.1321,14.765,66.121,28.245
16,7,6.9226,15.571,77.115,34.233
16,7,6.4541,14.495,66.574,29.854
16,7,5.5098,15.216,71.417,30.993
16,7,6.482,14.834,66.45,28.713
16,7,5.0175,15.005,72.021,32.942
16,7,6.7249,14.257,64.846,29.365
16,7,5.193,15.035,70.043,30.17
16,7,6.0305,14.915,71.041,31.919
16,7,7.7108,15.012,69.588,29.895
16,7,5.0929,14.959,72.306,32.618
16,7,5.7771,15.16,73.176,33.187
16,7,9.0532,14.389,65.032,28.817
16,7,8.0834,14.694,67.355,29.535
16,7,7.0234,14.561,63.603,25.48
16,7,8.5026,14.818,67.274,29.269
16,7,8.7535,15.135,72.649,32.453
16,7,5.9922,14.803,67.787,29.951
16,7,7.1562,14.381,64.827,28.737
16,7,7.5602,14.685,68.651,31.143
16,7,6.8635,15.096,69.951,30.678
16,8,5.864,16.411,88.144,40.586
16,8,8.4834,16.224,84.78,38.663
16,8,5.9232,15.711,77.86,34.84
16,8,6.9097,15.706,81.566,38.253
16,8,5.1816,15.957,80.516,36.254
16,8,5.2792,15.908,80.028,35.175
16,8,11.158,15.34,73.782,32.605
16,8,9.0494,15.911,81.03,36.366
16,8,6.1863,16.131,85.128,39.278
16,8,8.3932,15.699,76.683,33.644
16,8,7.1332,16.108,85.824,39.353
16,8,4.8455,16.464,87.656,39.819
16,8,5.696,15.401,74.024,32.514
16,8,7.5082,15.491,76.699,34.496
16,8,5.6159,16.391,89.944,42.279
16,8,6.8794,15.963,83.832,39.3
16,8,7.1794,15.959,80.148,35.171
16,8,6.8008,15.721,82.205,38.09
16,8,7.0657,15.93,83.049,36.985
16,8,6.0589,15.707,79.793,36.621
16,8,7.1516,15.408,76.826,34.596
16,8,6.7042,15.604,78.888,35.623
16,8,5.013,16.567,91.291,42.305
16,8,7.2166,15.993,85.286,39.413
16,8,6.4736,16.223,86.441,40.319
16,8,4.9092,15.701,80.159,36.133
16,8,4.6493,15.757,78.682,34.756
16,8,4.7696,16.341,87.804,39.851
16,8,4.2836,15.745,83.681,39.303
16,8,5.1701,15.868,81.415,37.434
16,8,6.01,15.709,79.377,35.035
16,8,5.8821,15.839,81.27,37.047
16,8,6.0489,16.159,86.268,40.371
16,8,4.2339,16.142,83.889,37.756
16,8,6.4001,15.934,85.244,40.56
16,8,5.2618,15.952,81.012,36.086
16,8,6.6562,15.732,77.684,34.595
16,8,6.5483,15.958,81.848,37.164
16,8,4.6671,15.711,80.672,36.802
16,8,5.7308,16.128,88.534,42.239
16,8,5.3493,16.417,86.819,39.412
16,8,7.2191,15.923,81.512,36.582
16,8,6.8578,16.12,83.007,37.028
16,8,8.1437,15.731,78.31,34.867
16,8,6.1345,15.878,80.56,36.032
16,8,9.1108,15.535,79.117,35.817
16,8,6.5466,15.713,80.159,36.09
16,8,9.4225,15.561,80.5,37.333
16,8,7.2722,15.799,80.108,35.432
16,8,6.8598,15.93,82.534,36.963
16,8,5.0458,15.815,83.291,39.28
16,8,7.186,15.742,76.612,33.404
16,8,6.4854,16.351,85.647,38.038
16,8,7.3869,16.008,83.313,38.402
16,8,5.8911,15.832,82.882,38.61
16,8,8.671,16.138,82.488,36.543
16,8,5.0557,15.966,82.73,37.396
16,8,4.6342,15.397,76.947,35.725
16,8,5.3891,16.02,82.623,36.696
16,8,6.655,16.115,86.058,40.482
16,8,5.6384,15.53,76.433,34.046
16,8,3.3287,16.05,84.168,38.386
16,8,4.7984,16.297,86.071,38.65
16,8,5.4477,15.662,78.15,35.286
16,8,7.7759,16.188,85.124,38.717
16,8,5.727,15.76,80.833,37.199
16,8,5.7845,15.605,80.393,37.999
16,8,5.8797,16.269,85.513,39.067
16,8,7.3362,15.331,75.935,34.608
16,8,6.4458,15.644,80.534,37.116
16,8,6.9148,15.904,84.449,39.425
16,8,6.5979,15.805,79.673,35.735
16,8,6.3206,16.318,86.144,39.471
16,8,7.4961,16.08,85.667,39.433
16,8,8.1334,15.71,84.083,40.293
16,8,8.2603,15.604,78.953,36.506
16,8,7.1284,15.64,81.621,38.128
16,8,8.4601,15.785,82.647,38.616
16,8,7.1452,15.349,74.882,33.069
16,8,7.4306,16.15,82.924,37.278
16,8,4.2415,16.253,85.626,38.339
16,8,6.9756,15.595,76.908,33.704
16,8,6.1513,15.832,82.261,37.757
16,8,7.9384,15.916,84.66,39.681
16,8,4.5584,16.123,82.566,37.117
16,8,8.4651,15.642,79.774,36.977
16,8,5.991,16.182,85.138,39.035
16,8,5.114,16.213,84.691,38.278
16,8,5.8583,15.84,79.757,35.926
16,8,4.6524,15.911,82.122,37.746
16,8,6.5184,15.617,80.271,37.184
16,8,4.7105,15.935,82.281,37.352
16,8,6.2751,15.656,80.473,36.845
16,8,7.0499,15.725,78.945,35.701
16,8,7.58,15.849,83.334,39.303
16,8,5.6184,15.937,83.838,39.112
16,8,8.0692,15.939,81.324,36.602
16,8,5.2022,16.191,87.552,41.301
16,8,6.3309,15.859,81.688,37.55
16,8,4.8285,16.308,85.657,37.856
16,8,6.6397,16.149,83.568,37.393
16,8,6.1551,15.363,75.516,34.676
16,8,4.8305,16.19,85.66,39.253
16,8,7.9928,15.92,83.824,39.267
16,8,4.461,15.993,83.266,38.418
16,8,7.9368,15.868,82.886,38.714
16,8,5.4313,15.967,81.454,36.6
16,8,4.812,16.122,86.589,41.077
16,8,5.0164,15.616,80.029,36.587
16,8,5.8068,16.063,82.817,37.204
16,8,4.7466,16.538,90.599,42.121
16,8,4.7788,15.747,81.675,37.763
16,8,7.2527,16.22,86.971,40.14
16,8,5.7921,15.701,80.947,37.478
16,8,6.3686,16.05,82.435,37.072
16,8,6.4593,16.237,83.894,37.389
16,8,6.4626,15.576,77.225,34.64
16,8,4.5598,16.06,84.908,39.134
16,8,6.8148,15.605,78.377,35.709
16,8,6.6974,16.2,81.487,35.721
16,8,8.0353,15.468,79.085,36.368
16,8,6.3906,16.007,82.471,37.163
16,8,5.1135,16.293,84.914,38.311
16,8,6.0332,16.167,87.582,40.719
16,8,5.0519,16.045,84.558,39.096
16,8,4.7284,15.952,79.781,35.258
16,8,5.476,15.823,82.039,37.801
16,8,5.5635,16.129,85.239,38.268
16,8,8.7198,15.549,78.009,35.136
16,8,5.9774,16.625,90.05,40.724
16,8,5.7593,16.267,87.892,40.659
16,8,6.4352,15.61,80.262,37.496
16,8,5.1088,16.054,82.734,37.181
16,8,4.4152,15.675,78.393,34.787
16,8,5.8668,16.373,88.909,41.949
16,8,6.1482,15.64,77.528,34.439
16,8,5.4494,16.407,88.08,39.998
16,8,5.347,15.526,78.103,35.874
16,8,4.0831,16.138,86.587,40.224
16,8,7.7331,15.797,79.858,35.971
16,8,5.8359,15.985,81.918,37.175
16,8,5.5463,15.453,73.478,31.732
16,8,5.0285,16.467,88.785,41.23
16,8,5.6756,16.305,86.732,38.755
16,8,5.9195,15.94,83.944,39.074
16,8,5.3986,16.371,87.036,39.859
16,8,6.0819,16.027,83.584,38.392
16,8,7.3466,15.501,77.809,35.459
16,8,4.8075,15.916,84.204,39.776
16,8,6.1861,15.643,78.695,35.761
16,8,6.0604,16.005,86.101,40.855
16,8,6.9449,15.873,81.841,37.941
16,8,8.0805,15.754,77.544,34.093
16,8,4.6507,16.387,86.21,38.532
16,8,7.322,15.944,84.054,39.347
16,8,5.6112,16.496,90.819,43.354
16,8,7.5265,15.845,80.379,35.859
16,8,6.6382,15.868,84.821,40.336
16,8,5.7657,15.997,83.879,38.499
16,8,6.8613,16.013,84.93,39.657
16,8,9.344,15.417,76.788,34.858
16,8,6.1782,15.834,80.214,35.67
16,8,6.6532,15.657,79.558,36.314
16,8,5.667,16.087,84.713,38.764
16,8,7.1708,15.927,82.873,38.06
16,8,4.8439,15.827,79.813,35.098
16,8,7.062,16.03,85.035,39.093
16,8,7.906,15.46,79.242,37.555
16,8,7.7325,15.712,78.806,34.739
16,8,6.0387,15.703,80.495,37.108
16,8,4.8306,16.73,92.256,42.856
16,8,4.816,16.309,85.439,38.367
16,8,6.3288,15.862,84.589,40.076
16,8,7.5425,15.572,76.764,34.322
16,8,6.5342,16.197,86.616,40.118
16,8,4.9361,16.074,82.214,36.453
16,8,6.4957,16.28,86.116,39.486
16,8,5.6748,15.536,79.917,37.611
16,8,6.2879,15.768,82.016,38.223
16,8,5.067,16.054,85.578,40.489
16,8,6.2335,16.139,83.821,37.355
16,8,7.3694,15.992,80.495,35.253
16,8,7.5773,15.793,80.211,36.628
16,8,6.7167,15.7,78.718,35.437
16,8,5.8659,15.264,75.727,34.442
16,8,6.11,15.857,81.876,37.715
16,8,5.26,15.866,82.606,38.139
16,8,7.9619,16.026,80.965,35.078
16,8,4.5742,15.841,83.249,38.752
16,8,7.4093,15.531,79.584,36.601
16,8,7.5037,15.586,75.288,32.732
16,8,8.2583,15.585,81.512,38.436
16,8,6.7469,15.836,81.767,37.499
16,8,6.3098,15.512,76.785,34.211
16,8,6.5392,16.138,84.516,38.361
16,8,6.1407,15.998,81.474,36.36
16,8,7.9198,15.835,78.921,35.144
16,8,6.9335,16.311,87.987,41.002
16,8,8.6803,15.494,76.805,34.46
16,8,5.007,15.601,79.59,36.801
16,8,7.1815,16.005,83.873,39.314
16,8,6.5735,15.355,75.151,33.726
16,8,5.5116,15.978,83.423,38.282
16,8,8.0432,15.59,80.106,37.007
16,8,6.6454,16.229,86.736,40.205
16,8,5.221,16.095,83.406,37.554
16,8,4.3834,16.431,89.447,41.871
16,8,5.8728,15.442,77.302,35.228
16,8,7.8049,15.973,80.649,35.197
16,8,6.1638,15.558,79.057,36.451
16,8,7.7969,15.814,80.884,36.964
16,8,5.9096,15.989,85.107,39.578
16,8,5.7794,15.994,84.198,38.568
16,8,7.1884,15.729,78.612,35.585
16,8,5.1403,16.23,85.45,38.983
16,8,5.4577,16.08,82.27,37.6
16,8,6.4731,15.617,80.492,37.408
16,8,6.4493,15.697,80.648,36.849
16,8,5.7784,15.875,81.22,36.688
16,8,4.5829,16.529,89.174,40.738
16,8,4.8197,16.31,86.527,39.069
16,8,4.3386,16.044,84.167,38.613
16,8,8.377,15.387,79.346,37.55
16,8,6.1046,15.669,76.289,33.302
16,8,4.7288,15.996,83.655,37.923
16,8,5.7383,15.831,79.953,36.049
16,8,4.5643,16.239,86.18,39.29
16,8,6.8896,16.109,85.615,39.873
16,8,5.5678,15.776,82.086,37.219
16,8,7.6953,15.476,78.74,36.492
16,8,7.2995,15.844,81.122,36.776
16,8,4.462,15.924,77.509,32.306
16,8,7.7692,16.03,82.656,37.77
16,8,7.5535,16.01,82.79,38.187
16,8,8.0719,16.12,84.144,38.522
16,8,4.6786,16.212,84.804,38.997
16,8,8.9847,15.53,80.107,37.242
16,8,6.0382,15.46,78.639,36.038
16,8,5.4646,15.829,82.419,38.575
16,8,7.0048,15.692,76.962,34.155
16,8,5.0226,16.011,80.542,35.662
16,8,5.3514,15.424,76.504,34.923
16,8,5.5087,15.722,80.598,37.268
16,8,6.5541,16.105,82.577,36.321
16,8,7.6223,15.903,84.807,40.177
16,8,7.0982,15.569,77.519,35.41
16,8,7.1064,15.553,79.374,36
16,8,5.2577,16.36,88.604,41.234
16,8,6.2811,15.811,82.098,38.176
16,8,6.132,16.313,86.831,39.243
16,8,7.0392,16.182,84.723,38.418
16,8,5.7768,16.068,81.231,35.697
16,8,5.7657,15.959,81.534,36.706
16,8,8.3846,15.471,78.003,35.646
16,8,4.6224,16.247,84.339,37.721
16,8,5.6232,16.043,84.598,38.665
16,8,5.4779,15.879,80.852,36.51
16,8,5.9339,16.058,84.19,39.371
16,8,6.6616,15.306,74.054,32.228
16,8,5.0507,16.125,81.985,36.588
16,8,7.6011,16.096,83.898,37.824
16,8,8.031,16.426,86.712,39.02
16,8,6.4803,15.665,77.648,34.381
16,8,5.8592,16.463,88.177,40.945
16,8,6.2252,15.874,81.077,36.456
16,8,8.1799,15.891,82.302,37.755
16,8,5.5228,15.751,81.849,37.76
16,8,6.8128,15.537,76.659,34.584
16,8,6.007,15.614,77.808,35.243
16,8,6.8165,15.441,76.591,34.504
16,8,6.7073,15.588,76.655,33.544
16,8,7.6639,15.832,82.529,38.248
16,8,5.4835,16.364,84.927,38.1
16,8,6.2101,16.169,83.912,38.114
16,8,4.8905,15.836,79.893,35.371
16,8,5.8586,15.88,80.197,36.005
16,8,5.8029,15.775,79.919,36.83
16,8,5.6104,15.61,80.283,36.944
16,8,8.4514,15.868,81.256,36.265
16,8,5.2798,16.13,86.032,39.744
16,8,4.5325,16.216,86.135,39.218
16,8,4.1373,16.175,86.806,40.627
16,8,6.718,15.9,80.36,35.577
16,8,9.497,15.585,76.859,33.977
16,8,6.9651,15.523,77.365,35.058
16,8,7.9165,16.068,83.22,37.591
16,8,8.2819,15.661,80.355,37.231
16,8,7.2397,15.459,77.39,35.016
16,8,6.0928,16.123,85.007,38.689
16,8,5.222,16.135,81.681,35.459
16,8,6.2305,15.609,78.593,36.112
16,8,7.7853,15.728,79.278,35.177
16,8,5.9167,15.986,83.311,37.687
16,8,5.0722,15.897,84.381,39.742
16,8,6.2761,16.255,87.499,40.534
16,8,5.8421,16.058,84.951,39.276
16,8,6.8032,16.057,86.405,40.882
16,8,5.3689,15.823,82.476,37.719
16,8,5.984,15.652,77.849,34.125
16,8,8.6539,15.507,77.857,35.515
16,8,6.5123,16.367,86.544,39.581
16,8,6.6896,16.338,87.178,40.564
16,8,5.5206,15.59,79.42,36.555
16,8,6.9361,15.867,82.548,37.796
16,8,6.2712,16.248,83.201,36.507
16,8,5.3421,15.545,77.623,35.209
16,8,6.0666,16.223,87.554,40.961
16,8,6.2497,15.688,78.319,35.223
16,8,7.0483,15.681,81.638,38.078
16,8,6.4327,15.987,81.834,36.294
16,8,5.231,16.237,87.406,40.62
16,8,7.8739,15.613,78.507,36.017
16,8,5.1494,16.27,87.631,41.069
16,8,4.3189,16.265,84.621,37.88
16,8,7.7313,15.606,78.548,35.183
16,8,5.9484,16.002,82.629,36.871
16,8,7.0219,15.537,80.109,36.566
16,8,4.475,16.601,87.675,39.144
16,8,5.0381,15.985,80.739,35.869
16,8,5.774,16.119,84.372,38.22
16,8,6.3606,16.048,81.661,36.265
16,8,7.3377,16.079,87.539,41.418
16,8,8.2918,15.298,75.152,33.808
16,8,8.5577,15.67,80.549,37.386
16,8,6.5644,15.666,77.46,33.768
16,8,5.0246,16.007,84.177,38.61
16,8,6.4964,16.121,83.117,37.501
16,8,6.685,15.562,77.083,34.855
16,8,7.6159,15.957,84.244,39.304
16,8,7.1327,16.065,84.113,38.573
16,8,5.6125,15.857,80.491,36.551
16,8,6.4363,15.395,77.133,34.943
16,8,5.3644,15.81,82.34,38.732
16,8,6.0405,15.93,80.558,35.386
16,8,6.2193,15.628,77.353,34.19
16,8,5.5787,15.813,82.636,38.544
16,8,5.8612,15.68,79.711,36.334
16,8,5.2434,15.643,77.744,34.142
16,8,6.0486,16.029,83.213,37.744
16,8,6.2406,16.16,84.625,37.776
16,8,7.5035,15.752,81.162,37.429
16,8,8.2762,15.683,77.233,34.375
16,8,4.5836,16.189,87.145,40.378
16,8,7.4746,16.097,83.66,38.064
16,8,5.9686,15.159,73.802,33.709
16,8,6.6067,16.086,84.785,39.558
16,8,6.9716,15.336,74.226,32.212
16,8,7.1199,15.862,82.941,38.253
16,8,8.0189,15.792,79.891,36.001
16,8,6.238,15.652,78.708,35.621
16,8,6.4445,15.958,83.052,38.532
16,8,5.208,15.841,82.234,37.852
16,8,7.9824,15.685,80.503,37.043
16,8,5.5872,15.566,79.729,37.08
16,8,6.3244,15.837,82.433,37.635
16,8,7.4676,15.638,79.444,35.866
16,8,6.5329,15.347,74.156,31.633
16,8,6.6723,15.217,74.417,33.132
16,8,4.8933,15.956,80.047,35.091
16,8,5.278,15.615,79.344,36.622
16,8,7.2796,15.138,74.897,33.909
16,8,6.6064,15.818,79.244,35.455
16,8,7.4792,15.83,82.463,38.372
16,8,6.9427,16.495,87.301,39.344
16,8,6.7376,15.99,83.11,37.956
16,8,4.9468,15.722,80.888,37.804
16,8,7.8751,15.695,79.516,36.313
16,8,6.4301,15.785,81.124,37.89
16,8,6.0106,15.655,78.731,35.641
16,8,6.7412,15.929,84.544,39.449
16,8,6.3394,15.092,72.74,31.988
16,8,5.2922,15.898,78.347,34.366
16,8,5.969,15.91,85.009,40.654
16,8,6.2602,15.975,81.978,36.855
16,8,7.7785,15.934,84.958,39.634
16,8,5.0715,16.441,87.155,39.71
16,8,4.7699,15.63,80.014,36.692
16,8,6.4595,15.465,77.987,35.541
16,8,4.8223,15.712,79.862,37.008
16,8,5.1404,15.83,80.049,35.718
16,8,5.3431,15.777,79.896,35.284
16,8,5.8819,15.981,82.383,37.496
16,8,6.6484,16.293,88.241,41.151
16,8,5.1812,16.005,81.489,36.188
16,8,6.5969,15.921,79.484,34.422
16,8,6.0427,16.005,86.345,40.779
16,8,5.1424,15.932,80.171,35.549
16,8,7.6558,15.381,77.888,35.283
16,8,6.4081,16.346,92.755,45.069
16,8,6.9339,15.946,81.543,36.469
16,8,8.3518,16.139,85.508,40.173
16,8,5.0534,15.702,78.688,34.891
16,8,6.8624,16.084,84.16,38.109
16,8,4.2877,16.315,86.417,39.654
16,8,7.1377,15.594,76.949,34.243
16,8,8.4394,15.706,77.018,33.861
16,8,7.2461,15.626,76.655,33.244
16,8,5.627,16.007,84.007,38.374
16,8,7.653,15.697,78.579,35.574
16,8,6.4997,16.004,85.469,39.82
16,8,6.8966,15.846,80.974,36.51
16,8,9.2356,15.743,79.951,35.854
16,8,6.6832,15.691,78.188,35.023
16,8,6.3618,15.957,81.904,37.5
16,8,5.9397,16.247,86.044,39.704
16,8,8.2954,15.933,81.611,36.756
16,8,7.2298,15.754,79.392,35.648
16,8,6.8087,15.781,80.105,36.005
16,8,6.2922,15.705,78.121,34.665
16,8,5.667,15.665,79.199,35.684
16,8,7.3142,15.931,86.169,41.265
16,8,6.0813,15.891,81.509,36.88
16,8,5.018,16.127,86.169,40.189
16,8,6.5542,15.927,81.686,36.843
16,8,7.4713,15.676,79.925,36.425
16,8,7.5197,15.757,77.837,34.36
16,8,6.3252,15.727,78.091,34.125
16,8,8.4502,15.981,81.577,36.715
16,8,9.004,15.341,76.477,34.932
16,8,7.0177,15.372,75.057,32.272
16,8,6.9567,15.833,82.172,37.914
16,8,5.2842,15.836,81.113,37.436
16,8,5.3054,15.693,77.439,34.234
16,8,5.3904,15.403,74.259,33.072
16,8,6.4508,16.052,80.262,35.224
16,8,7.0411,16.304,87.337,40.167
16,8,6.1221,16.186,85.237,38.463
16,8,5.3203,15.696,78.444,34.815
16,8,6.2058,15.69,79.05,35.752
16,8,6.2862,16.01,83.296,38.421
16,8,6.0943,15.628,76.785,33.94
16,8,6.0588,15.923,81.096,35.962
16,8,8.5918,15.722,80.561,37.328
16,8,6.1943,16.061,82.955,37.469
16,8,5.598,16.174,87.419,41.215
16,8,4.8929,15.865,81.351,36.856
16,8,5.1116,16.171,85.128,38.849
16,8,7.2032,15.441,76.319,34.291
16,8,6.9111,15.712,81.008,37.629
16,8,8.8247,15.167,72.845,32.743
16,8,5.5235,16.181,87.108,41.417
16,8,8.7487,15.515,74.885,32.862
16,8,6.983,15.643,77.476,34.445
16,8,6.1181,15.853,82.291,37.353
16,8,7.7064,15.774,79.992,36.012
16,8,5.2849,16.548,88.617,39.782
16,8,5.2629,16.617,92.292,43.791
16,8,8.1219,15.737,79.373,35.611
16,8,4.8608,16.598,92.048,43.431
16,8,6.7535,15.896,81.946,37.067
16,8,4.7023,16.071,84.028,38.827
16,8,6.8921,15.561,77.91,34.96
16,8,5.5795,15.825,82.879,38.695
16,8,7.4026,16.201,86.103,39.919
16,8,8.3965,15.633,79.182,36.56
16,8,5.6293,15.787,79.685,35.764
16,8,6.0219,15.789,80.1,35.3
16,8,8.4055,15.258,73.807,32.558
16,8,7.0151,15.778,80.134,36.126
16,8,7.618,15.113,72.006,32.006
16,8,8.2617,15.375,75.389,33.982
16,8,6.2551,15.537,76.948,34.548
16,8,5.7963,15.595,79.882,37.075
16,8,6.4781,15.218,73.869,32.864
16,8,8.0909,15.983,79.859,35.252
16,8,6.5775,15.834,76.271,32.395
16,8,8.7904,16.11,83.604,37.911
16,8,6.7626,16.227,83.786,37.403
16,8,8.3182,16.024,83.193,38.491
16,8,8.0423,15.317,77.896,36.639
16,8,8.987,15.516,77.565,34.854
16,8,5.2279,15.688,80.605,37.316
16,8,4.4059,16.301,87.544,40.757
16,8,6.3911,15.543,80.683,37.718
16,8,7.1789,16.116,86.805,40.776
16,8,5.1666,15.937,80.561,35.558
16,8,6.1807,16.165,82.726,36.951
16,8,7.3811,15.417,76.348,34.534
16,8,8.1771,16.049,84.441,39.783
16,8,8.1629,15.477,77.433,35.276
16,8,5.0319,15.66,79.252,35.989
16,8,6.2618,15.778,80.163,36.33
16,8,6.5531,15.99,80.367,35.461
16,8,6.8287,15.945,82.141,36.826
16,8,5.4235,15.446,75.557,34.169
16,8,5.8302,16.084,84.422,38.805
16,8,5.0662,15.95,82.193,36.714
16,8,7.0259,15.477,74.492,31.876
16,8,5.8486,16.042,85.354,40.018
16,8,5.4015,16.138,83.97,37.521
16,8,6.8314,16.128,83.331,37.559
16,8,6.5837,15.613,82.271,39.039
16,8,7.0179,16.66,90.854,41.986
16,8,6.3323,15.612,79.039,36.242
16,8,5.67,16.014,81.306,35.932
16,8,5.489,15.385,76.901,35.107
16,8,3.7527,16.551,87.055,38.475
16,8,6.5908,16.051,80.506,34.015
16,8,6.7239,15.608,79.531,36.522
16,8,7.8862,16.151,83.01,37.584
16,8,5.5164,15.817,82.099,38.133
16,8,5.6767,15.595,77.311,34.074
16,8,7.0428,16.099,84.097,39.188
16,8,6.028,16.054,83.717,37.958
16,8,5.8245,15.887,79.535,35.203
16,8,6.1381,15.59,78.305,35.969
16,8,5.6364,15.865,81.522,36.367
16,8,6.2615,15.864,81.45,37.114
16,8,8.3037,16.006,80.418,35.802
16,8,7.6981,15.594,77.743,35.246
16,8,9.0786,15.217,75.148,34.93
16,8,6.1291,16.203,85.127,38.683
16,8,5.7213,15.865,81.826,37.251
16,8,6.1548,16.199,82.859,36.079
16,8,5.5497,15.399,73.934,32.286
16,8,9.036,15.812,78.422,33.927
16,8,8.4632,15.919,85.004,40.303
16,8,6.2512,15.82,81.937,37.567
16,8,5.6035,15.69,78.529,35.014
16,8,5.5437,15.949,82.616,37.822
16,8,4.1267,16.058,83.222,36.675
16,8,4.8567,15.702,78.421,35.115
16,8,4.2434,16.005,82.715,37.121
16,8,8.5882,15.909,82.098,37.522
16,8,8.1133,15.731,80.351,36.582
16,8,9.2209,15.499,79.277,36.551
16,8,4.8539,16.453,90.266,41.936
16,8,7.4961,15.926,81.777,37.22
16,8,6.1533,16.532,92.589,44.407
16,8,4.2258,16.192,84.564,38.272
16,8,5.1865,15.758,81.345,37.314
16,8,5.7084,16.148,84.98,38.842
16,8,7.6334,15.873,84.607,39.439
16,8,6.1538,15.934,83.39,38.384
16,8,4.3221,16.29,86.197,39.421
16,8,6.5608,15.95,84.054,39.569
16,8,6.4304,15.26,74.782,33.244
16,8,6.5758,16.016,82.06,37.709
16,8,5.4688,16.145,84.748,38.946
16,8,7.8465,15.866,81.354,37.567
16,8,6.2541,16.11,81.396,34.791
16,8,4.8167,16.349,90.858,43.529
16,8,4.2178,15.667,79.409,36.407
16,8,7.8429,15.988,84.419,39.396
16,8,9.414,16.008,85.163,39.151
16,8,7.1138,15.606,78.575,36.292
16,8,3.9315,16.678,90.193,41.164
16,8,5.4287,16.082,81.422,36.165
16,8,5.6712,15.583,83.472,40.201
16,8,7.0688,15.778,78.054,34.039
16,8,6.4258,16.496,88.565,40.119
16,8,7.1631,15.549,78.454,35.756
16,8,6.0644,16.174,83.312,36.244
16,8,6.5224,16.128,85.612,40.093
16,8,6.2052,15.98,84.451,38.945
16,8,6.5665,15.688,78.625,34.618
16,8,7.2433,16.151,85.405,39.826
16,8,5.4551,16.105,81.579,35.596
16,8,4.9194,16.049,83.929,39.04
16,8,5.9503,15.121,74.044,33.598
16,8,6.7401,16.065,84.832,39.42
16,8,6.2206,15.545,76.562,33.258
16,8,7.5353,15.503,79.657,37.052
16,8,5.2545,16.261,88.807,42.47
16,8,9.5263,15.748,80.014,35.594
16,8,4.3518,16.218,87.18,39.898
16,8,6.3035,16.037,79.486,33.421
16,8,6.3155,16.051,82.034,35.707
16,8,5.9253,15.793,77.849,34.122
16,8,4.4896,15.656,83.077,39.871
16,8,6.2441,15.697,78.699,34.672
16,8,6.4601,15.803,77.082,32.823
16,8,4.8578,15.809,81.69,38.217
16,8,6.348,15.308,76.514,35.058
16,8,6.9232,15.861,79.031,35.423
16,8,6.4214,16.191,83.978,37.248
16,8,4.771,16.354,86.957,39.884
16,8,6.8367,15.954,85.648,39.982
16,8,6.1029,16.128,83.714,37.781
16,8,6.2168,15.786,79.071,35.222
16,8,5.1045,16.298,86.19,39.141
16,8,6.99,15.391,75.624,33.408
16,8,5.8386,16.173,84.362,37.84
16,8,6.8073,15.867,82.532,37.396
16,8,6.8943,16.002,83.71,38.499
16,8,7.5956,15.529,78.92,35.964
16,8,4.9461,15.871,82.147,38.499
16,8,8.538,15.347,76.907,35.503
16,8,7.2139,15.748,79.683,35.906
16,8,6.0178,15.484,78.305,36.185
16,8,5.9975,15.471,78.446,36.482
16,8,5.0451,16.049,84.765,38.655
16,8,5.8973,16.52,90.112,41.726
16,8,7.8415,15.673,80.995,38.172
16,8,8.2351,16.164,86.475,40.292
16,8,5.8933,15.476,76.368,33.875
16,8,7.1758,15.712,78.392,35.587
16,8,6.3948,15.593,77.78,34.683
16,8,4.279,16.429,86.881,39.303
16,8,6.7858,15.987,82.962,38.278
16,8,5.769,15.923,82.892,38.304
16,8,5.6163,15.7,78.808,35.072
16,8,5.3024,15.729,80.495,36.518
16,8,5.7483,15.98,80.046,34.744
16,8,6.7456,15.609,81.06,37.887
16,8,5.8716,16.064,82.896,37.595
16,8,7.3183,15.32,72.831,30.7
16,8,8.2088,15.501,77.547,34.652
16,8,6.1751,15.786,81.927,37.812
16,8,6.0699,15.801,80.748,35.607
16,8,6.9784,16.287,85.117,38.574
16,8,5.368,15.889,82.489,37.617
16,8,6.4821,15.93,82.435,38.526
16,8,8.0248,15.897,80.816,35.956
16,8,5.949,15.815,80.205,35.464
16,8,7.1751,15.891,83.403,37.668
16,8,5.3035,15.93,82.231,37.458
16,8,7.5868,15.916,84.492,39.547
16,8,6.0403,15.493,75.054,32.919
16,8,6.2579,16.06,80.919,35.66
16,8,7.9841,15.832,82.088,38.199
16,8,5.735,15.989,82.57,37.599
16,8,7.8995,15.713,79.784,36.627
16,8,6.3723,15.413,79.463,37.945
16,8,7.552,15.815,81.316,37.059
16,8,5.5154,15.64,77.531,33.959
16,8,6.4975,15.624,80.72,37.094
16,8,5.448,15.988,84.429,39.669
16,8,7.6489,15.493,80.18,38.103
16,8,6.5136,16.169,85.831,39.705
16,8,5.0276,16.223,86.356,39.723
16,8,6.7269,15.982,84.099,38.903
16,8,5.8402,16.285,89.831,42.885
16,8,4.9856,16.338,87.343,40.052
16,8,5.785,16.006,83.666,38.759
16,8,3.8228,16.494,91.245,43.087
16,8,10.93,15.93,80.495,35.106
16,8,5.1989,15.741,76.747,33.043
16,8,6.589,16.09,82.949,37.504
16,8,6.56,15.706,79.175,36.091
16,8,7.1014,15.476,76.198,34.328
16,8,6.1655,15.99,81.374,35.96
16,8,4.8574,15.47,75.576,33.265
16,8,8.3746,15.499,78.639,36.591
16,8,4.2027,15.752,79.896,36.54
16,8,6.2433,15.885,81.637,37.178
16,8,6.3309,15.975,82.238,37.559
16,8,6.0145,16.316,85.749,39.109
16,8,7.9079,16.102,86.427,41.038
16,8,5.5324,16.035,83.696,38.438
16,8,4.7065,15.952,83.69,38.769
16,8,4.8723,16.204,84.089,37.083
16,8,7.0659,15.83,83.8,39.587
16,8,5.4964,16.171,88.751,42.343
16,8,6.1943,15.73,78.658,34.614
16,8,6.1294,15.748,78.422,34.897
16,8,6.108,16.188,84.073,37.739
16,8,6.0238,15.75,78.955,35.465
16,8,8.0727,15.816,78.937,35.001
16,8,5.1477,16.315,83.675,37.304
16,8,5.6645,15.184,74.88,33.562
16,8,5.5376,16.253,84.302,38.102
16,8,5.8636,15.788,82.615,38.591
16,8,7.0865,15.757,82.032,37.568
16,8,5.862,15.49,76.751,34.144
16,8,5.249,16.209,86.228,40.032
16,8,5.9022,15.787,81.354,37.27
16,8,8.4275,16.302,86.015,39.096
16,8,4.6912,16.47,88.864,41.189
16,8,5.1452,16.422,87.984,39.767
16,8,6.6424,16.046,82.089,37.268
16,8,5.9602,15.786,81.585,38.123
16,8,4.8017,16.17,84.565,38.88
16,8,6.5509,15.533,77.061,34.5
16,8,7.9729,16.041,83.682,38.552
16,8,6.9796,15.858,80.373,36.161
16,8,5.5521,15.673,80.098,36.823
16,8,5.415,16.051,86.454,41.076
16,8,5.011,15.804,83.201,38.936
16,8,6.6002,16.193,84.758,38.975
16,8,6.4777,15.87,83.529,38.87
16,8,5.9662,15.836,81.502,37.693
16,8,6.7213,15.465,77.298,35.388
16,8,5.412,15.966,83.804,38.797
16,8,4.9498,15.837,82.214,38.067
16,8,6.9902,15.634,79.28,35.04
16,8,5.1161,15.737,80.926,37.48
16,8,7.9762,15.349,75.918,34.369
16,8,5.8167,16.018,85.109,39.943
16,8,8.4749,15.774,79.715,35.828
16,8,5.8296,16.14,86.625,40.235
16,8,6.5423,15.831,81.415,37.549
16,8,7.3287,15.827,82.595,38.493
16,8,4.7073,16.048,84.9,38.882
16,8,4.9619,15.698,79.39,35.277
16,8,7.3638,15.583,79.742,36.331
16,8,7.3989,16.038,82.962,37.46
16,8,6.3429,15.459,75.941,34.525
16,8,7.0277,16.359,86.492,39.343
16,8,6.6241,15.402,74.725,33.372
16,8,5.1708,15.38,76.213,34.353
16,8,5.8016,15.99,83.08,37.981
16,8,4.945,16.25,84.931,37.909
16,8,5.6284,15.516,78.786,36.318
16,8,6.4538,15.51,77.885,35.169
16,8,5.6908,16.007,83.826,38.577
16,8,6.2152,15.669,79.201,35.8
16,8,5.9334,16.351,86.369,39.558
16,8,5.7866,15.928,82.971,38.353
16,8,6.4476,16.004,84.658,39.687
16,8,6.586,16.195,86.755,40.425
16,8,7.072,16.079,83.422,37.417
16,8,5.6213,16.314,84.726,38.352
16,8,7.5364,15.516,78.483,35.567
16,8,6.7048,15.562,77.846,35.601
16,8,8.1675,15.997,83.267,37.936
16,8,6.665,16.063,85.01,38.832
16,8,6.9228,15.852,80.725,37.023
16,8,5.0916,16.547,88.918,40.929
16,8,5.5272,14.988,71.2,31.493
16,8,5.9822,16.091,84.385,38.067
16,8,7.925,16.103,85.052,39.197
16,8,6.6173,16.032,82.702,37.111
16,8,5.621,16.326,88.975,41.842
16,8,6.2075,15.412,80.849,39.093
16,8,4.6989,16.224,89.064,42.081
16,8,5.912,16.191,85.234,38.912
16,8,6.5175,15.906,79.415,34.632
16,8,8.2453,16.273,84.854,38.213
16,8,6.3217,16.63,88.329,38.708
16,8,7.2043,15.648,77.682,34.775
16,8,5.9579,15.818,83.053,38.78
16,8,5.3827,16.118,84.637,38.839
16,8,4.5889,16.167,85.501,39.823
16,8,7.4646,15.937,81.012,36.382
16,8,4.6822,16.006,83.542,38.639
16,8,8.2843,15.932,83.899,38.585
16,8,5.1692,15.902,80.347,35.179
16,8,4.2889,16.431,86.375,39.168
16,8,5.6652,16.053,85.134,39.291
16,8,7.8367,16.287,87.012,40.34
16,8,7.1516,15.998,82.992,38.235
16,8,4.5324,16.598,89.128,39.817
16,8,7.3671,15.916,84.215,39.316
16,8,7.521,15.803,81.817,37.511
16,8,5.0161,15.321,76.869,35.556
16,8,9.782,15.719,78.94,35.975
16,8,5.9853,16.236,85.306,38.449
16,8,7.833,15.376,77.614,36.378
16,8,8.4079,15.623,78.625,35.394
16,8,7.1795,15.596,81.345,38.489
16,8,7.3725,16.004,80.511,35.51
16,8,7.1212,16.205,88.639,41.919
16,8,5.6332,15.947,83.914,39.248
16,8,5.7121,15.831,81.442,37.588
16,8,6.3997,15.869,84.941,40.529
16,8,5.326,16.394,88.604,40.89
16,8,6.3889,16.011,80.51,35.631
16,8,3.4416,15.878,83.087,38.414
16,8,5.4139,15.285,70.947,30.032
16,8,5.7187,15.486,77.09,35.03
16,8,5.4136,16.45,88.958,40.822
16,8,6.1586,16.011,84.675,38.944
16,8,6.0886,15.773,81.224,37.132
16,8,6.5652,16.103,86.33,40.225
16,8,6.7072,15.554,77.399,34.978
16,8,8.2069,15.488,76.506,34.163
16,8,8.9206,15.326,76.33,35.568
16,8,6.9861,16.262,88.338,41.68
16,8,4.8411,15.792,79.086,35.544
16,8,6.7506,16.09,84.6,38.856
16,8,6.1028,15.499,75.714,33.918
16,8,6.2505,16.284,86.378,40.215
16,8,5.2985,16.478,87.014,39.632
16,8,8.9703,15.604,79.755,36.939
16,8,7.0344,16.258,88.197,41.362
16,8,6.015,16.187,83.51,37.532
16,8,7.0052,16.019,81.536,36.446
16,8,7.1899,15.982,84.386,39.293
16,8,8.071,16.033,84.018,38.274
16,8,5.6399,15.277,75.3,33.724
16,8,4.9481,16.243,86.619,40.203
16,8,6.5151,16.49,90.085,42.159
16,8,6.1268,16.318,85.593,38.34
16,8,4.386,16.561,90.145,40.679
16,8,6.7813,15.936,83.844,39.465
16,8,7.8572,15.399,77.953,36.07
16,8,6.5033,15.569,77.709,34.455
16,8,6.6303,15.942,81.112,36.48
16,8,7.2152,16.07,83.014,37.967
16,8,5.0598,15.827,81.769,37.295
16,8,6.3463,15.516,76.862,34.015
16,8,7.2753,16.128,86.068,39.415
16,8,6.5185,16.007,85.474,40.4
16,8,4.8168,15.518,75.98,33.402
16,8,6.5334,15.47,78.541,36.052
16,8,5.8745,16.308,89.126,42.509
16,8,5.2825,15.948,83.065,37.399
16,8,6.8666,15.614,80.98,37.607
16,8,4.7883,15.971,84.668,39.364
16,8,6.9168,15.722,78.819,35.171
16,8,6.7696,15.881,80.731,36.287
16,8,6.2405,15.993,82.599,37.727
16,8,7.0583,15.429,76.906,34.788
16,8,4.9062,16.369,88.813,41.652
16,8,6.54,15.695,80.691,37.199
16,8,5.1695,16.755,91.061,41.864
16,8,7.3586,15.543,79.842,36.726
16,8,6.3839,15.941,82.022,37.002
16,8,6.589,15.988,83.709,38.728
16,8,7.0829,16.538,91.228,43.175
16,8,6.4039,15.989,80.96,35.945
16,8,6.5575,15.804,82.286,37.931
16,8,6.5162,15.895,81.28,36.353
16,8,6.932,16.117,84.825,39.276
16,8,6.85,16.068,82.361,36.88
16,8,7.9543,15.442,76.071,34.094
16,8,7.1643,15.752,79.397,35.514
16,8,7.2348,16.019,83.027,38.1
16,8,6.0574,15.849,82.927,38.771
16,8,7.6631,15.637,78.077,34.901
16,8,4.2746,16.103,83.51,37.323
16,8,7.5706,15.901,78.55,34.076
16,8,4.8672,16.198,87.41,40.567
16,8,6.5817,16.014,85.938,40.77
16,8,4.9502,15.763,78.081,34.303
16,8,6.219,15.93,82.891,37.876
16,8,6.8046,16.011,85.68,39.856
16,8,6.9281,15.976,81.696,36.831
16,8,5.0385,15.964,83.227,38.365
16,8,8.1044,15.608,78.955,35.538
16,8,6.762,15.93,81.106,35.836
16,8,6.7037,16.124,86.862,40.643
16,8,6.0808,15.748,82.767,39.124
16,8,4.8114,16.138,82.737,36.687
16,8,5.6911,15.816,79.564,35.261
16,8,5.0105,15.874,83.265,39.321
16,8,5.9968,15.662,81.924,38.797
16,8,4.6554,16.414,91.815,44.088
16,8,5.2468,15.961,85.624,40.943
16,8,10.869,16.058,82.524,36.929
16,8,6.4619,15.291,76.149,34.428
16,8,6.2065,15.567,75.002,32.917
16,8,6.5338,15.809,77.341,33.168
16,8,6.5102,15.668,79.572,36.152
16,8,6.6696,15.768,80.923,37.347
16,8,5.1832,15.736,78.035,34.768
16,8,8.0262,16.302,86.062,39.437
16,8,7.1127,15.392,78.127,35.741
16,8,4.9433,15.876,80.674,36.388
16,8,6.4468,15.675,83,39.664
16,8,5.1768,16.183,85.494,38.6
16,8,6.092,16.086,87.557,42.01
16,8,5.0173,15.781,80.997,36.788
16,8,6.2305,15.978,82.254,37.463
16,8,6.108,16.014,82.957,37.843
16,8,5.4033,16.104,85.197,39.677
16,8,5.9037,15.812,78.878,34.998
16,8,8.1717,16.303,87.553,40.731
16,8,6.7386,16.059,86.192,40.391
16,8,6.5412,15.768,81.133,37.128
16,8,6.7789,15.928,83.021,38.053
16,8,7.7242,15.559,80.389,37.584
16,8,7.2054,15.685,78.889,35.453
16,8,6.5794,15.624,81.548,38.418
16,8,6.6285,15.769,80.785,37.672
16,8,6.5303,16.436,89.58,41.327
16,8,8.0487,15.461,77.429,35.397
16,8,8.8701,15.452,74.593,32.582
16,8,5.2936,15.822,79.965,35.786
16,8,5.6897,16.546,91.538,43.063
16,8,5.9121,15.635,80.795,37.807
16,8,7.8208,15.884,83.426,38.631
16,8,8.0183,15.63,79.594,36.733
16,8,4.6212,16.037,83.381,37.985
16,8,6.12,16.026,86.208,40.581
16,8,7.9072,15.644,78.28,35.321
16,8,6.8155,15.816,83.467,38.98
16,8,6.7849,15.912,83.971,39.055
16,8,5.1695,15.812,79.592,35.31
16,8,5.7173,15.931,85.746,40.389
16,8,3.4206,16.498,90.422,41.883
16,8,6.5962,15.928,80.152,35.311
16,8,6.3522,15.993,81.965,37.066
16,8,4.8073,16.196,83.513,37.716
16,8,7.174,16.009,81.706,36.045
16,8,4.9753,16.079,86.536,40.29
16,8,4.7728,16.101,86.261,39.977
16,8,6.168,16.123,83.418,37.471
16,8,5.6141,15.661,78.689,36.001
16,8,6.3505,16.021,84.432,39.304
16,8,5.0375,16.11,82.577,37.437
16,8,5.9858,16.022,85.61,40.053
16,8,4.1096,16.152,85.197,39.401
16,8,5.694,16.146,79.59,32.946
16,8,8.402,15.321,74.293,32.918
16,8,5.2671,15.992,83.742,38.687
16,8,7.894,15.933,83.109,38.428
16,8,8.4324,15.95,82.388,36.632
16,8,4.5551,16.474,85.369,37.343
16,8,6.3519,15.602,78.328,35.542
16,8,6.6743,16.363,90.742,43.47
16,8,5.1324,15.576,78.264,35.595
16,8,6.9907,15.781,82.41,37.782
16,8,6.1594,15.594,76.808,34.444
16,8,6.244,15.921,82.909,38.064
16,8,4.7251,15.941,82.107,37.201
16,8,4.564,16.468,89.25,41.441
16,8,6.857,16.351,85.808,39.015
16,8,7.3713,15.737,80.001,36.054
16,8,6.5604,15.974,83.672,38.14
16,8,5.3105,15.261,77.86,36.185
16,8,5.3141,15.574,78.49,35.863
16,8,6.8307,15.649,79.921,36.789
16,8,6.0514,15.861,81.922,37.558
16,8,7.2337,15.743,79.758,36.045
16,8,7.1567,15.824,80.483,35.835
16,8,6.0692,15.513,76.406,33.674
16,8,5.6825,16.144,82.232,36.068
16,8,5.5324,16.056,82.546,37.226
16,8,7.1805,15.781,78.194,34.335
16,8,5.6478,16.482,89.015,41.074
16,8,7.6967,16.323,84.39,37.133
16,8,5.074,15.674,79.651,35.914
16,8,5.9956,15.495,76.36,33.943
16,8,7.0245,16.439,86.006,38.669
16,8,6.3317,16.506,88.082,40.725
16,8,6.8953,16.097,88.283,42.432
16,8,7.693,15.91,82.904,38.373
16,8,8.3647,16.002,84.644,39.118
16,8,6.1551,15.474,77.858,34.92
16,8,5.6927,16.273,84.742,38.473
16,8,6.3248,15.87,84.144,38.999
16,8,6.617,15.987,83.827,38.016
16,8,5.8895,16.018,82.198,37.031
16,8,5.0993,16.565,87.237,39.286
16,8,4.8576,16.206,87.752,41.3
16,8,7.3834,15.417,77.26,35.467
16,8,5.1034,15.868,82.052,37.5
16,8,6.3211,16.279,84.004,37.495
16,8,8.1679,16.094,83.192,38.368
16,8,6.6719,16.076,81.94,36.867
16,8,8.7241,15.966,83.76,39.195
16,8,6.8876,16.15,81.774,35.777
16,8,6.1904,15.785,80.429,36.766
16,8,5.6491,15.701,77.255,33.239
16,8,8.538,16.241,86.764,40.4
16,8,4.487,15.876,82.042,37.491
16,8,5.761,15.949,81.311,36.576
16,8,6.0728,16.102,84.826,38.264
16,8,6.6471,15.698,81.817,38.185
16,8,6.0478,15.539,79.325,36.709
16,8,4.7668,15.739,79.26,35.443
16,8,7.1033,15.922,83.478,38.364
16,8,6.6283,16.223,84.938,38.205
16,8,5.9339,15.93,83.311,38.131
16,8,7.2572,16.04,82.944,37.4
16,8,5.1917,15.832,81.685,37.236
16,8,9.4456,16.49,90.316,41.838
16,8,6.5599,16.538,83.366,35.128
16,8,4.8345,16.156,84.954,38.516
16,8,6.9698,15.534,76.738,33.555
16,8,8.5051,15.754,78.315,34.478
16,8,5.5111,15.772,82.403,37.972
16,8,7.255,15.936,85.3,40.283
16,8,4.475,16.239,86.157,39.264
16,8,7.9766,15.751,80.449,36.592
16,8,5.6747,15.784,79.422,35.442
16,8,7.3741,16.15,84.282,38.823
16,8,7.8507,15.468,75.842,32.989
16,8,7.4971,15.722,78.263,34.375
16,8,7.8771,15.711,78.719,35.228
16,8,4.5278,15.857,81.863,37.755
16,8,6.8581,15.674,78.1,35.053
16,8,6.2893,16.302,86.908,39.722
16,8,5.7301,15.586,78.349,35.663
16,8,5.6915,16.017,81.808,35.857
16,8,8.5659,15.507,76.268,33.703
16,8,4.879,16.169,87.072,40.688
16,8,4.9087,16.327,87.634,40.986
16,8,6.0454,15.976,82.094,37.323
16,8,5.7001,16.406,88.902,40.841
16,8,6.9458,15.481,75.992,33.872
16,8,6.4329,15.811,79.467,35.633
16,8,7.7162,15.549,78.031,35.272
16,8,6.1417,16.061,79.615,34.028
16,8,5.1452,16.204,83.834,37.853
16,8,6.0654,15.341,76.845,35.432
16,8,4.8079,16.03,80.916,35.411
16,8,6.6432,16.235,81.316,34.215
16,8,8.7096,15.597,79.088,36.17
16,8,7.151,15.749,81.478,38.424
16,8,5.9745,16.173,83.653,37.795
16,8,7.1548,16.233,85.302,38.699
16,8,5.3038,16.275,88.599,41.466
16,8,6.3881,15.756,79.22,35.406
16,8,6.8679,16.019,82.052,36.424
16,8,9.4132,15.396,76.492,35.178
16,8,7.0745,15.925,84.542,39.458
16,8,6.45,16.144,81.542,34.683
16,8,6.2486,15.999,80.429,36.191
16,8,6.1668,15.858,81.684,36.526
16,8,4.2546,15.933,83.38,38.172
16,8,6.0525,16.017,83.208,37.939
16,8,7.7952,15.732,80.974,36.729
16,8,5.9486,15.611,78.167,35.633
16,8,6.3413,16.094,82.761,37.633
16,8,6.5181,15.597,80.23,37.073
16,8,6.4797,15.933,83.011,38.332
16,8,7.9974,15.667,79.204,36.425
16,8,5.4477,15.358,77.049,35.268
16,8,6.3174,16.056,83.515,38.012
16,8,6.3055,15.436,73.803,31.38
16,8,10.408,15.515,79.055,36.735
16,8,5.3303,15.875,80.117,35.9
16,8,7.9202,16.08,83.827,37.682
16,8,5.7676,15.584,77.09,33.714
16,8,5.2607,16.305,88.026,41.275
16,8,6.8203,15.651,80.126,36.824
16,8,7.2644,15.746,82.211,38.798
16,8,7.3018,15.592,77.513,34.819
16,8,5.7262,15.986,82.542,37.218
16,8,7.7379,15.293,74.849,33.959
16,8,6.7076,16.156,82.625,36.053
16,8,8.0296,16.076,85.523,39.804
16,8,6.6394,16.092,84.099,38.258
16,8,6.6425,15.589,77.111,34.381
16,8,7.1107,15.838,80.052,36.045
16,8,7.692,15.406,73.376,31.885
16,8,7.6753,16.049,81.417,35.295
16,8,5.3729,16.07,83.063,37.256
16,8,8.2514,15.742,80.487,36.97
16,8,5.4691,15.765,79.516,35.688
16,8,4.5674,15.793,81.035,36.884
16,8,7.4062,16.181,85.421,38.672
16,8,5.1531,16.378,89.105,41.939
16,8,8.1326,16.447,86.546,38.131
16,8,6.3972,16.534,88.407,40.083
16,8,6.3769,15.759,80.431,36.467
16,8,6.5005,16.002,84.726,39.775
16,8,6.5387,15.752,81.392,37.658
16,8,6.8996,15.595,77.383,34.234
16,8,5.3546,16.098,82,36.518
16,8,6.3938,15.609,81.631,38.789
16,8,7.2687,16.191,83.319,37.313
16,8,6.3949,15.697,79.261,36.546
16,8,6.8594,15.135,75.909,36.078
16,8,6.3776,15.825,82.193,36.659
16,8,4.8933,16.207,85.411,39.198
16,8,6.5645,16.061,85.115,39.622
16,8,5.8644,16.117,84.363,38.596
16,8,7.0813,15.702,79.898,36.319
16,8,5.5629,16.109,83.866,37.822
16,8,8.2676,16.068,81.582,35.731
16,8,6.8355,16.112,83.674,37.932
16,8,6.5593,16.048,82.247,36.845
16,8,6.367,15.734,79.707,35.677
16,8,6.6494,16.212,86.086,39.801
16,8,6.9625,15.796,80.387,35.843
16,8,5.8678,15.738,78.343,34.327
16,8,6.7972,16.171,85.767,39.057
16,8,4.4583,15.97,85.719,40.446
16,8,7.1785,15.662,82.207,38.698
16,8,5.414,15.678,81.708,38.088
16,8,5.406,16.325,88.603,42.07
16,8,7.8962,15.559,77.063,34.57
16,8,6.1789,15.575,77.318,34.668
16,8,6.5335,15.58,78.076,35.091
16,8,5.0069,16.15,83.974,37.605
16,8,6.4749,15.912,82.066,37.068
16,8,7.0884,15.939,83.807,37.824
16,8,7.2523,16.111,83.36,37.179
16,8,4.2763,16.373,89.136,41.194
16,8,5.835,15.697,78.772,35.168
16,8,8.1898,15.572,76.857,33.676
16,8,5.1581,16.058,81.757,36.562
16,8,6.3817,15.881,77.94,33.39
16,8,7.5717,15.645,81.561,38.302
16,8,8.0131,15.986,87.496,42.327
16,8,5.3875,15.688,78.981,35.808
16,9,4.5244,16.845,96.379,46.159
16,9,7.4132,16.987,97.907,46.528
16,9,7.0233,16.523,89.682,40.431
16,9,5.9793,16.455,89.171,41.458
16,9,5.6041,16.539,91.137,42.78
16,9,6.4968,16.704,94.358,44.843
16,9,5.3996,16.984,94.088,42.735
16,9,6.0689,16.512,89.345,41.203
16,9,5.5435,16.846,93.726,43.649
16,9,6.4345,17.172,100.87,48.323
16,9,7.2551,16.206,85.592,38.576
16,9,6.1144,17.002,97.29,45.488
16,9,5.4593,16.924,95.2,43.697
16,9,7.0549,16.438,88.363,39.94
16,9,8.2385,16.819,93.858,43.903
16,9,6.6637,16.316,86.615,40.237
16,9,7.0275,16.787,96.488,46.647
16,9,6.8167,16.83,93.556,43.343
16,9,5.3641,16.767,90.062,40.405
16,9,7.0253,16.794,93.159,43.339
16,9,7.0781,16.763,93.822,44.285
16,9,7.9869,16.639,90.992,41.363
16,9,7.5801,16.502,91.968,42.721
16,9,6.9088,16.273,88.205,40.1
16,9,5.5283,16.558,93.24,44.064
16,9,8.985,16.541,88.733,40.492
16,9,5.6631,16.956,99.684,48.005
16,9,7.2692,17.199,97.79,45.192
16,9,5.2699,16.652,93.598,44.941
16,9,7.1873,16.655,91.314,42.427
16,9,5.4749,16.719,94.455,44.336
16,9,7.5562,16.721,93.432,42.946
16,9,7.3816,16.448,89.395,41.527
16,9,7.4836,16.704,95.808,45.481
16,9,6.505,16.68,92.031,42.49
16,9,6.9189,16.798,95.19,45.009
16,9,5.8037,17.112,100.05,47.397
16,9,6.0009,16.951,97.746,46.531
16,9,7.0102,16.877,92.312,41.802
16,9,8.0153,16.47,90.394,41.975
16,9,5.6395,16.059,84.198,38.113
16,9,5.8316,16.414,90.687,42.341
16,9,8.125,16.725,94.689,44.742
16,9,7.625,16.797,96.925,45.904
16,9,6.9085,16.74,96.986,47.335
16,9,6.4231,16.459,88.66,40.583
16,9,6.9257,16.673,93.295,43.1
16,9,5.7048,16.846,94.169,43.742
16,9,6.1735,16.632,93.398,44.157
16,9,5.6494,16.555,90.301,41.346
16,9,3.9942,17.008,101.82,50.33
16,9,6.1003,16.754,93.846,44.46
16,9,6.6716,16.381,90.752,43.206
16,9,7.1943,16.398,91.29,43.452
16,9,7.8862,16.119,85.436,39.344
16,9,5.1039,17.142,95.889,44.272
16,9,5.4774,16.624,91.14,41.86
16,9,6.7057,16.485,94.364,45.395
16,9,8.217,16.003,83.846,38.101
16,9,6.3817,16.911,95.855,45.133
16,9,5.5928,16.297,88.599,40.957
16,9,7.7882,16.528,89.194,40.122
16,9,6.7419,16.711,88.863,38.583
16,9,5.0309,16.94,92.221,41.377
16,9,6.2266,16.502,90.107,40.91
16,9,7.3015,16.661,92.252,42.385
16,9,7.5448,17.023,96.88,45.745
16,9,5.9306,16.869,94.588,43.823
16,9,7.0774,16.326,87.221,40.454
16,9,4.8865,16.831,94.181,44.209
16,9,7.7762,16.559,91.373,42.801
16,9,5.9595,16.732,95.586,45.917
16,9,7.635,16.46,88.461,40.576
16,9,6.181,16.993,98.433,47.288
16,9,5.4536,16.9,98.67,47.489
16,9,5.6778,16.786,91.107,40.634
16,9,8.6853,16.354,89.182,42.249
16,9,5.2,17.035,94.817,43.243
16,9,7.7584,16.664,91.11,41.756
16,9,6.1085,16.939,99.305,48.482
16,9,6.3585,16.462,90.043,41.167
16,9,4.7722,16.806,93.976,43.375
16,9,5.8385,16.975,96.97,45.673
16,9,6.1442,17.084,96.869,45.419
16,9,4.651,17.025,95.796,44.277
16,9,6.8512,17.083,99.373,46.709
16,9,5.0088,16.67,94.144,44.99
16,9,5.9114,16.931,96.152,45.799
16,9,6.4111,16.911,97.069,46.31
16,9,7.9506,16.267,86.126,39.829
16,9,6.2674,17.139,99.703,46.955
16,9,5.1802,16.386,89.019,41.79
16,9,6.5826,17.111,97.385,45.67
16,9,6.3545,16.795,92.945,42.916
16,9,6.7338,16.44,89.677,41.593
16,9,5.2225,16.834,95.946,44.917
16,9,7.3185,17.091,95.59,43.547
16,9,7.9653,16.391,88.545,40.575
16,9,5.2324,16.45,92.276,43.505
16,9,4.8434,16.876,93.736,42.858
16,9,6.4776,17.15,98.144,45.134
16,9,8.0327,16.032,86.044,40.635
16,9,5.9084,17.093,101.22,49.629
16,9,6.7203,16.544,90.558,42.111
16,9,6.5544,16.995,93.327,42.169
16,9,7.3512,16.568,93.492,44.926
16,9,7.2796,16.952,95.503,44.636
16,9,6.8753,16.646,92.421,43.278
16,9,7.7178,15.944,85.126,40.025
16,9,4.6092,16.66,93.477,43.684
16,9,7.0992,16.466,91.694,43.118
16,9,5.3217,16.282,87.838,40.515
16,9,8.495,16.462,88.332,39.966
16,9,5.7742,16.993,95.644,44.028
16,9,5.7127,17.1,96.92,45.125
16,9,9.4471,16.563,91.4,42.759
16,9,4.149,17.089,96.601,44.312
16,9,8.7106,16.858,94.028,43.178
16,9,5.5625,16.967,96.424,45.456
16,9,6.7708,16.735,92.139,41.73
16,9,5.7921,16.729,93.111,43.929
16,9,6.8024,16.354,88.875,41.75
16,9,6.6179,16.683,91.729,42.369
16,9,6.488,16.587,92.51,43.276
16,9,6.6527,16.769,98.53,47.898
16,9,5.8352,16.737,93.569,43.931
16,9,8.0672,16.478,92.014,43.895
16,9,6.7883,16.428,88.587,40.608
16,9,6.0337,16.308,90.635,43.091
16,9,6.9534,16.809,95.038,44.529
16,9,7.1909,16.893,91.933,41.664
16,9,6.3501,16.695,92.507,42.637
16,9,6.748,16.73,97.548,47.766
16,9,5.3054,16.723,94.995,44.777
16,9,6.2526,17.022,96.624,45.771
16,9,6.0646,16.707,94.553,45.185
16,9,4.4619,17.22,101.29,47.897
16,9,6.2954,16.477,91.101,42.989
16,9,7.929,16.851,97.078,46.301
16,9,3.9879,17.737,108.35,52.078
16,9,4.6209,16.688,92.676,43.766
16,9,5.9928,16.655,92.131,42.921
16,9,7.5142,17.185,98.446,45.477
16,9,5.7486,17.008,94.791,43.539
16,9,4.7199,17.203,100.09,47.65
16,9,6.9196,16.963,96.499,45.659
16,9,7.2365,16.523,89.047,40.334
16,9,4.3814,16.949,97.313,45.45
16,9,5.2538,16.67,93.316,44.469
16,9,4.9765,16.78,92.862,42.729
16,9,5.277,16.519,90.29,42.058
16,9,5.5074,16.966,93.61,42.981
16,9,5.3251,16.998,99.105,48.116
16,9,7.0937,16.683,92.697,43.161
16,9,7.8841,16.344,88.17,40.666
16,9,6.3993,16.983,95.633,44.891
16,9,4.7761,16.811,95.495,44.172
16,9,6.3943,16.928,96.992,45.505
16,9,4.7854,17.512,99.798,43.657
16,9,4.9536,16.863,94.849,44.312
16,9,5.7145,17.397,98.15,44.359
16,9,8.0811,16.709,91.943,42.577
16,9,6.5758,16.329,87.775,39.781
16,9,4.8419,16.912,98.632,47.701
16,9,7.6125,16.362,89.28,41.82
16,9,6.8504,16.507,92.359,44.12
16,9,9.4975,16.698,94.192,44.363
16,9,4.8599,16.709,94.618,44.88
16,9,5.2874,16.441,89.382,40.901
16,9,6.0762,16.596,93.476,44.216
16,9,9.2926,16.277,87.782,40.493
16,9,5.7252,16.86,91.302,40.074
16,9,6.8833,16.638,87.062,37.446
16,9,7.0391,16.911,93.888,43.203
16,9,7.4073,16.446,87.739,40.078
16,9,5.2898,16.836,96.476,45.841
16,9,7.5472,16.54,90.537,41.896
16,9,5.934,16.926,94.875,44.204
16,9,5.8847,16.01,82.388,36.131
16,9,5.5306,17.141,98.784,46.016
16,9,5.0781,17.116,98.835,46.069
16,9,3.8788,16.724,94.45,44.404
16,9,6.5117,16.916,94.238,43.288
16,9,6.4704,17.148,97.165,44.953
16,9,6.8007,16.529,90.143,41.838
16,9,6.6045,16.957,95.602,44.59
16,9,5.2375,16.617,91.658,42.574
16,9,7.1735,16.637,92.227,43.338
16,9,6.104,16.817,94.301,44.303
16,9,6.029,16.92,97.641,47.128
16,9,5.8668,17.072,96.122,44.838
16,9,4.8655,17.463,101.61,47.715
16,9,5.1937,16.722,92.799,43.535
16,9,7.98,16.219,86.779,40.372
16,9,8.2057,16.031,87.343,41.772
16,9,6.8058,16.478,93.149,44.791
16,9,6.5162,16.416,88.676,40.646
16,9,4.1575,17.195,97.216,44.364
16,9,6.7004,17.295,104.13,51.142
16,9,6.3375,17.48,102.81,48.356
16,9,4.946,16.91,96.558,45.419
16,9,5.4648,16.845,94.296,43.214
16,9,5.7061,17.137,97.508,45.585
16,9,7.2453,16.848,93.615,43.387
16,9,6.5374,16.086,84.034,37.836
16,9,7.1465,16.632,95.963,46.439
16,9,5.5819,16.713,92.439,42.918
16,9,6.1887,16.989,94.205,42.791
16,9,6.7138,16.667,91.195,41.934
16,9,7.8683,16.749,95.842,45.989
16,9,7.1612,16.202,85.963,39.501
16,9,6.5665,17.26,98.689,45.839
16,9,7.1522,16.701,92.146,42.13
16,9,6.7904,16.504,91.864,43.578
16,9,6.6197,16.487,87.451,39.195
16,9,5.4654,16.608,90.986,41.185
16,9,6.7481,16.637,90.955,41.446
16,9,6.1747,17.304,101.05,47.731
16,9,4.9282,16.871,94.416,44.145
16,9,6.5126,16.825,96.151,46.442
16,9,8.3035,16.671,93.985,44.222
16,9,4.3516,17.211,97.947,46.108
16,9,5.2421,16.889,94.808,43.933
16,9,7.7183,16.151,85.212,38.869
16,9,5.0096,16.775,95.245,44.974
16,9,6.2417,16.887,94.964,44.033
16,9,6.1163,16.313,88.013,41.013
16,9,8.4544,16.722,92.916,43.279
16,9,5.2385,16.495,90.397,41.576
16,9,7.1624,16.971,97.08,46.498
16,9,4.7992,16.792,96.213,46.257
16,9,8.2405,16.9,95.697,44.407
16,9,6.5019,16.871,96.225,45.637
16,9,7.1138,16.822,93.641,43.28
16,9,7.2736,16.7,91.526,42.197
16,9,8.3651,16.739,91.552,41.832
16,9,7.5639,16.528,91.06,42.423
16,9,6.2773,16.824,96.666,46.172
16,9,6.1421,17.226,98.288,45.562
16,9,7.2833,17.063,99.176,46.765
16,9,8.4448,16.753,94.781,43.771
16,9,6.5606,16.548,90.92,41.944
16,9,5.7686,17.156,99.871,46.45
16,9,6.8357,16.583,89.734,40.984
16,9,4.6186,17.047,98.043,45.967
16,9,6.4602,16.974,97.667,46.531
16,9,5.11,16.561,92.292,44.266
16,9,6.3092,17.165,98.865,46.054
16,9,6.9519,16.303,89.8,42.063
16,9,6.7265,16.868,94.37,43.94
16,9,7.1372,16.517,90.164,41.719
16,9,7.8893,16.868,96.084,45.795
16,9,6.2599,16.635,94.528,45.365
16,9,7.6115,16.652,92.227,42.871
16,9,8.0861,16.619,94.628,45.45
16,9,5.5682,16.521,89.534,41.033
16,9,8.3473,16.564,94.066,45.21
16,9,7.918,16.621,91.481,42.389
16,9,5.9309,17.211,96.918,44.39
16,9,8.0234,16.59,90.006,41.468
16,9,5.2263,16.918,95.611,45.059
16,9,7.3375,16.48,89.815,42
16,9,7.2388,16.222,86.184,40.204
16,9,6.4745,17.191,96.318,44.255
16,9,5.5422,16.959,98.219,46.713
16,9,6.7834,16.896,91.573,40.398
16,9,4.7061,17.123,98.839,46.562
16,9,7.9723,17.193,99.441,46.21
16,9,5.2468,16.755,98.606,48.819
16,9,5.7035,16.44,89.411,41.52
16,9,6.1553,16.632,92.467,43.147
16,9,4.9477,17.008,96.412,44.895
16,9,5.5485,17.106,96.882,45.487
16,9,5.8841,16.627,91.837,42.718
16,9,6.5753,16.564,91.846,42.246
16,9,6.1389,17.011,97.882,46.645
16,9,5.277,16.585,92.769,44.339
16,9,7.1044,16.727,94.872,45.078
16,9,4.6976,16.643,94.821,46
16,9,5.3236,16.843,93.976,44.027
16,9,5.9936,16.622,93.384,43.566
16,9,6.5664,16.433,90.726,43.352
16,9,6.5168,17.159,99.913,46.267
16,9,7.0391,17.105,98.266,46.322
16,9,7.6163,16.944,98.632,47.26
16,9,6.0496,16.688,94.612,45.691
16,9,6.1729,17.095,98.034,45.462
16,9,5.3362,16.865,93.852,43.138
16,9,6.4596,16.872,96.763,46.533
16,9,8.595,16.528,92.21,43.593
16,9,8.2661,17.044,96.402,44.849
16,9,5.4467,17.085,98.844,47.061
16,9,6.382,16.849,95.079,45.363
16,9,7.7504,16.493,86.148,38.457
16,9,8.6335,16.356,88.67,41.14
16,9,5.546,16.659,95.068,44.953
16,9,6.5608,16.178,88.917,41.783
16,9,5.2402,17.169,101.53,48.173
16,9,6.0917,16.849,95.139,44.343
16,9,6.915,16.174,85.281,39.055
16,9,4.9097,16.975,95.971,44.999
16,9,5.9184,16.41,88.406,41.214
16,9,5.4753,16.368,91.646,43.808
16,9,9.7964,16.127,86.187,39.639
16,9,9.1942,16.406,87.473,40.106
16,9,8.9305,16.904,95.902,44.673
16,9,8.5137,16.725,93.859,44.53
16,9,8.0643,16.509,92.839,44.827
16,9,7.9974,16.771,93.887,44.104
16,9,5.9909,16.867,93.655,43.252
16,9,5.6392,16.301,87.387,40.963
16,9,7.3878,16.371,86.035,38.511
16,9,5.3065,16.879,96.796,45.302
16,9,6.7259,16.615,92.663,43.106
16,9,6.0146,17.482,102.11,48.263
16,9,5.9978,16.855,98,47.2
16,9,4.7578,17.852,106.1,49.621
16,9,6.0249,16.901,95.122,44.098
16,9,6.491,16.771,90.314,40.649
16,9,6.7195,16.774,93.416,43.213
16,9,3.7259,17.218,101.62,49.058
16,9,5.8641,16.492,90.095,41.398
16,9,4.3494,17.057,98.845,47.495
16,9,6.1732,16.296,87.544,40.216
16,9,6.8642,16.25,87.953,40.683
16,9,5.9732,16.655,93.802,44.106
16,9,6.5495,17.09,101.8,49.674
16,9,7.0773,16.321,87.566,40.189
16,9,4.8967,16.852,96.708,46.349
16,9,6.7847,16.553,90.125,41.531
16,9,6.6767,16.5,89.519,40.59
16,9,5.7334,16.462,91.232,43.229
16,9,6.7381,17.369,100.29,47.736
16,9,6.22,16.542,91.601,42.829
16,9,6.0589,17.212,96.632,42.687
16,9,7.6191,16.943,95.621,44.947
16,9,4.6946,16.707,93.166,43.098
16,9,6.1251,16.494,91.592,43.141
16,9,6.5896,16.482,93.465,44.866
16,9,7.292,16.779,92.517,42.529
16,9,6.3997,17.227,98.707,45.739
16,9,7.166,16.488,90.486,41.704
16,9,7.2322,16.639,94.918,45.642
16,9,6.5255,16.292,87.254,40.487
16,9,5.6204,16.457,91.543,42.558
16,9,7.3023,17.016,96.511,45.017
16,9,6.8828,16.268,88.137,41.138
16,9,7.3761,16.415,91.475,43.435
16,9,5.874,16.91,95.99,45.901
16,9,6.4171,16.038,86.871,41.259
16,9,4.5816,16.917,98.945,47.697
16,9,5.2801,16.752,95.743,45.716
16,9,6.1585,16.907,95.331,45.463
16,9,7.0926,16.457,91.548,42.961
16,9,6.1648,16.778,93.521,42.862
16,9,4.1157,17.183,102.42,49.859
16,9,7.8297,16.248,86.351,39.115
16,9,5.3871,16.536,89.732,40.646
16,9,9.6313,16.234,89.285,41.948
16,9,6.3971,16.909,98.249,46.864
16,9,10.83,16.881,94.763,43.936
16,9,5.6997,16.903,95.887,44.657
16,9,5.7818,16.891,93.888,42.892
16,9,5.8002,17.208,99.758,47.626
16,9,8.5902,16.997,93.497,42.264
16,9,6.3209,16.976,97.832,46.054
16,9,6.849,16.868,97.218,46.664
16,9,5.7301,16.964,94.614,43.431
16,9,6.6987,16.975,95.457,43.954
16,9,7.5222,16.285,87.652,40.526
16,9,6.4778,16.625,93.744,44.626
16,9,8.8783,16.408,90.998,42.726
16,9,9.062,16.454,91.241,43.137
16,9,7.131,16.485,92.873,44.977
16,9,6.9699,16.724,94.958,44.995
16,9,6.8093,16.794,95.757,45.482
16,9,5.7071,17.118,99.084,46.88
16,9,6.0132,16.94,94.223,43.36
16,9,4.8274,17.073,97.771,46.14
16,9,5.0974,16.721,92.298,42.531
16,9,6.9305,16.559,90.676,42.084
16,9,6.0139,16.564,92.86,44.835
16,9,5.2975,16.865,95.854,44.654
16,9,6.8989,16.797,89.001,38.44
16,9,5.2661,16.821,93.962,44.334
16,9,7.0586,16.633,90.438,41.307
16,9,6.6341,16.954,95.751,44.439
16,9,7.0101,16.913,96.631,45.974
16,9,6.3393,16.316,90.866,43.273
16,9,6.1297,17.014,99.654,48.246
16,9,7.0231,16.513,91.973,43.481
16,9,7.8479,16.064,85.254,39.409
16,9,6.9429,16.789,93.265,42.308
16,9,6.6279,16.449,87.589,37.664
16,9,5.4667,16.373,90.475,43.11
16,9,6.6864,16.293,90.652,43.485
16,9,5.7231,16.851,96.001,45.668
16,9,5.8062,16.77,93.511,42.89
16,9,6.9883,16.632,89.741,40.842
16,9,6.3269,17.124,96.74,44.963
16,9,7.3872,16.417,90.01,41.781
16,9,7.3113,17.124,98.201,45.801
16,9,5.0396,16.613,92.179,43.642
16,9,6.2809,17.362,100.98,46.62
16,9,6.6312,16.799,92.811,42.78
16,9,4.664,17.034,93.351,40.593
16,9,6.0496,16.353,90.564,43.168
16,9,6.5751,16.646,94.376,44.686
16,9,5.6847,16.703,93.218,44.017
16,9,8.4078,16.278,87.173,40.062
16,9,6.8619,16.982,98.811,47.425
16,9,6.8364,16.487,90.026,42.262
16,9,10.151,16.178,86.108,38.486
16,9,6.8861,16.634,91.735,41.753
16,9,7.6239,16.782,93.627,44.174
16,9,8.1291,16.366,89.669,42.054
16,9,7.3326,17.337,98.544,45.245
16,9,6.6534,16.666,91.846,42.811
16,9,7.4529,16.179,87.906,41.118
16,9,4.3205,17.021,98.466,47.125
16,9,9.3852,15.93,83.483,38.86
16,9,7.4686,16.898,95.003,44.114
16,9,9.5924,16.37,90.625,43.027
16,9,6.9836,16.297,87.144,39.676
16,9,5.8528,17.102,99.377,47.336
16,9,6.6177,16.959,98.026,46.741
16,9,9.7842,16.253,88.02,41.216
16,9,7.0219,16.581,94.421,45.429
16,9,5.5135,16.932,95.456,43.816
16,9,7.1265,16.696,95.258,46.205
16,9,5.2824,16.638,91.588,42.744
16,9,6.7036,16.329,89.103,42.001
16,9,7.1187,16.853,96.04,45.711
16,9,6.2007,16.914,94.164,43.336
16,9,6.6498,16.805,93.589,43.126
16,9,4.2487,17.234,100.08,47.204
16,9,6.7416,16.413,89.861,41.663
16,9,4.9084,17.041,97.656,46.228
16,9,4.5533,16.926,97.121,45.341
16,9,6.4774,16.413,89.577,42.295
16,9,7.9749,16.877,97.601,46.995
16,9,4.5881,16.97,98.33,46.761
16,9,7.0048,16.348,88.641,40.716
16,9,4.4389,16.881,92.332,41.949
16,9,8.3977,16.548,92.647,44.067
16,9,5.8271,17.156,100.01,48.067
16,9,5.5747,16.688,91.874,41.895
16,9,5.4867,16.855,93.906,42.965
16,9,6.0284,16.523,92.518,44.037
16,9,5.6317,17.269,101.72,48.509
16,9,5.5536,16.95,95.001,43.622
16,9,6.5922,16.977,96.688,44.704
16,9,5.6871,16.761,96.293,46.432
16,9,4.699,17.295,99.409,47.115
16,9,5.4418,16.852,97.166,46.386
16,9,5.2608,16.614,91.588,42.566
16,9,6.1515,16.672,95.027,45.867
16,9,7.9955,16.905,92.065,40.719
16,9,7.2432,16.797,93.21,43.214
16,9,6.8378,16.672,93.349,43.62
16,9,8.3537,16.267,85.507,38.597
16,9,4.0325,17.088,99.549,46.807
16,9,4.5082,16.983,96.673,45.735
16,9,7.0222,16.737,94.806,44.831
16,9,5.6262,16.229,89.953,42.753
16,9,7.696,16.862,95.327,44.682
16,9,6.1875,16.571,92.336,43.762
16,9,5.4185,16.544,93.014,44.938
16,9,7.0353,16.364,88.024,41.011
16,9,7.2131,16.925,94.959,43.714
16,9,7.3696,16.784,91.321,40.623
16,9,6.6815,16.717,91.531,42.19
16,9,6.3385,16.91,95.079,43.751
16,9,5.4067,16.497,92.158,43.762
16,9,9.2454,16.403,88.311,40.932
16,9,6.1803,16.578,92.126,42.554
16,9,7.1367,16.524,91.409,41.992
16,9,6.5552,16.498,89.567,41.281
16,9,8.0472,16.779,94.393,44.127
16,9,5.9617,16.66,94.966,44.681
16,9,6.5145,16.663,91.676,42.669
16,9,6.4189,16.498,91.402,43.914
16,9,6.0304,16.44,89.88,41.553
16,9,6.7163,16.395,88.273,40.448
16,9,6.891,16.711,92.812,42.873
16,9,6.857,17.156,97.33,44.561
16,9,5.2893,16.788,96.959,46.632
16,9,6.0551,16.31,87.907,40.955
16,9,6.2986,16.849,96.071,45.724
16,9,4.7525,16.875,94.098,42.763
16,9,7.1607,16.435,90.124,41.229
16,9,6.3508,17.084,94.132,42.509
16,9,6.1571,16.754,94.055,43.654
16,9,5.1307,16.741,95.615,45.539
16,9,5.869,16.907,94.449,43.995
16,9,7.3472,16.254,89.63,42.674
16,9,6.6561,16.126,89.894,43.547
16,9,5.7807,17.242,98.825,46.871
16,9,6.2362,17.182,97.638,45.394
16,9,10.616,16.765,94.519,44.702
16,9,8.1697,16.806,92.321,41.961
16,9,8.0717,16.854,94.21,44.094
16,9,5.3352,16.88,96.2,44.789
16,9,6.2822,16.669,91.416,42.32
16,9,7.9297,15.993,83.246,37.845
16,9,7.1297,16.552,91.764,43.398
16,9,6.1492,16.507,90.512,41.836
16,9,6.2629,16.996,96.118,45.116
16,9,5.309,16.991,97.027,46.267
16,9,4.9366,17.234,99.657,46.717
16,9,6.3819,16.755,92.074,42.978
16,9,5.3006,17.085,97.378,45.888
16,9,8.2738,16.528,91.927,43.596
16,9,8.1257,16.448,86.044,37.818
16,9,5.359,16.93,98.455,47.267
16,9,6.267,17.18,97.242,43.561
16,9,6.7736,16.751,95.734,45.175
16,9,6.1279,16.539,89.705,41.585
16,9,5.6338,16.97,96.474,45.384
16,9,7.1734,16.474,90.908,42.658
16,9,5.9366,17.208,100.18,47.33
16,9,7.7877,16.22,88.418,41.564
16,9,6.5818,16.792,92.598,42.145
16,9,5.8163,16.474,92.078,42.624
16,9,6.9732,16.607,92.194,42.826
16,9,5.1349,17.012,95.783,44.817
16,9,5.0918,16.823,94.593,43.889
16,9,5.9442,16.912,95.058,43.958
16,9,6.1291,17.145,101.36,49.357
16,9,5.1508,16.679,90.063,40.427
16,9,6.244,16.699,94.68,45.228
16,9,7.6673,16.64,94.376,45.415
16,9,7.038,17.046,98.556,47.354
16,9,6.1104,16.563,91.254,42.747
16,9,5.3231,17.427,104.24,49.909
16,9,6.4804,16.397,89.258,40.759
16,9,7.6806,16.661,91.381,42.641
16,9,7.0216,16.654,92.86,44.145
16,9,5.7177,16.722,94.811,44.664
16,9,6.8853,16.479,91.746,43.562
16,9,5.5309,16.605,90.265,41.028
16,9,7.4499,16.61,91.367,42.602
16,9,5.0536,17.497,101.16,47.026
16,9,6.7363,16.935,93.667,43.198
16,9,6.9455,16.972,97.226,45.624
16,9,5.4568,16.9,96.447,45.725
16,9,7.4792,16.122,83.034,37.02
16,9,7.1748,16.673,93.343,43.062
16,9,7.4662,16.568,93.803,45.067
16,9,6.1998,17.017,99.414,48.295
16,9,7.3128,17.086,103.33,50.913
16,9,5.8224,16.667,93.963,44.142
16,9,5.3832,16.84,99.169,49.038
16,9,6.6422,16.711,90.958,41.655
16,9,6.3948,16.534,91.127,42.723
16,9,8.2934,16.557,89.053,37.876
16,9,5.3902,17.283,100.14,46.384
16,9,8.662,16.222,89.183,41.685
16,9,8.0802,16.432,87.235,40.02
16,9,4.3562,17.687,107.34,50.719
16,9,6.7383,16.57,89.668,39.747
16,9,6.5893,16.544,90.44,42.011
16,9,8.9989,16.579,91.409,42.166
16,9,7.0333,16.343,89.197,41.777
16,9,4.739,16.897,92.602,41.714
16,9,7.7424,16.458,90.221,41.697
16,9,9.302,16.556,91.509,43.125
16,9,8.8415,16.261,90.228,42.816
16,9,6.9606,16.712,95.396,46.334
16,9,6.5235,16.346,88.766,41.409
16,9,7.1646,16.91,94.931,44.647
16,9,8.038,16.897,96.837,46.17
16,9,6.1512,17.08,99.066,46.817
16,9,6.9994,16.569,90.707,41.875
16,9,5.3999,17.222,102.29,49.425
16,9,6.8305,16.353,88.182,41.049
16,9,6.0117,16.624,92.051,43.687
16,9,5.9573,16.81,96.055,45.353
16,9,4.5375,17.544,99.882,45.778
16,9,6.7901,16.64,90.61,41.487
16,9,9.5313,16.309,89.762,42.443
16,9,11.336,16.319,88.868,41.731
16,9,6.6228,16.612,91.408,42.328
16,9,7.4215,17.02,96.89,45.006
16,9,6.1454,16.373,91.719,44.11
16,9,5.2848,16.794,92.644,42.139
16,9,7.2666,16.852,94.38,43.68
16,9,6.5407,16.745,94.085,43.859
16,9,6.0556,16.745,92.363,42.958
16,9,7.0192,16.718,94.894,45.272
16,9,8.1466,16.653,93.242,44.228
16,9,8.671,16.378,89.943,42.029
16,9,6.6727,17.011,95.765,44.838
16,9,5.8478,16.801,93.512,42.716
16,9,4.8253,17.068,97.325,45.698
16,9,8.3688,16.79,97.924,47.714
16,9,6.7774,16.491,87.693,39.725
16,9,8.1809,16.343,90.385,42.929
16,9,5.733,16.853,94.562,42.912
16,9,8.6865,17.124,96.963,44.577
16,9,7.5228,16.589,90.906,42.833
16,9,5.6786,17.203,98.216,45.011
16,9,5.9259,16.761,92.999,42.437
16,9,5.9138,16.527,89.607,40.481
16,9,6.1388,16.916,97.01,45.926
16,9,7.9702,16.271,88.769,41.729
16,9,7.9779,16.32,87.171,39.969
16,9,5.056,17.001,96.851,46.036
16,9,5.1576,17.055,97.414,45.777
16,9,5.6225,16.499,89.928,41.298
16,9,6.4156,16.925,95.054,43.873
16,9,5.8057,16.82,95.281,43.963
16,9,4.6898,17.324,102.27,48.6
16,9,4.5339,16.827,92.331,41.894
16,9,5.8143,16.869,98.558,47.71
16,9,9.3828,16.043,82.523,37.139
16,9,5.8847,17.141,99.028,47.24
16,9,5.0218,16.836,93.216,41.952
16,9,5.6946,17.106,100.7,48.783
16,9,6.4921,16.93,95.988,45.627
16,9,6.4842,16.627,95.877,46.083
16,9,8.7154,16.347,89.854,42.22
16,9,6.9162,16.399,86.469,38.972
16,9,6.4616,16.684,93.351,44.699
16,9,7.3634,16.802,96.952,46.15
16,9,7.4245,16.863,93.735,43.039
16,9,6.8702,16.996,95.972,44.268
16,9,6.6297,16.407,88.152,40.101
16,9,6.184,17.137,100.64,47.855
16,9,5.1446,17.056,97.727,45.867
16,9,5.1978,17.03,97.33,46.236
16,9,4.1944,17.001,99.297,47.62
16,9,7.4899,16.198,88.5,42.39
16,9,9.2843,16.056,86.463,40.566
16,9,8.9164,16.144,85.05,39.51
16,9,5.1637,16.968,97.754,45.475
16,9,6.1555,16.609,93.625,44.417
16,9,7.1521,16.837,97.266,47.095
16,9,7.9567,16.635,93.608,44.309
16,9,7.3588,16.518,90.95,42.834
16,9,7.7251,16.781,92.913,43.144
16,9,5.0244,16.917,96.451,45.554
16,9,7.0074,17.069,95.819,44.128
16,9,6.0903,17.139,98.923,47.082
16,9,7.8955,16.909,95.892,44.993
16,9,6.4049,16.767,93.501,43.925
16,9,8.2782,17.069,95.546,43.379
16,9,5.2628,17.127,97.372,44.674
16,9,6.3109,16.379,88.948,40.938
16,9,6.3962,17.098,99.167,46.91
16,9,6.1177,16.78,94.818,45.151
16,9,5.7357,16.725,90.888,41.132
16,9,4.3923,16.972,95.818,43.223
16,9,6.2664,16.807,95.957,46.146
16,9,6.0297,17.055,96.517,45.283
16,9,7.8082,15.941,84.269,38.868
16,9,5.3881,16.578,90.767,41.958
16,9,5.9281,16.429,88.457,40.329
16,9,6.6622,16.529,90.265,41.979
16,9,6.4061,17.112,97.309,45.535
16,9,5.9486,16.763,96.758,46.465
16,9,7.6373,16.956,94.109,43.493
16,9,7.6438,16.499,88.626,40.299
16,9,8.012,16.656,88.987,39.648
16,9,6.5931,16.317,87.927,40.159
16,9,6.2546,17.024,97.31,45.537
16,9,5.9408,16.894,96.449,45.968
16,9,6.2221,16.877,95.432,45.096
16,9,7.5202,16.55,91.848,43.169
16,9,5.7626,16.872,92.36,41.858
16,9,5.1051,16.995,97.122,45.738
16,9,5.9696,17.037,98.825,47.229
16,9,5.6215,16.925,96.302,45.196
16,9,5.989,16.607,92.412,43.519
16,9,7.1445,16.486,91.192,42.909
16,9,5.3574,16.7,95.502,45.948
16,9,6.9457,16.921,95.556,43.637
16,9,7.3555,16.633,94.937,45.288
16,9,6.6558,16.538,90.991,41.411
16,9,6.7428,17.191,98.13,45.229
16,9,5.4368,16.925,96.179,45.498
16,9,6.5828,16.927,96.442,45.908
16,9,6.6639,16.82,94.453,43.926
16,9,5.8368,16.866,95.5,45.457
16,9,6.606,16.513,89.432,40.676
16,9,4.5823,17.256,100.29,47.137
16,9,5.6026,16.748,92.342,42.018
16,9,8.413,16.291,90.265,43.143
16,9,6.4895,16.623,92.938,43.642
16,9,6.9955,16.408,91.01,42.955
16,9,7.4045,16.415,86.643,39.205
16,9,9.3291,16.38,86.2,38.291
16,9,5.7132,16.634,93.881,44.476
16,9,6.1262,17.345,98.331,45.683
16,9,7.2951,16.451,88.9,41.288
16,9,5.6338,17.017,95.472,43.045
16,9,5.7323,17.298,103.08,50.724
16,9,6.1124,16.845,96.798,46.384
16,9,8.071,16.26,86.552,39.057
16,9,6.4822,16.554,88.739,39.572
16,9,5.239,16.779,95.067,44.647
16,9,5.4224,16.842,95.692,45.429
16,9,6.7081,16.848,92.589,42.952
16,9,5.9064,16.657,94.061,44.235
16,9,5.6512,17.541,103.28,48.21
16,9,6.762,16.824,93.963,42.784
16,9,6.6521,16.864,95.857,45.488
16,9,5.7155,17.104,97.174,44.933
16,9,6.5621,17.077,97.627,45.563
16,9,6.5755,16.456,92.378,44.739
16,9,6.7713,16.574,94.282,44.554
16,9,6.2637,16.846,94.89,44.736
16,9,7.423,16.684,94.279,44.372
16,9,5.3736,16.893,96.86,45.518
16,9,5.6602,16.696,94.366,44.877
16,9,5.5792,16.886,97.619,46.201
16,9,5.497,16.421,92.168,44.342
16,9,7.7192,16.446,91.031,42.432
16,9,6.696,16.414,89.553,40.898
16,9,7.0465,16.739,93.184,43.418
16,9,5.9226,16.47,90.531,42.66
16,9,6.626,16.71,93.872,43.607
16,9,5.8019,16.779,95.972,45.152
16,9,5.2244,16.823,96.375,46.354
16,9,7.9486,16.813,94.376,43.693
16,9,4.0525,16.773,92.657,42.277
16,9,6.7323,16.667,92.695,43.242
16,9,8.7857,16.297,88.431,41.523
16,9,6.0378,16.58,94.394,45.138
16,9,7.6512,17.147,100.2,47.29
16,9,6.1416,16.613,92.654,44.008
16,9,6.7819,16.6,91.019,42.584
16,9,6.1142,16.677,90.806,41.839
16,9,4.3639,16.965,97.775,46.67
16,9,5.5521,17.076,97.728,45.654
16,9,7.0691,16.528,89.966,41.337
16,9,8.1036,16.595,91.547,42.315
16,9,5.4653,16.66,92.06,41.729
16,9,7.2714,16.365,89.968,41.759
16,9,4.9789,16.734,92.681,42.521
16,9,6.2057,16.378,88.79,40.573
16,9,5.0604,16.981,96.83,45.545
16,9,4.3158,17.676,104.99,49.147
16,9,5.2822,17.262,98.259,45.489
16,9,6.2771,16.642,94.327,45.38
16,9,6.8887,16.579,92.756,44.138
16,9,8.6284,16.082,85.731,40.028
16,9,5.7534,16.779,96.693,46.929
16,9,5.2746,16.317,88.104,40.879
16,9,4.6956,17.203,99.677,46.269
16,9,6.399,17.183,96.383,44.157
16,9,5.8619,16.334,89.35,41.661
16,9,6.3304,16.014,84.724,39.182
16,9,6.596,16.853,93.3,42.481
16,9,7.2818,16.482,91.001,42.369
16,9,6.3208,16.451,86.188,37.843
16,9,5.4312,17.205,98.631,45.321
16,9,5.7023,16.39,91.422,43.062
16,9,6.1288,16.821,94.33,43.207
16,9,7.6399,16.377,90.036,42.257
16,9,5.4548,16.943,92.934,42.043
16,9,6.5346,16.635,90.05,41.347
16,9,7.6253,16.607,91.896,42.438
16,9,7.5319,16.427,89.524,41.666
16,9,6.113,17.184,99.221,46.456
16,9,6.905,16.711,93.149,43.263
16,9,8.2916,16.467,89.121,40.791
16,9,5.7503,17.33,101.41,47.842
16,9,6.4148,16.533,89.926,41.134
16,9,6.7662,16.482,88.404,40.456
16,9,7.1725,16.87,95.858,45.704
16,9,7.2709,16.405,89.107,41.374
16,9,7.417,16.387,87.492,40.172
16,9,6.341,16.945,98.369,46.644
16,9,6.7701,16.834,94.695,44.633
16,9,6.5896,17.294,99.659,45.901
16,9,6.2132,16.605,92.541,43.965
16,9,6.0265,17.01,97.982,45.969
16,9,5.7614,17.476,99.148,44.663
16,9,5.799,16.361,89.052,41.286
16,9,6.2496,17.06,95.718,44.285
16,9,7.6436,16.211,85.822,38.766
16,9,5.8899,16.597,94.67,45.757
16,9,4.8103,16.823,91.609,41.025
16,9,6.363,16.677,95.27,46.194
16,9,5.8939,16.922,95.137,44.513
16,9,7.0368,17.269,98.22,45.241
16,9,7.6499,16.877,93.264,42.59
16,9,8.0065,16.722,93.099,43.317
16,9,8.7143,16.277,90.546,43.906
16,9,6.8098,16.331,89.223,41.998
16,9,7.038,17.051,98.395,46.702
16,9,6.1158,16.711,92.907,42.492
16,9,6.6512,16.482,91.403,42.967
16,9,6.6805,16.826,95.849,45.425
16,9,5.259,16.979,98.116,46.983
16,9,7.3318,16.46,91.725,43.521
16,9,5.4969,17.085,94.79,42.897
16,9,6.585,17.253,98.78,46.053
16,9,8.5668,16.865,97.867,48.022
16,9,6.2887,16.811,95.763,45.23
16,9,6.3772,16.262,87.552,40.495
16,9,6.3019,16.854,93.792,42.979
16,9,6.049,16.602,90.363,41.096
16,9,5.4708,16.593,92.684,43.033
16,9,7.0941,16.997,97.681,46.526
16,9,5.3942,16.856,97.93,47.394
16,9,6.2872,16.44,89.56,41.551
16,9,8.3536,16.856,94.749,43.854
16,9,5.2421,17.336,105.36,51.309
16,9,5.0686,16.819,96.05,45.94
16,9,4.6747,16.815,95.209,45.092
16,9,5.7277,17.214,98.753,46.271
16,9,5.2125,16.737,95.787,46.326
16,9,6.3268,16.682,92.687,42.828
16,9,5.288,17.319,99.429,45.386
16,9,6.7908,16.54,93.317,44.981
16,9,6.8941,16.504,90.214,41.432
16,9,6.3252,16.199,89.402,42.525
16,9,5.297,16.98,94.082,42.605
16,9,5.8127,16.878,93.814,43.618
16,9,7.0339,16.607,92.506,43.675
16,9,4.6003,17.04,96.154,44.756
16,9,5.4144,16.718,95.156,45.636
16,9,4.5899,16.549,92.036,43.073
16,9,7.5357,16.639,89.405,39.871
16,9,7.2792,16.848,95.667,45.074
16,9,8.1768,16.787,93.233,43.098
16,9,7.1964,16.526,88.811,39.977
16,9,6.9474,17.135,98.296,46.08
16,9,6.2035,16.788,97.181,46.584
16,9,5.4729,16.633,93.958,45.143
16,9,5.6934,16.625,91.402,42.317
16,9,6.5045,16.449,88.935,41.326
16,9,7.6594,16.914,98.254,47.158
16,9,7.0308,15.87,79.892,34.2
16,9,6.7476,16.456,89.752,41.894
16,9,6.0278,16.139,91.188,44.644
16,9,7.4954,16.705,91.672,42.457
16,9,6.9166,16.231,86.12,39.578
16,9,5.6049,16.779,94.372,44.726
16,9,7.3893,16.805,95.051,45.553
16,9,7.7538,16.161,87.015,40.794
16,9,7.7204,16.431,90.115,42.146
16,9,6.45,16.92,94.883,44.03
16,9,5.9978,16.669,93.698,45.184
16,9,7.0496,16.817,97.096,47.041
16,9,9.6482,16.313,91.334,44.58
16,9,10.664,16.17,85.442,39.534
16,9,8.7729,16.476,86.439,37.756
16,9,7.644,16.742,90.689,40.863
16,9,7.7063,16.098,84.305,37.949
16,9,5.2776,16.798,93.925,43.527
16,9,6.388,16.757,94.301,44.448
16,9,6.3471,16.174,89.248,42.476
16,9,4.3212,16.77,96.573,46.345
16,9,6.2029,16.703,92.714,43.089
16,9,6.4311,17.133,100.77,48.652
16,9,6.8222,16.63,91.692,42.213
16,9,6.2259,17.235,99.407,46.702
16,9,7.407,16.142,86.164,39.279
16,9,7.8767,16.338,87.654,40.457
16,9,6.8166,16.526,90.546,42.462
16,9,8.6134,16.606,93.299,44.726
16,9,4.9019,17.085,99.075,46.831
16,9,5.982,16.793,93.811,43.437
16,9,6.6544,16.845,93.175,42.652
16,9,5.4606,17.392,99.818,46.689
16,9,5.7481,17.383,100.03,46.894
16,9,8.3023,16.466,90.962,42.029
16,9,6.2895,16.59,92.032,43.365
16,9,4.4382,16.527,91.181,42.291
16,9,6.3489,17.145,96.804,43.322
16,9,5.6313,17.561,103.12,48.234
16,9,6.3651,16.454,92.138,43.353
16,9,8.3391,16.212,87.071,40.075
16,9,6.6442,16.604,94.31,44.523
16,9,4.6641,17.243,99.586,45.985
16,9,8.2853,16.253,82.44,36.234
16,9,7.2462,16.299,87.778,40.288
16,9,5.4761,17.109,100.65,48.318
16,9,6.904,16.757,95.04,45.207
16,9,5.0291,16.479,90.963,42.647
16,9,6.7422,16.634,91.326,42.059
16,9,5.7588,16.652,91.335,41.966
16,9,5.6291,16.713,94.841,45.126
16,9,5.6587,16.622,91.623,41.865
16,9,5.8873,16.743,94.028,43.14
16,9,6.7968,16.781,92.605,42.769
16,9,8.9253,16.679,91.476,42.268
16,9,8.1239,16.764,92.26,41.857
16,9,6.078,16.714,94.082,44.395
16,9,5.8345,16.963,97.239,46.764
16,9,5.7453,16.371,86.432,38.214
16,9,4.6319,16.435,89.445,41.621
16,9,5.5475,16.695,93.586,44.443
16,9,6.4672,16.315,87.991,40.578
16,9,6.4985,17.087,99.487,47.712
16,9,6.7928,16.658,91.776,41.895
16,9,4.4747,16.72,95.381,45.336
16,9,6.3401,16.706,93.888,43.197
16,9,4.1565,17.141,99.146,46.903
16,9,6.2117,16.917,97.866,47.356
16,9,5.6216,16.986,93.026,41.333
16,9,6.3059,16.313,87.767,40.628
16,9,6.5828,16.727,94.151,44.631
16,9,7.693,16.377,90.745,43.477
16,9,6.6778,16.653,95.139,45.732
16,9,5.9276,16.925,92.898,41.568
16,9,7.3907,16.476,89.971,41.526
16,9,6.6176,16.672,93.504,42.994
16,9,7.0811,16.777,91.126,40.671
16,9,8.0691,16.726,95.881,46.108
16,9,6.279,16.754,91.922,41.121
16,9,4.9249,17.046,97.076,46.17
16,9,5.7179,16.771,93.601,43.464
16,9,4.8856,17.211,100.21,47.389
16,9,6.7611,16.315,89.504,41.608
16,9,5.2989,16.196,89.465,42.772
16,9,8.7639,16.418,90.493,42.838
16,9,7.6678,17.114,96.941,45.102
16,9,4.9928,16.921,95.657,44.559
16,9,5.5905,17.194,98.959,46.507
16,9,7.7016,16.67,92.605,43.308
16,9,6.6295,17.275,100.6,47.718
16,9,5.6706,16.762,95.254,45.48
16,9,5.3432,16.399,85.169,37.047
16,9,6.6306,16.384,90.011,42.632
16,9,6.0953,16.919,96.72,45.914
16,9,6.4061,16.969,96.972,45.681
16,9,7.0312,16.953,92.109,40.901
16,9,5.5141,16.629,94.595,45.287
16,9,5.4765,16.575,94.739,45.739
16,9,7.4683,16.156,88.567,41.879
16,9,4.3842,16.875,94.317,43.81
16,9,5.8003,17.01,93.478,40.933
16,9,7.8462,16.792,97.197,47.62
16,9,5.7328,17.131,99.368,47.407
16,9,6.4789,17.174,96.519,42.882
16,9,5.3343,16.666,90.248,39.412
16,9,7.3927,16.595,90.74,42.131
16,9,7.3074,16.609,94.077,45.068
16,9,5.4546,16.243,86.553,40.143
16,9,6.8167,17.187,100.32,47.918
16,9,8.5938,16.526,92.295,43.034
16,9,7.5028,16.779,94.497,44.682
16,9,8.2911,16.755,96.9,46.592
16,9,5.2132,17.351,100.56,47.442
16,9,5.156,17.063,94.823,43.862
16,9,6.0764,16.793,95.005,44.809
16,9,5.5384,16.939,94.408,44.049
16,9,7.2184,16.39,92.658,44.916
16,9,5.2225,16.821,95.477,45.749
16,9,6.9618,17.223,102.14,49.443
16,9,6.3867,16.38,92.168,44.09
16,9,5.728,16.366,91.786,44.015
16,9,4.1693,17.183,98.794,46.921
16,9,6.5222,16.885,92.353,41.7
16,9,6.1606,17.158,97.77,44.726
16,9,6.664,16.971,95.789,44.684
16,9,5.9553,16.674,92.867,43.61
16,9,8.8444,16.485,90.62,42.781
16,9,5.2598,17.162,94.887,42.094
16,9,6.7235,16.812,93.51,43.427
16,9,6.7134,16.476,90.575,41.561
16,9,5.494,16.984,99.401,48.51
16,9,8.5387,17.15,95.876,43.545
16,9,4.7848,17.039,97.879,45.877
16,9,6.5924,16.576,92.363,42.997
16,9,7.1212,17.092,97.877,45.821
16,9,6.5885,16.759,96.018,46.591
16,9,6.0612,16.702,93.524,44.198
16,9,6.4049,17.293,100.43,46.72
16,9,6.3893,16.728,93.485,43.628
16,9,8.8199,16.871,94.234,43.877
16,9,5.9185,16.89,94.839,44.78
16,9,6.1638,16.967,97.741,45.906
16,9,4.851,17.038,97.822,46.435
16,9,5.9598,17.016,95.459,44.792
16,9,5.7667,16.947,95.17,44.331
16,9,5.4459,17.088,99.066,46.602
16,9,8.1257,16.225,86.592,39.597
16,9,3.9482,16.896,95.071,43.873
16,9,8.2881,16.332,90.555,43.192
16,9,6.7358,16.732,94.646,44.582
16,9,5.6025,16.924,96.719,46.057
16,9,7.2594,16.566,95.029,45.926
16,9,5.5392,16.822,93.668,43.38
16,9,6.5231,17.133,99.62,47.433
16,9,6.3582,16.526,90.497,42.186
16,9,5.1242,17.254,100.6,46.733
16,9,5.6089,16.64,91.9,42.506
16,9,5.7119,16.503,90.265,41.848
16,9,6.1365,16.631,93.067,43.856
16,9,6.2909,16.311,90.539,43.57
16,9,5.4608,16.904,96.024,45.433
16,9,7.7293,16.603,92.224,42.982
16,9,5.557,16.684,92.206,43.8
16,9,6.2295,16.793,95.279,45.364
16,9,6.7337,16.841,92.441,42.459
16,9,6.9225,16.541,91.098,42.454
16,9,5.2015,16.869,95.48,44.959
16,9,5.9364,16.89,96.383,45.744
16,9,7.4412,17.018,97.806,46.024
16,9,5.2064,16.734,93.005,43.867
16,9,9.1719,16.244,88.705,41.911
16,9,7.6094,16.844,97.187,46.989
16,9,7.1289,16.461,90.88,42.163
16,9,7.2153,16.858,92.596,41.832
16,9,4.6696,17.39,100.55,46.441
16,9,5.6944,17.101,94.677,42.619
16,9,7.0324,16.579,92.528,43.246
16,9,7.1465,16.705,92.231,41.935
16,9,5.3373,16.946,96.266,44.999
16,9,7.4369,16.341,90.552,42.719
16,9,5.8663,16.572,92.317,43.536
16,9,7.6175,16.665,94.199,45.178
16,9,5.0961,17.137,96.012,44.184
16,9,8.0923,16.127,86.436,40.071
16,9,4.1155,17.106,99.069,47.041
16,9,5.3627,17.393,102.65,48.178
16,9,4.2286,17.248,100.93,48.233
16,9,6.8908,16.556,90.057,41.557
16,9,6.2368,16.087,88.069,42.378
16,9,5.6337,16.519,90.463,41.527
16,9,8.7777,16.819,96.274,46.095
16,9,5.6752,17.439,99.927,45.243
16,9,5.7251,16.834,96.772,45.984
16,9,8.0131,16.694,92.976,43.185
16,9,4.066,18.3,112.34,53.237
16,9,5.8748,16.465,91.159,42.518
16,9,5.2331,17.26,99.714,46.689
16,9,7.1156,16.501,94.247,45.402
16,9,6.5148,16.494,89.577,40.676
16,9,5.4445,17.338,97.884,44.151
16,9,6.034,16.51,93.247,44.576
16,9,5.7333,16.966,96.238,45.067
16,9,7.6214,16.666,93.389,43.713
16,9,6.3719,16.451,91.706,43.392
16,9,7.2822,16.178,86.606,39.649
16,9,6.7435,16.349,84.799,37.232
16,9,5.1851,17.025,95.613,44.194
16,9,5.5588,16.287,87.144,40.015
16,9,7.5036,16.501,90.843,42.775
16,9,7.8162,16.731,96.689,46.63
16,9,6.3078,16.931,98.01,46.651
16,9,5.1808,16.77,92.9,42.792
16,9,5.4325,17.063,99.448,47.954
16,9,7.3027,16.826,94.814,44.105
16,9,6.6421,16.742,92.692,42.96
16,9,9.46,15.857,84.308,39.753
16,9,9.4176,16.375,87.756,39.712
16,9,7.0708,16.346,89.438,41.687
16,9,4.8954,16.584,92.126,43.351
16,9,4.3898,17.335,102.52,48.702
16,9,6.7136,16.922,95.446,44.592
16,9,7.0344,16.758,92.965,42.335
16,9,5.3186,16.68,92.085,42.861
16,9,5.1065,16.712,96.136,46.716
16,9,6.3558,17.067,99.656,47.118
16,9,7.3141,16.231,86.775,39.929
16,9,6.3016,16.604,91.24,42.753
16,9,5.7967,16.699,91.97,42.424
16,9,6.4261,17.087,98.58,46.776
16,9,8.6231,17.078,96.251,44.726
16,9,7.2523,16.214,88.277,41.111
16,9,5.0154,17.007,97.849,45.774
16,9,7.4446,16.986,93.646,42.365
16,9,5.2905,16.432,90.129,42.209
16,9,6.6839,16.751,94.63,44.84
16,9,5.9607,16.445,88.542,40.659
16,9,8.3028,16.644,93.924,44.227
16,9,7.5631,16.517,91.003,42.181
16,9,7.8554,16.749,93.613,43.514
16,9,5.8806,16.598,91.717,42.488
16,9,5.2685,16.505,90.054,39.935
16,9,7.4732,16.831,95.643,45.302
16,9,5.2958,17.121,100.21,48.675
16,9,5.3915,16.839,94.792,44.347
16,9,5.153,17.153,99.958,47.09
16,10,6.171,17.484,105.91,51.092
16,10,5.4367,17.383,100.85,47.108
16,10,6.5954,17.677,106.52,50.683
16,10,9.8438,16.89,94.921,43.656
16,10,6.8288,17.645,107.71,51.381
16,10,6.4842,17.393,102.94,49.175
16,10,5.7912,17.278,101.15,48.235
16,10,4.6655,17.762,108.89,52.612
16,10,5.7664,17.372,100.98,47.226
16,10,7.0661,17.084,100.19,47.759
16,10,5.5274,17.482,104.63,49.834
16,10,6.1998,17.412,107.09,52.498
16,10,8.1309,16.937,102.74,51.216
16,10,5.9796,17.322,102.96,49.59
16,10,5.0027,17.498,105.29,50.782
16,10,7.5202,17.059,97.554,45.971
16,10,7.5657,17.395,101.63,46.908
16,10,7.1029,18.034,111.68,53.86
16,10,5.5456,17.21,100.46,47.908
16,10,6.174,17.922,110.04,52.602
16,10,5.3738,17.5,101.22,46.653
16,10,7.0277,16.973,98.249,46.867
16,10,7.5365,17.334,103.53,50.036
16,10,6.5678,17.201,99.597,47.363
16,10,7.5231,17.514,106.45,52.006
16,10,6.8578,16.786,97.011,47.338
16,10,6.7801,17.32,100.72,47.126
16,10,5.6215,17.658,110.28,54.592
16,10,6.2754,17.243,101.31,47.265
16,10,6.2498,17.36,103.9,51.027
16,10,5.5481,17.468,105.54,51.653
16,10,5.9459,17.578,105.56,50.305
16,10,5.2776,17.554,105.06,50.178
16,10,4.5045,17.129,97.909,45.673
16,10,6.5361,17.49,105.7,50.945
16,10,8.825,17.597,101.08,45.593
16,10,9.3576,17.244,103.27,49.787
16,10,7.4838,17.796,107.78,51.015
16,10,5.0979,17.855,109.04,51.549
16,10,7.3669,17.175,99.376,47.429
16,10,5.3352,17.514,104.17,49.179
16,10,7.6526,16.846,95.193,44.765
16,10,6.0406,17.429,105.11,50.89
16,10,6.0865,16.992,97.52,45.87
16,10,5.182,17.799,104.45,48.113
16,10,7.3518,17.163,103.27,50.182
16,10,6.0581,17.418,104.02,49.724
16,10,6.9442,17.31,104.44,50.962
16,10,6.443,17.296,103.89,49.427
16,10,6.4318,17.484,104,49.475
16,10,5.1036,17.128,101.39,48.902
16,10,5.0666,17.794,111.4,54.782
16,10,8.9562,17.3,99.678,45.761
16,10,7.0644,16.888,96.662,45.465
16,10,4.5181,17.527,106.99,51.714
16,10,7.6555,17.82,105.82,48.499
16,10,9.1211,17.269,102.25,48.725
16,10,7.3658,17.328,104.66,50.797
16,10,5.6226,17.386,102.36,48.079
16,10,7.4011,17.329,105.61,51.745
16,10,7.3719,17.492,107.62,52.44
16,10,7.9531,17.372,105.6,51.739
16,10,6.7698,17.735,108.02,51.227
16,10,5.836,17.583,104.14,49.492
16,10,5.3452,17.994,112.51,54.413
16,10,6.6369,17.707,108.68,52.517
16,10,7.1687,17.275,102.94,48.791
16,10,6.5423,17.486,106.27,51.562
16,10,8.4862,17.272,103.41,50.275
16,10,6.5657,17.369,102.77,47.918
16,10,5.8999,17.191,98.864,46.284
16,10,5.4374,17.719,105.74,49.261
16,10,6.2072,17.616,108.56,53.37
16,10,8.6207,16.857,95.649,44.803
16,10,6.4979,17.63,109.74,53.772
16,10,5.0955,17.517,106.9,52.312
16,10,8.6221,17.246,99.213,45.535
16,10,4.8356,17.509,103.87,48.543
16,10,5.9824,17.444,107.28,52.339
16,10,4.5887,17.909,109.88,52.584
16,10,7.7487,16.63,93.379,44.029
16,10,4.8597,17.599,107.9,52.353
16,10,5.6754,17.703,108.47,52.411
16,10,7.4827,18.009,113.92,55.488
16,10,6.5108,17.586,108.52,52.688
16,10,6.6885,17.623,104.74,49.106
16,10,6.7582,17.278,100.89,47.223
16,10,6.3193,17.508,105.07,50.221
16,10,7.4994,17.245,103.35,50.118
16,10,7.4223,17.687,106.82,51.274
16,10,8.8363,17.173,101.86,49.194
16,10,6.3521,17.651,106.71,50.504
16,10,7.2025,17.325,101.92,48.187
16,10,5.0969,17.749,105.66,49.995
16,10,7.1395,17.428,102.07,47.581
16,10,5.1079,17.357,99.967,46.67
16,10,7.711,17.271,97.95,44.12
16,10,8.3494,17.266,102.17,49.318
16,10,5.4947,17.447,104.24,49.887
16,10,5.522,17.609,106.56,51.82
16,10,6.9527,17.436,104.43,49.365
16,10,7.3873,17.319,104.29,50.996
16,10,6.1182,17.422,105.95,52.027
16,10,8.6919,17.584,105.35,50.434
16,10,8.0716,17.03,96.749,45.522
16,10,5.2683,17.605,108.11,52.008
16,10,5.3277,17.201,100.87,47.301
16,10,5.259,17.539,105.59,51.051
16,10,7.7966,17.376,101.71,47.935
16,10,5.8058,17.503,106.31,51.615
16,10,7.429,17.957,111.57,53.295
16,10,4.8561,17.644,105.93,49.945
16,10,4.5963,17.688,106.23,50.675
16,10,6.2675,17.654,107.65,50.945
16,10,5.1251,17.734,105.7,49.728
16,10,6.0372,17.903,111.15,53.575
16,10,4.8997,17.733,106.67,49.786
16,10,6.723,17.821,108.58,52.826
16,10,4.2409,17.482,104.83,50.467
16,10,6.0536,17.639,105.8,49.679
16,10,5.2802,17.822,109.78,52.699
16,10,4.6995,17.743,109.14,52.067
16,10,6.6097,17.413,104.91,50.385
16,10,5.3488,18.045,112.43,53.824
16,10,5.5843,17.903,110.56,52.975
16,10,9.8604,16.633,93.987,44.415
16,10,5.7561,17.915,111.92,54.63
16,10,5.5742,17.353,104.8,50.882
16,10,7.6697,17.996,113.25,55.593
16,10,5.8718,17.812,109.64,52.482
16,10,8.1843,17.064,95.296,43.3
16,10,7.1847,17.589,109.8,53.706
16,10,5.7608,17.946,109.73,51.584
16,10,5.6154,17.777,111.16,54.767
16,10,6.5431,17.387,101.52,47.319
16,10,6.1649,17.441,101.81,47.801
16,10,6.897,17.321,105.94,52.45
16,10,6.4198,16.869,97.574,45.949
16,10,5.3463,17.206,99.174,45.565
16,10,7.6096,17.269,103.14,49.614
16,10,7.0535,17.065,97.403,45.38
16,10,5.8618,17.347,101.07,46.923
16,10,5.2675,17.555,106.08,51.277
16,10,5.1223,17.804,108.65,50.963
16,10,6.7183,17.893,107.01,49.643
16,10,5.4641,17.502,103.27,49.148
16,10,5.4845,17.929,110.58,52.423
16,10,8.0835,17.202,100.39,46.995
16,10,8.2711,17.434,101.03,46.516
16,10,5.2314,17.106,102.24,50.152
16,10,8.93,17.898,110.02,52.023
16,10,7.5646,17.354,105.17,50.619
16,10,6.1784,17.789,108.14,51.174
16,10,6.7782,17.356,101.48,46.838
16,10,5.614,17.521,107.42,52.693
16,10,7.3524,17.162,101.06,48.402
16,10,5.1294,17.232,103.25,50.447
16,10,5.7875,17.526,104.96,49.982
16,10,6.6935,17.114,98.68,46.203
16,10,6.3627,16.963,98.939,47.384
16,10,6.6239,17.325,103.87,50.923
16,10,6.0428,17.239,101.37,48.001
16,10,5.8736,17.204,101.83,48.971
16,10,5.0905,17.429,104.77,50.158
16,10,6.2023,17.842,110.65,53.669
16,10,6.5461,17.318,102.86,49.05
16,10,7.0369,17.278,103.32,49.62
16,10,5.4037,17.755,105.29,49.921
16,10,6.2307,17.672,105.96,49.732
16,10,7.2489,17.282,105.07,51.092
16,10,5.2854,17.806,111.01,53.957
16,10,5.0876,17.736,109.04,52.404
16,10,5.649,17.583,104.89,49.596
16,10,5.3118,17.547,100.83,46.615
16,10,5.7468,17.587,109.06,53.355
16,10,5.2901,17.296,100.14,46.802
16,10,8.2601,17.556,103.34,48.372
16,10,6.8564,17.504,106.01,51.32
16,10,7.0707,17.483,105.27,50.102
16,10,5.0312,17.346,103.56,49.292
16,10,6.515,17.027,99.247,47.231
16,10,5.7433,17.832,111.76,55.246
16,10,6.9744,17.347,106.65,53.155
16,10,6.5369,17.771,107.82,51.024
16,10,6.0385,17.539,103.6,48.26
16,10,5.3077,17.723,110.77,54.017
16,10,6.8942,17.258,102.41,49.307
16,10,6.0476,17.543,104.57,48.935
16,10,5.51,17.209,101.18,48.453
16,10,6.9718,17.596,106.41,50.815
16,10,8.3448,17.152,97.765,44.434
16,10,7.7321,17.139,100.26,47.591
16,10,6.1623,17.333,103.69,49.802
16,10,6.6141,17.263,103.31,50.506
16,10,5.2093,17.548,103.56,48.775
16,10,5.9129,17.792,109.89,53.58
16,10,6.6662,17.556,107.74,53.033
16,10,6.0265,17.039,101.83,49.481
16,10,9.4131,17.481,103.18,48.836
16,10,6.6065,17.445,103.27,48.673
16,10,3.7708,17.257,103.02,49.579
16,10,5.645,17.838,108.07,51.324
16,10,6.068,18.141,115.82,56.533
16,10,5.0321,17.766,104.95,49.013
16,10,5.3454,18.017,113.9,55.855
16,10,7.5119,16.82,97.094,46.721
16,10,6.6648,17.224,100.69,46.948
16,10,6.955,17.447,103.04,49.091
16,10,6.1563,17.505,98.66,44.065
16,10,6.4838,17.279,102.21,48.904
16,10,8.9519,16.986,98.697,47.462
16,10,5.2259,17.502,106.38,51.731
16,10,6.8309,17.591,107.45,51.721
16,10,6.376,17.555,102.27,47.13
16,10,6.2711,17.42,104.32,49.587
16,10,7.505,17.209,100.91,48.762
16,10,7.9029,17.338,104.48,50.58
16,10,5.6357,17.841,109.39,52.017
16,10,5.7386,17.843,109.43,52.697
16,10,6.2293,17.94,109.79,52.46
16,10,5.5352,17.244,98.941,46.115
16,10,6.7779,17.722,105.56,49.563
16,10,7.6835,17.904,108.8,51.1
16,10,6.7276,17.418,103.29,48.391
16,10,7.9524,17.172,98.004,45.806
16,10,4.6917,17.298,100.13,47.304
16,10,8.5311,17.269,100.57,47.111
16,10,6.2562,17.37,103.73,49.726
16,10,7.6636,17.817,112.08,55.058
16,10,6.949,17.608,106.07,50.596
16,10,6.4544,17.584,110.25,55.097
16,10,5.2721,17.83,112.82,55.295
16,10,5.2289,17.461,102.14,46.829
16,10,5.8601,17.303,100.58,47.557
16,10,6.5109,16.847,97.767,46.159
16,10,6.6998,17.49,104.38,49.727
16,10,7.5469,17.551,105.9,50.304
16,10,9.88,17.038,99.738,47.403
16,10,6.9996,17.644,104.46,49.359
16,10,6.5253,17.35,102.98,49.109
16,10,7.2382,17.082,99.106,46.638
16,10,6.8553,17.652,106,50.37
16,10,6.5805,17.951,113.16,55.693
16,10,6.9624,16.902,98.654,47.545
16,10,8.1433,17.95,108.05,50.019
16,10,7.266,17.294,100.09,46.448
16,10,6.7064,17.364,103.46,49.432
16,10,6.3215,17.633,106.66,50.881
16,10,7.1754,17.605,105.98,50.683
16,10,6.1381,17.439,103.88,49.416
16,10,6.3223,17.39,103.57,49.836
16,10,4.5457,18.033,113.97,55.46
16,10,6.6475,17.03,100.13,47.625
16,10,7.7476,17.054,98.298,46.593
16,10,5.9133,17.257,100.36,46.976
16,10,7.3053,17.159,99.122,46.411
16,10,6.1187,17.167,101.74,48.676
16,10,5.7099,17.429,102.71,48.728
16,10,5.9459,17.302,101.71,48.55
16,10,8.4964,17.594,104.12,48.163
16,10,6.369,17.155,99.779,46.893
16,10,7.4373,17.347,104.33,50.096
16,10,6.304,17.844,113.22,56.018
16,10,5.9255,16.972,97.116,45.581
16,10,5.0524,17.763,107.36,51.433
16,10,8.194,17.47,105.75,50.982
16,10,5.1801,17.377,102.35,47.703
16,10,8.0979,17.049,99.12,46.868
16,10,5.8265,17.807,111.03,54.226
16,10,6.4385,17.212,97.691,45.173
16,10,3.7325,17.681,107.54,52.08
16,10,7.3586,17.233,103.52,50.342
16,10,5.8659,17.823,110.48,53.785
16,10,7.4853,16.915,98.121,46.733
16,10,6.0594,17.694,109.9,54.789
16,10,5.6974,17.482,105.12,50.391
16,10,5.6661,17.259,100.63,47.221
16,10,7.2956,17.419,102.44,48.111
16,10,5.6718,17.309,100.21,46.625
16,10,7.889,17.265,100.64,48.128
16,10,6.13,17.644,107.83,52.284
16,10,7.8513,17.081,99.86,47.769
16,10,4.8164,17.517,103.49,48.348
16,10,5.5279,17.559,103.47,48.283
16,10,6.6521,17.178,100.84,48.597
16,10,5.6453,17.549,104.83,49.812
16,10,8.1252,17.218,100.68,47.279
16,10,7.1943,17.058,100.25,48.807
16,10,7.6445,17.605,102.88,47.283
16,10,7.1156,17.571,109.38,54.028
16,10,5.0467,17.491,104.94,50.359
16,10,9.9392,17.44,105.16,50.842
16,10,7.0279,17.548,106.37,51.263
16,10,7.002,17.307,100.01,46.226
16,10,6.9632,17.113,100.72,48.243
16,10,5.842,17.697,108.42,52.697
16,10,4.4223,17.855,105.01,47.821
16,10,6.0899,17.328,101.48,48.184
16,10,6.865,18.055,107.63,49.5
16,10,5.6416,17.931,109.62,51.59
16,10,6.9276,17.408,101.45,47.035
16,10,4.1778,18.216,112.29,53.068
16,10,7.5751,17.378,104.62,50.629
16,10,9.5377,16.788,97.928,47.509
16,10,7.1925,17.581,106.4,50.382
16,10,6.1662,17.479,105.15,50.665
16,10,7.3675,17.602,106.41,50.961
16,10,6.1183,17.429,104.19,49.354
16,10,7.7486,17.413,104.39,50.768
16,10,8.3274,17.315,102.83,49.208
16,10,5.9772,17.574,106.69,50.666
16,10,5.6814,17.655,109.2,53.203
16,10,7.7748,16.825,94.9,43.555
16,10,6.2311,17.126,100.34,47.107
16,10,6.9341,17.471,104,49.543
16,10,6.2564,17.367,107.77,53.497
16,10,6.5998,16.992,95.175,43.267
16,10,6.4848,17.183,100.76,47.686
16,10,8.1049,17.368,101.77,47.003
16,10,6.7874,17.1,100.8,48.373
16,10,7.5264,16.943,100.88,49.622
16,10,5.1421,17.612,105.64,50.147
16,10,7.9623,17.095,99.046,47.1
16,10,5.0714,17.996,115.07,56.129
16,10,5.5944,17.791,109.28,53.153
16,10,6.4286,17.499,107.85,52.507
16,10,7.2376,17.523,106.37,51.561
16,10,5.0988,17.731,106.05,49.883
16,10,6.9384,17.327,104.67,51.344
16,10,4.8482,17.967,109.45,51.114
16,10,5.0406,18.103,115.44,57.311
16,10,7.7215,17.026,97.666,46.047
16,10,3.903,18.001,108.61,51.333
16,10,6.0047,17.174,102.66,50.001
16,10,6.4431,17.393,103.75,49.586
16,10,5.5248,17.657,107.56,51.946
16,10,6.7118,17.242,101.35,48.094
16,10,8.1033,17.502,103.78,48.936
16,10,6.5162,17.306,104.62,51.132
16,10,7.3017,17.133,102.67,50.258
16,10,5.8589,17.432,105.72,50.74
16,10,6.5418,17.713,105.85,49.461
16,10,7.6601,17.105,101.31,48.52
16,10,5.0801,17.518,104.61,50.201
16,10,5.9467,17.569,107.84,53.569
16,10,5.0167,17.76,107.43,50.081
16,10,5.5536,17.578,106.88,51.209
16,10,5.5895,17.507,105.4,50.454
16,10,8.4771,17.215,101.05,47.993
16,10,7.3283,17.66,108.58,52.633
16,10,8.3017,17.36,104.29,50.247
16,10,7.1813,17.183,102.85,49.716
16,10,7.3305,17.266,103.11,49.984
16,10,7.3407,17.348,102.84,48.897
16,10,7.1904,17.13,98.934,46.423
16,10,5.3569,18.358,116.01,55.793
16,10,5.6239,17.71,111.73,55.638
16,10,5.5951,17.541,104.79,50.164
16,10,8.2751,16.968,99.317,48.012
16,10,5.8528,17.162,102.82,49.077
16,10,5.9751,17.467,104.91,49.833
16,10,5.6274,17.573,108.68,52.07
16,10,7.5181,17.487,100.28,46.025
16,10,6.5371,17.681,109.34,53.817
16,10,5.9781,17.61,106.05,50.523
16,10,6.3001,16.858,95.946,45.592
16,10,6.2878,17.91,109.76,52.462
16,10,6.4772,17.317,104.62,51.242
16,10,6.2923,17.49,102.86,48.524
16,10,6.2282,17.64,105.98,50.154
16,10,5.9029,17.551,104.09,48.649
16,10,8.0308,17.019,101.11,49.12
16,10,8.2135,17.314,103.3,50.016
16,10,7.9236,17.3,104.16,50.694
16,10,5.9224,17.606,106.45,50.863
16,10,7.2681,16.596,92.517,43.715
16,10,5.8739,17.949,109.86,51.691
16,10,7.1659,17.406,102.77,48.179
16,10,6.4078,17.008,98.784,46.465
16,10,6.2301,17.575,109.78,54.993
16,10,5.2228,17.591,104.68,48.79
16,10,7.4231,17.164,100.54,48.172
16,10,6.8215,17.722,108.72,51.909
16,10,6.69,17.207,99.183,46.121
16,10,5.7923,17.367,105.89,51.43
16,10,7.3906,17.698,111.05,54.812
16,10,5.9658,17.47,103.8,48.451
16,10,6.8864,17.505,105.13,49.235
16,10,7.7131,17.798,106.88,49.916
16,10,5.9608,17.388,104.81,50.721
16,10,5.7626,17.264,104.46,51.585
16,10,7.2206,17.104,101.94,49.656
16,10,6.8928,17.348,100.13,45.968
16,10,7.631,17.19,99.67,46.019
16,10,7.4873,17.206,100.14,47.739
16,10,6.5609,17.757,106.99,50.495
16,10,5.2073,17.088,100.68,48.651
16,10,6.8041,17.932,114.52,56.917
16,10,5.6727,17.689,106.16,50.209
16,10,7.2499,17.489,104.85,50.058
16,10,6.8866,17.054,97.227,44.606
16,10,8.3737,17.475,103.15,48.915
16,10,8.3462,17.429,105.37,50.817
16,10,5.7652,17.688,107.68,50.659
16,10,7.3239,16.864,98,47.159
16,10,5.5846,17.669,110.5,53.847
16,10,6.6335,17.196,102.54,49.991
16,10,6.6434,17.342,105.76,51.719
16,10,8.241,17.428,103.44,49.539
16,10,4.7806,17.728,109.18,52.452
16,10,8.2311,16.849,95.135,44.666
16,10,5.1825,17.544,106.8,51.625
16,10,5.7758,17.283,102.52,49.177
16,10,6.0425,17.162,100.77,48.304
16,10,7.3292,17.521,106.64,52.177
16,10,6.7807,17.15,101.29,49.085
16,10,6.6624,17.317,102.93,48.352
16,10,4.9302,17.641,109.46,53.195
16,10,5.7322,17.436,102.65,48.873
16,10,6.2699,17.266,99.415,45.947
16,10,8.5923,17.132,99.61,47.107
16,10,6.9738,17.251,100.42,46.898
16,10,6.3364,17.232,98.835,46.503
16,10,6.1782,17.457,105.12,50.895
16,10,5.3917,17.718,106.22,50.184
16,10,9.1697,17.105,100.84,48.542
16,10,7.4584,17.661,108.27,52.731
16,10,7.7651,17.014,97.577,45.637
16,10,7.811,18.042,114.93,56.335
16,10,7.9912,17.535,109.66,54.41
16,10,6.1008,17.716,105.57,48.895
16,10,6.2341,17.565,105.68,50.829
16,10,5.1787,17.872,109.91,53.741
16,10,5.2388,17.663,107.23,51.679
16,10,6.1301,17.403,104.71,51.11
16,10,7.2429,17.597,104.23,48.749
16,10,6.9936,16.885,95.395,43.583
16,10,5.9223,17.324,104.58,51.166
16,10,5.344,17.687,106.31,50.571
16,10,9.1066,17.414,102.97,48.594
16,10,7.1394,16.989,100.93,50.02
16,10,6.2234,17.059,99.857,47.451
16,10,7.6632,17.457,104.18,50.147
16,10,6.8347,17.63,107.95,52.347
16,10,5.3468,17.606,107.56,51.946
16,10,9.4735,17.256,99.542,47.396
16,10,5.0142,17.668,105.62,48.946
16,10,5.803,17.411,100.75,46.543
16,10,9.4184,16.94,97.331,45.937
16,10,6.4617,17.826,109.11,51.673
16,10,6.3114,17.472,105.94,50.804
16,10,5.6444,17.291,101.15,47.259
16,10,5.4987,17.311,101.03,46.911
16,10,4.3706,18.098,111.88,52.88
16,10,7.3331,16.915,93.436,41.086
16,10,7.2157,17.308,104.12,50.762
16,10,6.8115,17.325,102.88,48.846
16,10,5.1977,18.174,114.15,54.788
16,10,7.5636,17.447,103.09,49.054
16,10,6.4769,17.37,104.27,49.914
16,10,6.6238,17.453,103.1,48.18
16,10,7.7879,16.879,98.245,46.493
16,10,7.297,17.463,109.25,53.106
16,10,6.3631,17.419,100.31,46.394
16,10,7.0518,17.061,98.554,46.669
16,10,9.3571,17.001,98.685,46.478
16,10,6.2551,17.834,109.94,53.212
16,10,7.0068,17.682,105.87,49.411
16,10,7.5526,16.817,95.744,44.7
16,10,6.8389,17.501,101.09,46.057
16,10,6.5974,17.011,100.27,48.414
16,10,6.2739,17.44,105.15,50.058
16,10,9.326,17.546,106.41,51.729
16,10,6.7792,17.927,112.24,54.562
16,10,7.1242,17.644,104.62,48.524
16,10,5.8344,17.437,103.37,49.133
16,10,5.9283,17.221,102.66,50.024
16,10,4.7899,17.442,100.3,45.466
16,10,10.081,17.468,107.14,53.062
16,10,7.7923,17.56,107.7,52.539
16,10,5.4503,17.053,99.062,45.997
16,10,6.9957,16.886,97.873,46.761
16,10,6.432,17.649,107.13,51.375
16,10,6.9851,17.967,110.33,51.407
16,10,5.7985,17.481,103.68,48.911
16,10,6.2021,17.44,106.6,51.473
16,10,5.7695,17.166,99.216,46.614
16,10,6.6866,17.896,108.73,51.144
16,10,7.1608,17.531,107.32,52.487
16,10,6.5458,16.897,96.819,45.729
16,10,7.5496,17,101.68,49.393
16,10,7.5184,16.922,98.1,47.087
16,10,8.5924,17.551,107.99,52.727
16,10,5.9557,17.916,109.73,52.391
16,10,6.8616,16.852,96.922,46.202
16,10,5.6526,17.711,108.27,52.467
16,10,5.9756,17.429,102.64,47.91
16,10,7.1942,17.341,99.516,45.824
16,10,7.6333,17.202,99.838,46.432
16,10,8.0709,17.585,106.15,51.005
16,10,4.8732,17.757,102.4,46.302
16,10,7.4073,17.13,99.829,47.713
16,10,6.2165,17.488,107.29,52.451
16,10,7.7126,17.548,104.02,49.307
16,10,6.5224,17.414,104.53,49.908
16,10,4.7071,17.431,101.57,47.071
16,10,5.6136,17.653,110.2,54.137
16,10,7.1506,16.961,93.732,41.624
16,10,5.2796,17.293,102.39,48.809
16,10,5.6512,17.82,108.53,51.732
16,10,6.217,17.647,107.9,50.13
16,10,6.2702,17.439,107.86,53.656
16,10,5.2869,17.218,97.813,44.551
16,10,5.6746,17.518,104.76,50.628
16,10,6.8596,17.049,98.583,46.36
16,10,6.2346,17.275,101.69,48.53
16,10,6.9073,17.406,105.53,51.18
16,10,4.4921,17.454,102.45,48.537
16,10,6.818,17.727,106.41,50.202
16,10,7.749,17.383,99.584,45.74
16,10,7.8264,17.228,104.33,51.023
16,10,9.1213,17.501,106.5,51.618
16,10,5.6141,17.769,109.88,52.917
16,10,7.4799,17.046,97.633,45.637
16,10,5.7306,17.933,109.93,52.407
16,10,6.4184,17.53,105.7,50.437
16,10,4.9167,17.253,103.36,50.895
16,10,5.8354,17.323,104.61,51.097
16,10,6.5125,17.639,105.71,49.881
16,10,6.4607,17.433,103.61,48.568
16,10,8.1608,17.279,105.29,51.666
16,10,6.8793,17.015,97.65,46.068
16,10,6.3355,17.635,106.52,49.711
16,10,6.5777,17.255,102.06,48.638
16,10,6.5487,17.388,104.43,50.631
16,10,6.7653,17.34,101.99,47.654
16,10,5.7975,17.791,113.27,56.764
16,10,5.443,17.163,101.05,48.236
16,10,8.0651,17.206,104.05,51.411
16,10,7.5549,17.067,99.219,47.223
16,10,5.0788,17.712,109.27,53.777
16,10,6.4858,16.96,97.685,46.036
16,10,7.2157,17.74,112.08,55.774
16,10,4.1416,17.044,100.71,48.548
16,10,6.5907,17.4,102.81,48.767
16,10,5.3696,17.94,109,51.076
16,10,6.2693,17.235,101.66,48.858
16,10,6.5996,17.376,101.7,48.122
16,10,7.0882,17.503,105.91,51.638
16,10,6.7416,17.365,104.04,49.855
16,10,5.6131,17.254,101.89,48.62
16,10,7.8124,17.348,105.37,51.379
16,10,7.4511,17.197,102.14,49.471
16,10,7.0595,17.205,102.42,49.592
16,10,5.9905,16.967,94.406,43.491
16,10,7.4183,17.219,99.548,46.054
16,10,5.8576,17.205,100.23,47.095
16,10,7.0237,17.367,103.78,50.322
16,10,6.5256,17.244,100.47,46.56
16,10,6.7028,17.889,111.33,54.117
16,10,5.355,17.566,107.09,51.562
16,10,6.9882,16.682,89.607,39.653
16,10,6.1788,17.452,104.48,50.178
16,10,7.9222,17.117,97.523,45.126
16,10,6.9865,17.583,105.7,50.277
16,10,4.7351,18.027,113.74,56.308
16,10,5.9035,17.976,109.09,51.329
16,10,5.3349,17.501,108.75,54.017
16,10,6.588,17.425,105.45,51.279
16,10,4.6744,17.451,103.65,48.868
16,10,6.9334,17.498,105.86,51.557
16,10,8.3416,17.147,103.59,51.23
16,10,4.6531,18.108,111.5,52.411
16,10,6.2759,17.248,102.55,49.285
16,10,7.7804,16.928,98.932,47.594
16,10,6.5244,17.237,101.41,48.361
16,10,7.226,17.429,105.78,51.276
16,10,7.6699,17.581,107.61,52.13
16,10,8.7455,17.401,104.12,50.645
16,10,6.8559,17.494,103.74,48.048
16,10,6.3751,17.695,103.6,47.621
16,10,6.819,16.79,96.35,45.673
16,10,7.6341,17.096,100.74,48.07
16,10,6.8261,17.742,109.36,53.122
16,10,7.6348,17.083,97.674,45.706
16,10,5.2949,17.933,109.42,51.297
16,10,6.7597,17.924,109.76,51.684
16,10,6.7333,17.948,108.91,51.624
16,10,5.1863,17.984,110.2,52.226
16,10,6.8363,17.581,105.03,48.75
16,10,7.8462,17.622,105.97,50.847
16,10,7.4577,17.445,102.09,47.76
16,10,7.3383,17.538,103.09,47.811
16,10,5.9902,17.524,105.77,50.214
16,10,5.4421,17.282,101.25,47.702
16,10,5.2002,17.761,107.39,50.596
16,10,5.511,17.525,105.12,49.001
16,10,6.7354,17.129,99.072,47.348
16,10,7.0632,17.198,102.44,49.787
16,10,5.9917,17.612,107.65,52.093
16,10,8.701,17.432,106.02,52.209
16,10,6.3804,16.862,97.836,46.893
16,10,7.4063,17.384,105.57,51.635
16,10,4.9997,18.091,116.14,57.343
16,10,8.9123,17.546,103.8,49.186
16,10,7.2505,17.267,104.1,50.039
16,10,6.721,17.108,99.897,47.704
16,10,7.6481,17.411,99.605,45.835
16,10,6.0698,17.53,106.9,52.088
16,10,6.1581,18.093,110.82,52.705
16,10,5.972,17.095,100,46.9
16,10,6.2442,17.448,102.85,48.775
16,10,9.6256,17.263,102.03,48.548
16,10,6.0008,17.879,112.13,54.437
16,10,5.1496,17.629,107.71,51.875
16,10,5.6717,17.6,104.64,48.628
16,10,6.8863,17.449,103.23,48.701
16,10,6.3532,17.583,108.31,53.44
16,10,7.3684,17.122,100.74,47.734
16,10,5.3386,18.217,113.48,53.537
16,10,5.1854,17.206,100.2,47.472
16,10,7.6294,17.318,98.457,44.759
16,10,6.2066,17.138,96.738,43.379
16,10,6.9845,17.163,101.77,49.072
16,10,4.92,17.512,105.4,51.046
16,10,4.4379,17.492,107.82,52.665
16,10,6.2424,17.45,107.38,52.435
16,10,5.4565,17.313,99.459,45.79
16,10,5.2184,17.546,105.45,50.178
16,10,6.9845,17.491,104.06,48.263
16,10,5.364,17.264,100.51,46.949
16,10,7.3369,17.067,102.24,50.571
16,10,6.2864,17.248,101.92,48.241
16,10,7.0119,17.128,98.468,46.413
16,10,7.582,17.381,104.31,49.856
16,10,4.6424,18.151,114.01,55.231
16,10,6.4827,17.745,108.26,51.568
16,10,6.5303,17.419,106.14,50.909
16,10,5.4722,17.877,111.32,55.161
16,10,5.6659,17.213,97.683,44.684
16,10,6.536,17.076,100.46,48.285
16,10,7.1683,17.173,102.62,50.641
16,10,6.2714,17.654,106.84,51.474
16,10,6.5083,17.53,105.36,50.578
16,10,6.14,17.196,101.43,48.875
16,10,7.9502,17.084,99.843,47.088
16,10,7.9259,17.009,94.511,43.034
16,10,4.771,17.732,112.16,56.271
16,10,6.9827,17.193,103.09,50.392
16,10,7.7544,17.101,101.31,48.86
16,10,6.8029,17.685,107.04,51.273
16,10,6.8052,17.144,103.05,50.351
16,10,5.4135,17.558,104.87,49.631
16,10,5.341,17.689,108.41,52.588
16,10,6.5256,17.456,104.47,49.614
16,10,5.8248,17.378,100.22,45.816
16,10,5.4596,17.123,100,47.771
16,10,6.8075,16.823,95.381,44.229
16,10,4.4128,17.968,112.48,54.883
16,10,7.1153,17.586,106.83,51.112
16,10,7.0727,17.343,103.61,49.818
16,10,7.2274,17.09,99.928,48.31
16,10,5.5462,17.33,104.13,50.162
16,10,6.3434,17.041,98.497,47.1
16,10,5.499,17.392,100.93,47.659
16,10,4.7563,17.578,104.7,48.416
16,10,6.4288,17.513,105.01,50.246
16,10,5.4923,17.699,108.87,53.253
16,10,7.47,17.703,107.04,51.074
16,10,6.5497,17.85,111.58,54.623
16,10,6.1948,17.245,102.04,49.267
16,10,7.0363,17.805,107.69,51.769
16,10,9.555,17.268,100.36,47.769
16,10,7.2343,17.635,110.27,54.057
16,10,8.6827,16.944,100,48.05
16,10,4.8274,17.367,101.96,48.489
16,10,7.7062,17.233,102.36,49.174
16,10,5.2793,17.458,104.09,49.486
16,10,6.4875,16.802,97.637,47.025
16,10,6.9452,17.209,101.78,49.348
16,10,6.7303,17.198,100.54,48.353
16,10,5.641,17.893,114.58,57.647
16,10,6.5315,17.571,106.7,51.329
16,10,6.6135,17.706,107.68,51.764
16,10,5.3667,17.367,104.89,50.476
16,10,7.864,17.479,106.66,52.131
16,10,6.4634,17.468,104.74,50.445
16,10,5.7652,17.102,99.98,48.003
16,10,4.8376,18.153,113.42,55.09
16,10,7.6848,16.75,94.843,43.949
16,10,5.1841,17.755,105.46,48.965
16,10,8.5786,17.177,99.772,47.054
16,10,4.4888,17.95,112.73,54.603
16,10,5.8002,17.871,111.52,54.573
16,10,5.242,17.402,102.3,47.92
16,10,7.3139,17.654,110.62,54.885
16,10,8.3454,16.715,93.318,43.771
16,10,7.8926,17.495,107.52,53.471
16,10,5.8707,18.227,117.42,58.352
16,10,5.7433,17.18,101.22,48.618
16,10,6.1493,17.947,112.57,54.6
16,10,7.916,17.42,105.57,51.245
16,10,6.8545,17.408,103.74,50.197
16,10,5.5168,17.779,108.39,51.492
16,10,7.3104,17.517,106.12,51.481
16,10,6.3617,16.893,101.34,50.165
16,10,6.6636,17.626,106.93,51.05
16,10,8.7963,16.609,94.696,45.724
16,10,6.2624,17.555,105.42,48.945
16,10,5.285,17.767,109.08,52.625
16,10,6.6942,17.796,108.94,53.111
16,10,7.2101,17.923,111.41,53.703
16,10,4.8864,17.717,107.7,51.268
16,10,7.32,17.279,101.41,48.902
16,10,5.6959,17.699,106.44,50.945
16,10,6.4645,17.257,106.05,52.626
16,10,5.9959,17.419,104.5,50.863
16,10,8.3963,16.98,100.15,48.886
16,10,6.4963,17.313,102.33,48.293
16,10,5.8604,17.706,107.83,51.68
16,10,7.6647,17.25,100.47,47.664
16,10,6.8418,17.268,100.4,46.595
16,10,7.5633,17.456,103.11,48.094
16,10,6.0953,17.338,99.038,45.159
16,10,6.5921,17.199,100.29,47.712
16,10,4.9858,18.013,111.43,53.047
16,10,6.9721,17.43,101.73,48.292
16,10,6.2801,17.225,103.29,50.179
16,10,6.4143,17.543,101.84,46.33
16,10,6.4242,17.441,103.11,48.879
16,10,7.9725,17.074,101.04,48.979
16,10,6.6485,17.485,103.73,49.155
16,10,6.6756,17.274,103.33,49.371
16,10,5.8633,17.264,102.74,50.22
16,10,6.3283,17.178,99.808,47.353
16,10,5.8137,17.881,113.35,56.57
16,10,8.3962,17.03,100.04,48.428
16,10,8.6604,16.69,91.024,41.888
16,10,7.6174,17.537,104.82,48.915
16,10,6.9929,17.181,99.698,46.945
16,10,7.4286,17.709,107.43,50.746
16,10,5.5076,17.468,103.27,48.799
16,10,5.2263,17.351,102.36,48.332
16,10,6.2651,17.792,111.01,54.374
16,10,7.0503,17.499,102.35,48.652
16,10,5.3383,17.734,108.23,52.431
16,10,9.4376,17.135,97.965,45.397
16,10,6.2334,17.18,99.802,47.109
16,10,6.0586,17.415,104.03,49.598
16,10,5.4732,17.692,107.48,51.75
16,10,5.4575,17.885,107.83,50.869
16,10,5.5916,17.501,105.38,50.453
16,10,5.0361,17.633,106.18,50.684
16,10,5.6224,17.113,100.74,48.298
16,10,5.8778,17.445,105.88,51.294
16,10,6.3324,17.457,102.34,48.597
16,10,7.4262,16.987,98.718,45.994
16,10,5.0984,17.675,108.81,52.66
16,10,6.3848,17.038,99.215,47.03
16,10,4.6227,18.304,116.73,57.325
16,10,5.6161,18.197,118.14,59.624
16,10,3.8569,17.69,104.06,47.525
16,10,6.1662,17.479,103.79,49.343
16,10,4.8197,17.28,103.6,49.699
16,10,6.2295,17.39,103.47,49.81
16,10,7.2459,17.412,105.17,51.134
16,10,6.7607,17.783,107.71,51.768
16,10,4.814,18.034,112.42,53.942
16,10,7.4459,17.278,101.94,47.827
16,10,7.426,17.501,100.49,44.285
16,10,7.5911,17.436,106.21,52.574
16,10,9.2103,17.528,105.37,50.252
16,10,6.5329,17.297,103.9,50.892
16,10,5.5794,17.344,104.58,50.497
16,10,6.0043,17.57,108.28,52.954
16,10,8.8975,16.63,95.591,46.626
16,10,5.6984,17.541,105.77,50.653
16,10,7.5379,17.428,107.29,52.482
16,10,5.9924,17.188,101.14,49.412
16,10,7.6532,17.257,104.79,52.021
16,10,7.1383,17.283,102.76,49.674
16,10,5.5702,17.534,103.83,48.235
16,10,4.6533,17.611,107.21,52.301
16,10,7.3034,16.828,97.974,47.371
16,10,7.6307,17.318,104.83,51.026
16,10,7.1075,17.132,97.283,44.948
16,10,6.087,17.201,99.646,46.809
16,10,8.5954,17.526,100.49,46.062
16,10,7.9086,17.06,99.592,47.621
16,10,6.6896,17.508,104.48,49.269
16,10,5.2274,17.705,106.07,49.697
16,10,4.6073,17.595,103.59,48.155
16,10,7.2769,17.431,103.53,49.418
16,10,4.8374,17.279,101.86,48.537
16,10,5.7954,17.501,106.94,52.296
16,10,5.7633,17.953,111.02,54.029
16,10,8.1682,17.494,103.26,48.167
16,10,7.3858,17.377,103.36,48.823
16,10,6.549,17.204,101.02,48.467
16,10,5.1374,17.315,102.34,48.834
16,10,8.9034,17.09,99.477,47.061
16,10,4.7299,17.92,109.3,51.292
16,10,7.3797,17.706,105.7,50.152
16,10,6.2028,17.486,104.43,50.522
16,10,8.6327,17.428,105.77,51.455
16,10,5.8388,17.97,110.16,53.093
16,10,7.5902,17.331,103.21,49.968
16,10,6.3135,17.088,99.637,47.047
16,10,6.1691,17.32,103.76,49.37
16,10,5.8068,17.866,108.9,51.981
16,10,6.8936,17.769,112.58,55.966
16,10,6.461,17.905,110.39,53.093
16,10,6.7594,18.128,120.03,60.629
16,10,3.6055,17.738,106.79,50.356
16,10,5.5394,17.713,107.97,51.555
16,10,6.3756,17.849,107.83,50.727
16,10,7.9484,17.156,103.16,50.397
16,10,5.7178,17.413,103.64,48.99
16,10,6.7661,17.522,106.34,51.453
16,10,5.3949,17.449,103.84,49.113
16,10,5.8945,17.05,99.929,48.45
16,10,6.4866,17.288,102.8,49.306
16,10,6.7946,17.537,104.46,49.276
16,10,6.8142,16.991,96.532,44.31
16,10,5.8274,17.079,103.79,51.2
16,10,5.8177,17.682,109.93,53.7
16,10,7.5825,17.105,97.44,45.173
16,10,6.7753,17.518,104.01,48.917
16,10,5.9223,17.221,100.16,46.345
16,10,7.0167,16.963,97.053,45.603
16,10,8.3459,17.603,104.28,48.879
16,10,6.6925,17.084,101.71,50.063
16,10,9.6547,17.121,99.161,46.905
16,10,9.9257,17.23,102.09,49.074
16,10,6.3089,17.004,101.4,49.629
16,10,9.0861,17.41,103.63,49.704
16,10,5.9814,17.731,105.78,49.824
16,10,5.0693,16.872,99.628,47.941
16,10,6.9508,17.599,106.59,50.444
16,10,6.9807,17.698,106.97,50.565
16,10,5.9047,17.582,106.03,50.715
16,10,8.6386,17.338,103.27,49.009
16,10,4.6907,17.912,109.89,51.75
16,10,5.1448,17.413,105.31,50.18
16,10,8.0831,17.181,102.5,50.283
16,10,7.2225,17.217,101.51,47.759
16,10,6.5799,17.107,97.861,45.471
16,10,6.4854,17.544,111.04,55.521
16,10,5.8533,17.233,104.02,50.386
16,10,6.4792,16.87,97.182,45.764
16,10,6.8486,17.954,110.77,53.092
16,10,7.6534,17.396,110.28,55.844
16,10,5.137,17.669,109.81,53.539
16,10,7.6409,17.62,106.53,50.872
16,10,6.2655,17.421,106.29,52.397
16,10,5.8946,17.715,109.13,52.912
16,10,6.9614,17.325,102.91,48.747
16,10,5.2492,17.39,103.96,48.704
16,10,6.2374,17.746,110.17,53.517
16,10,8.0329,17.011,97.454,46.428
16,10,5.4361,17.417,102.19,47.938
16,10,7.5836,17.251,100.19,47.114
16,10,5.8735,17.644,108.06,52.859
16,10,8.8978,16.773,95.585,44.988
16,10,6.6248,17.909,113.09,55.001
16,10,5.6057,17.302,101.44,48.176
16,10,7.4962,17.272,102.35,48.849
16,10,7.1439,17.358,104.68,50.148
16,10,5.2564,17.775,107.35,50.691
16,10,6.7464,17.274,102.43,48.409
16,10,5.52,17.298,101.04,46.986
16,10,5.1498,17.35,103,49.071
16,10,8.8917,17.213,99.493,46.585
16,10,7.5547,17.841,109.1,52.58
16,10,8.3339,16.814,95.445,45.162
16,10,6.6253,17.727,106.76,50.144
16,10,6.308,17.514,108.62,53.761
16,10,4.3742,17.835,111.09,54.261
16,10,7.3058,17.683,106.04,50.94
16,10,7.7504,17.282,99.61,46.981
16,10,4.3841,17.84,108.86,51.651
16,10,7.8659,17.737,105.5,49.39
16,10,6.2368,17.544,108.77,53.787
16,10,6.3341,16.911,94.915,43.945
16,10,7.5595,17.24,102.33,49.355
16,10,4.6384,17.851,109.38,52.484
16,10,4.3012,18.044,109.83,51.904
16,10,6.2072,17.63,109.56,53.888
16,10,7.3569,17.439,102.38,47.884
16,10,6.7946,16.889,96.642,45.778
16,10,7.4811,17.37,99.377,44.825
16,10,5.1539,17.309,99.317,44.768
16,10,6.1878,17.175,103.56,50.649
16,10,4.9163,17.781,108.79,51.242
16,10,6.466,18.061,112.95,55.205
16,10,10.153,16.993,98.455,47.129
16,10,7.7255,17.154,101.29,48.864
16,10,6.718,17.831,109.43,53.021
16,10,5.0506,17.678,109.96,53.768
16,10,6.2977,17.842,110.56,53.511
16,10,6.6221,17.348,104.88,51.75
16,10,5.1492,17.411,104.27,50.385
16,10,7.4605,17.204,99.728,47.303
16,10,4.9004,17.497,108.03,53.627
16,10,7.7366,16.927,95.98,44.428
16,10,6.8176,17.547,107.48,52.786
16,10,8.6171,17.539,101.28,46.53
16,10,6.8917,17.125,101.21,49.33
16,10,7.7995,17.072,99.608,47.572
16,10,5.0652,17.746,108.91,52.243
16,10,7.4583,17.428,101.39,47.398
16,10,6.6975,17.526,105.05,51.078
16,10,5.9258,17.853,109.83,52.765
16,10,7.122,17.905,112,55.456
16,10,6.9982,17.497,107.15,52.318
16,10,5.6326,17.586,105.32,50.31
16,10,6.2866,17.151,101.1,48.778
16,10,4.7697,17.545,108.83,53.379
16,10,5.6846,17.079,99.917,48.05
16,10,7.1789,17.55,106.32,51.64
16,10,5.1526,17.558,102.74,47.484
16,10,6.1754,17.537,103.53,48.289
16,10,6.8269,17.008,98.99,47.449
16,10,7.0367,17.24,99.567,47.107
16,10,7.3932,17.275,98.243,44.349
16,10,6.7658,17.429,102.77,48.47
16,10,5.9957,17.663,106.1,50.497
16,10,4.9361,17.435,105.7,51.33
16,10,8.1582,17.483,104.23,48.66
16,10,6.8247,17.199,100.68,47.784
16,10,5.4501,17.755,110.06,53.933
16,10,6.611,17.139,100.58,47.841
16,10,7.539,17.016,99.757,47.947
16,10,5.1649,17.836,112.44,55.407
16,10,8.2183,17.276,99.478,46.193
16,10,7.0284,16.879,99.138,47.267
16,10,7.6481,17.214,99.701,46.575
16,10,7.2078,17.194,99.089,45.955
16,10,9.9026,16.833,97.167,46.937
16,10,6.9294,17.551,103.62,48.831
16,10,7.746,17.254,102.96,50.182
16,10,7.0668,17.23,103.23,49.93
16,10,4.1504,17.871,107.98,50.305
16,10,7.1646,17.454,103.41,49.258
16,10,6.5959,17.024,99.237,47.173
16,10,6.6032,17.457,102.36,47.298
16,10,5.6115,17.668,107.36,51.6
16,10,6.5568,17.891,109.25,50.864
16,10,5.7068,17.807,113.15,56.559
16,10,6.2369,17.314,102.03,48.059
16,10,7.187,16.975,98.627,46.813
16,10,7.3516,16.866,97.825,47.32
16,10,6.0715,17.666,109.16,53.435
16,10,6.4498,16.842,93.367,42.19
16,10,7.508,17.416,104.99,50.444
16,10,4.9622,17.557,107.33,52.532
16,10,7.3405,16.841,94.916,44.46
16,10,7.1094,17.557,103.81,48.467
16,10,5.6127,17.343,101.01,47.018
16,10,7.9712,17.065,99.904,47.945
16,10,6.4141,17.751,109.39,52.705
16,10,4.9997,17.739,107.2,51.164
16,10,6.2316,17.024,98.961,47.024
16,10,6.5864,17.431,104.6,50.31
16,10,7.9105,17.767,108.12,51.7
16,10,6.2317,17.192,99.163,45.221
16,10,6.0392,17.83,113.5,56.065
16,10,6.0411,17.453,102.26,47.444
16,10,7.9119,17.829,107.5,51.362
16,10,6.2195,17.591,106.23,50.578
16,10,6.644,16.912,99.384,48.477
16,10,5.8086,17.551,105.84,51.005
16,10,4.8369,17.894,109.24,50.708
16,10,5.7612,17.388,103.61,49.566
16,10,6.2081,17.589,104.53,49.367
16,10,6.9863,17.537,107.39,52.143
16,10,4.7522,17.811,107.56,49.973
16,10,6.0122,17.548,103.99,49.6
16,10,5.9796,17.009,98.415,46.77
16,10,5.625,17.72,107.08,50.685
16,10,5.1654,17.618,106.34,49.83
16,10,6.8561,17.629,105.04,49.35
16,10,4.6622,17.918,108.3,50.719
16,10,9.5857,16.892,97.272,46.5
16,10,6.5507,17.81,106.62,50.228
16,10,6.6749,17.82,109.83,53.405
16,10,6.3434,17.449,103.5,49.226
16,10,5.0676,17.469,105.51,51.048
16,10,5.6183,17.86,111.27,54.311
16,10,7.4696,17.544,104.36,49.682
16,10,5.1123,17.76,106.42,49.58
16,10,8.2897,17.376,103.23,49.702
16,10,6.6336,17.002,95.674,44.501
16,10,6.9599,17.19,99.685,45.983
16,10,4.7656,17.443,106.06,51.037
16,10,6.3065,16.958,94.114,43.133
16,10,3.9359,17.43,98.273,43.508
16,10,8.2023,17.084,97.003,44.676
16,10,5.7268,18.567,120.1,58.371
16,10,5.4346,17.383,106.79,52.248
16,10,6.6665,17.477,107.5,52.783
16,10,4.8939,17.651,109.35,53.326
16,10,6.3548,17.716,106.95,51.495
16,10,8.043,17.937,112.11,54.258
16,10,4.7608,17.335,104.34,50.645
16,10,7.0132,17.541,104.26,49.597
16,10,8.4956,17.003,99.942,47.997
16,10,7.5066,17.676,106.56,50.938
16,10,6.7773,17.447,104.13,50.024
16,10,7.3597,17.404,105.85,51.331
16,10,7.7531,16.905,96.589,44.07
16,10,5.6294,17.976,109.34,51.759
16,10,5.0573,17.448,106.09,52.635
16,10,5.897,17.285,100.61,47.432
16,10,6.4608,17.507,107.46,52.636
16,10,6.8288,17.562,103.97,49.055
16,10,4.9365,17.657,106.88,50.675
16,10,6.4924,17.573,106.7,52.117
16,10,5.9162,17.445,101.38,47.063
16,10,6.3212,17.67,106.51,51.255
16,10,6.1611,17.333,102.91,49.078
16,10,8.1853,17.132,101.05,48.681
16,10,6.0627,17.555,101.96,46.353
16,10,4.8809,17.492,102.94,47.588
16,10,4.9466,17.714,109.04,52.956
16,10,5.014,17.675,108.03,51.8
16,10,5.7269,16.993,97.92,45.727
16,10,7.7115,17.725,105.97,49.866
16,10,7.4216,17.994,111.8,53.641
16,10,8.2797,17.267,101.64,48.273
16,10,8.4962,16.877,97.783,46.462
16,10,4.7178,17.103,97.353,44.637
16,10,9.369,16.407,88.305,40.745
16,10,6.4308,17.361,103.35,49.566
16,10,6.149,17.255,103.37,50.455
16,10,7.3424,16.92,98.492,47.172
16,10,6.5425,17.547,105.82,51.137
16,10,4.645,17.491,104.21,49.308
16,10,6.2638,17.435,102.61,48.596
16,10,7.2277,17.619,105.49,50.02
16,10,5.054,17.601,105.65,50.177
16,10,5.6839,17.819,111.13,54.389
16,10,4.6069,17.595,109.86,54.362
16,10,6.3642,17.815,109.37,52.36
16,10,6.064,17.854,111.32,53.274
16,10,7.961,17.233,104.86,51.204
16,10,7.6851,17.221,100.23,46.944
16,10,6.1123,17.453,104.94,50.574
16,10,5.9121,17.534,105.33,50.507
16,10,6.1812,17.311,102.09,48.474
16,10,6.5871,17.412,105.77,51.866
16,10,4.7157,17.765,106.49,49.699
16,10,5.4341,16.958,100.63,49.004
16,10,6.234,17.439,108.23,54.062
16,10,6.8337,17.556,103.04,48.458
16,10,8.4952,17.18,101.51,48.68
16,10,6.3929,17.338,105.99,51.859
16,10,5.6981,17.753,111.99,55.825
16,10,6.2597,17.531,102.38,46.494
16,10,5.1003,17.206,102.92,49.75
16,10,5.076,17.961,116.2,58.855
16,10,6.8736,17.484,106.69,51.26
16,10,7.0518,17.568,106.83,50.918
16,10,4.6408,17.573,104.68,49.148
16,10,6.6807,17.296,102.84,49.807
16,10,6.6473,17.718,109.58,52.868
16,10,4.3366,17.429,101.69,47.256
16,10,4.7315,17.665,106.91,50.679
16,10,6.2615,17.63,107.47,51.623
16,10,9.5766,16.78,96.692,46.88
16,10,6.6261,17.981,111.4,52.951
16,10,6.0061,16.967,96.737,45.686
16,10,7.8098,17.033,97.409,45.379
16,10,7.5003,17.944,111.49,54.169
16,10,7.1713,17.443,104.08,49.977
16,10,8.1722,17.65,106.51,49.768
16,10,5.0088,18.476,117.37,56.078
16,10,6.2567,17.251,102.12,48.361
16,10,6.8647,17.558,107.59,52.319
16,10,7.3285,17.162,101.5,48.652
16,11,7.4336,17.954,108.09,49.614
16,11,6.0812,18.226,114.03,54.274
16,11,4.7537,18.908,129.11,64.407
16,11,5.4084,18.396,119.67,58.267
16,11,6.4335,18.046,114.31,55.348
16,11,6.7515,18.012,109.83,51.749
16,11,5.5458,17.977,116.94,57.937
16,11,6.8007,18.079,112.74,53.913
16,11,6.6343,17.389,105.1,49.346
16,11,6.7744,18.073,114.16,54.747
16,11,5.8639,17.753,108.88,52.474
16,11,6.3389,17.883,111.03,53.822
16,11,7.237,18.345,118.74,59.058
16,11,7.818,17.464,104.7,49.314
16,11,6.4637,17.917,113.04,55.492
16,11,7.5619,17.858,112.39,54.669
16,11,6.5818,18.284,123.64,63.955
16,11,5.3277,18.463,117.14,56.228
16,11,6.3159,17.955,114.53,56.85
16,11,6.806,17.81,113.14,56.682
16,11,6.1346,17.862,108.91,52.883
16,11,6.4408,17.328,103.26,49.079
16,11,5.7754,18.244,118.5,58.613
16,11,4.5691,18.571,121.33,59.587
16,11,5.9255,17.93,111.73,54.267
16,11,5.3447,18.44,118.1,56.68
16,11,5.2565,18.102,117.33,57.993
16,11,6.8802,17.739,110.25,53.484
16,11,5.6814,18.005,113.82,55.645
16,11,5.9339,17.877,113.36,55.629
16,11,7.2923,18.121,114.95,55.543
16,11,6.144,18.148,114.56,56.018
16,11,6.9093,18.409,119.03,57.575
16,11,5.1394,18.509,119.43,57.777
16,11,5.2217,17.975,114.34,55.681
16,11,6.6771,17.923,113.72,55.05
16,11,5.8433,18.678,124.07,60.796
16,11,6.3781,18.183,115.47,56.379
16,11,7.3838,17.852,112.55,54.975
16,11,5.9335,17.729,109.11,52.025
16,11,5.4946,18.182,116.23,56.608
16,11,5.8227,18.339,116.82,55.577
16,11,4.269,18.439,121.86,60.675
16,11,7.451,17.897,110.42,52.368
16,11,6.6368,17.541,102.83,47.531
16,11,6.1759,17.982,113.46,55.173
16,11,8.3636,17.591,108.76,52.766
16,11,5.0181,18.05,111.47,52.365
16,11,6.5577,17.501,104.99,50.101
16,11,7.7469,17.724,108.92,52.435
16,11,7.2011,18.147,115.22,56.176
16,11,5.9985,17.764,111.39,54.561
16,11,5.6825,17.945,113.29,55.881
16,11,6.1485,17.731,110.03,53.35
16,11,4.9659,17.762,109.41,52.66
16,11,6.8602,18.009,116.9,59.146
16,11,6.7702,17.997,116,57.37
16,11,4.8587,18.366,121.08,59.727
16,11,6.6694,18.278,115.87,55.297
16,11,5.2391,18.025,113.59,55.692
16,11,6.8754,17.7,111.03,55.212
16,11,7.9297,17.964,115.15,57.61
16,11,7.7014,18.152,114.89,55.489
16,11,7.6983,17.638,108.16,51.535
16,11,6.3696,17.385,105.42,51.185
16,11,7.5881,17.989,113.14,55.039
16,11,5.5437,18.317,117.87,56.732
16,11,4.7579,17.849,111.24,54.266
16,11,4.6257,17.972,111.11,52.771
16,11,8.5622,17.855,112.33,55.281
16,11,7.3538,17.497,106.19,51.043
16,11,8.171,17.854,112.35,55.41
16,11,5.2557,17.905,114.43,57.049
16,11,6.3051,17.897,107.59,49.572
16,11,7.4551,17.767,110.86,54.563
16,11,7.4202,17.947,112.87,54.969
16,11,5.8989,18.481,119.83,58.141
16,11,5.1811,17.684,109.41,53.242
16,11,6.8461,17.893,107.42,50.161
16,11,6.9086,18.301,117.41,56.673
16,11,6.6231,18.054,113.48,54.75
16,11,4.3457,18.231,116.84,57.278
16,11,8.6023,17.385,103.46,49.952
16,11,7.6851,18.371,118.51,57.561
16,11,6.9634,17.703,108.32,52.345
16,11,5.9328,17.814,110.05,53
16,11,8.3042,17.915,113.5,55.726
16,11,7.6085,18.059,116.54,58.216
16,11,8.2023,17.575,108.21,52.692
16,11,6.0311,18.417,117.61,56.159
16,11,7.3726,18.731,122.54,59.168
16,11,6.0514,17.86,110.83,53.878
16,11,5.4978,18.439,120.95,59.426
16,11,7.8521,18.268,119.27,58.601
16,11,6.5234,18.537,122.94,60.408
16,11,7.3086,17.807,110.74,53.516
16,11,6.2275,17.926,109.6,51.692
16,11,6.0926,18.329,119.92,59.346
16,11,5.1212,18.243,113.41,53.441
16,11,6.5583,18.053,112.09,52.677
16,11,7.5307,18.092,108.32,50.022
16,11,6.4056,18.199,114.47,55.542
16,11,5.7688,18.883,127.2,63.338
16,11,7.5482,18.145,115.14,55.792
16,11,4.9667,18.148,114.79,56.297
16,11,6.3411,17.744,112.97,56.815
16,11,6.2968,19.018,125.68,61.247
16,11,6.3481,17.593,110.79,55.315
16,11,7.2492,18.07,116.02,57.212
16,11,7.0901,17.65,108.69,53.014
16,11,7.2656,17.925,113.28,55.701
16,11,5.0877,18.622,121.97,60.092
16,11,5.5904,18.125,116.01,56.833
16,11,7.1707,18.566,119.21,56.986
16,11,7.3884,17.847,111.65,54.425
16,11,6.8182,18.149,111.09,51.714
16,11,6.2467,18.585,119.09,57.289
16,11,7.0097,17.417,109.02,54.893
16,11,7.0069,18.003,111.43,53.416
16,11,5.0143,17.854,110.9,53.779
16,11,7.5384,17.787,109.3,52.533
16,11,5.0154,18.261,116.67,56.332
16,11,7.4599,17.641,108.58,52.662
16,11,6.2941,17.702,109.18,53.153
16,11,5.2828,18.48,119.43,57.669
16,11,6.2737,18.088,116.19,58.224
16,11,6.4726,18.05,116.32,58.13
16,11,5.9376,17.814,110.11,52.128
16,11,5.3507,18.282,117.93,57.889
16,11,7.3849,17.631,109.64,53.774
16,11,6.2175,18.096,116.78,57.916
16,11,6.3826,18.381,116.77,56.283
16,11,6.2685,18.042,115.43,56.938
16,11,5.9154,18.008,111.4,53.104
16,11,5.4482,18.036,114.02,56.304
16,11,6.0191,18.314,120.86,60.499
16,11,6.3778,18.414,119.12,58.745
16,11,7.9473,18.222,115.21,55.036
16,11,8.1512,17.982,115.09,57.843
16,11,6.901,17.921,112.71,55.915
16,11,9.0265,17.489,104.62,49.739
16,11,7.3304,17.973,113.81,56.249
16,11,6.8921,18.254,117.67,58.273
16,11,6.1803,17.926,114.25,56.378
16,11,5.4311,18.146,113.89,55.311
16,11,6.7337,18.459,121.27,59.762
16,11,6.753,18.252,118.12,58.664
16,11,7.0304,17.991,113.48,55.5
16,11,6.1123,18.376,120.81,60.364
16,11,6.4997,18.364,117.25,56.631
16,11,7.6121,18.011,111.23,52.966
16,11,5.706,17.604,110.09,54.137
16,11,6.0403,18.089,114.77,56.035
16,11,6.4452,17.573,107.29,51.65
16,11,5.6771,17.994,114.42,56.039
16,11,6.2324,17.884,111.09,53.636
16,11,6.9315,17.987,117.73,59.18
16,11,5.373,18.546,120.32,58.606
16,11,6.5076,17.485,108.36,53.606
16,11,6.7587,18.082,114.26,55.7
16,11,4.9647,17.65,104.57,48.815
16,11,6.2554,18.171,117.13,57.67
16,11,4.736,18.065,114.65,56.876
16,11,4.7999,17.889,114.17,56.907
16,11,4.2404,18.439,118.46,56.255
16,11,7.3455,17.931,108.58,51.142
16,11,5.4264,17.985,112.21,54.332
16,11,7.8035,17.801,113.68,56.489
16,11,5.4642,17.795,109.99,53.162
16,11,7.2596,17.442,105.71,50.775
16,11,6.6671,17.857,113.5,56.692
16,11,6.4063,18.527,121.4,58.834
16,11,6.1476,17.596,107.86,52.255
16,11,5.9626,18.203,119.48,59.915
16,11,7.2328,18.012,113.21,54.859
16,11,5.2532,18.349,119.99,59.281
16,11,5.9954,18.079,112.35,53.363
16,11,5.7439,18.073,114.07,55.005
16,11,7.061,17.748,112.81,56.213
16,11,5.139,18.561,120.33,58.47
16,11,4.5158,18.233,114.54,54.985
16,11,5.3848,17.575,107.2,51.963
16,11,6.9122,17.691,111.22,54.944
16,11,7.5136,18.074,115.05,56.196
16,11,5.2195,17.628,106.42,50.548
16,11,6.3245,17.985,114.07,56.844
16,11,6.1112,18.305,118.25,57.923
16,11,6.3892,18.153,115.06,57.098
16,11,6.1199,18.376,117.22,56.225
16,11,6.2583,18.491,121.22,58.694
16,11,9.6398,17.764,114.64,57.218
16,11,5.5707,18.034,115.58,56.769
16,11,7.0745,18.137,112.94,54.174
16,11,4.9071,18.261,119.21,59.525
16,11,6.8512,17.973,112.35,54.752
16,11,6.7356,18.569,121.28,60.111
16,11,5.7577,17.971,115.47,57.349
16,11,4.5845,18.332,114.57,55.58
16,11,7.9587,17.674,109.11,53.013
16,11,7.7925,17.586,107.02,51.377
16,11,6.8986,17.454,106.37,51.769
16,11,8.8264,17.62,107.05,52.369
16,11,6.8356,17.418,108.58,53.947
16,11,5.3528,18.277,117.75,58.027
16,11,7.6067,17.981,114.56,56.46
16,11,8.3655,18.184,118.39,58.823
16,11,6.464,17.928,113.18,55.188
16,11,6.3123,17.87,110.79,53.157
16,11,4.1889,18.301,120.04,59.763
16,11,6.4283,17.91,114.73,57.336
16,11,6.7262,17.806,113.05,56.075
16,11,7.8807,17.74,109.68,53.231
16,11,5.4371,18.385,116.55,54.777
16,11,7.7756,17.602,108.3,52.702
16,11,6.5851,18.422,121.88,61.041
16,11,7.4681,17.309,105.83,52.11
16,11,7.903,17.676,106.79,50.56
16,11,7.4018,18.376,120.16,59.354
16,11,7.6278,18.15,115.19,55.574
16,11,6.3599,18.225,114.67,55.003
16,11,5.5903,18.422,118.26,55.764
16,11,5.6535,18.46,116.92,54.708
16,11,8.3632,18.116,117.59,58.672
16,11,5.6429,17.747,108.76,52.043
16,11,8.2178,18.244,115.99,55.55
16,11,6.366,17.801,110.51,53.188
16,11,6.0923,17.438,104.82,50.514
16,11,6.2778,18.358,119.8,58.831
16,11,7.4021,17.573,109.68,54.747
16,11,5.5177,18.334,120.36,59.823
16,11,5.8454,18.192,112.66,53.755
16,11,5.1264,18.257,119.33,59.819
16,11,6.2272,17.756,110.77,54.38
16,11,8.6161,17.761,106.59,49.908
16,11,7.2523,18.221,118,58.529
16,11,6.1858,17.658,106.66,51.326
16,11,7.0508,18.306,118.26,57.687
16,11,5.9513,18.415,118.39,57.818
16,11,5.3632,17.565,109.55,53.976
16,11,5.9077,17.776,108.44,52.267
16,11,6.32,18.277,115.75,55.953
16,11,6.3895,18.346,119.93,58.937
16,11,6.679,17.832,107.96,50.555
16,11,7.9982,17.991,114.1,55.396
16,11,8.0145,17.885,116.21,58.487
16,11,7.2557,18.177,118.78,59.425
16,11,7.519,18.475,120.79,58.578
16,11,6.04,17.951,112.96,55.04
16,11,7.0705,18.528,121.76,60.178
16,11,5.9844,18.105,116.02,56.908
16,11,6.3574,17.93,113.18,54.921
16,11,8.0396,18.28,118.37,58.549
16,11,6.2069,17.619,106.05,50.373
16,11,5.9582,18.233,119.17,58.724
16,11,6.2112,18.425,121,59.846
16,11,7.6513,18.005,111.85,53.901
16,11,6.6575,18.286,116.11,55.792
16,11,6.6928,17.947,114.61,56.64
16,11,5.2384,17.8,110.51,53.015
16,11,6.0649,18.448,120.16,59.316
16,11,7.6247,17.591,111.25,55.338
16,11,6.6787,17.969,113.41,55.335
16,11,5.6756,18.309,120.19,60.613
16,11,6.6925,17.284,101.89,48.142
16,11,7.3961,17.823,110,51.923
16,11,7.2708,17.936,111.73,53.249
16,11,5.7079,17.985,111.77,54.27
16,11,6.2752,17.792,108.26,51.632
16,11,7.903,17.893,114.76,57.019
16,11,5.7178,18.159,115.19,55.653
16,11,5.3137,18.105,116.25,56.856
16,11,7.03,18.102,110.14,51.834
16,11,6.2987,18.158,115.38,55.645
16,11,5.686,17.898,110.94,53.342
16,11,6.6621,18.178,116.83,57.068
16,11,5.6605,18.398,118.02,57.396
16,11,8.2809,17.964,114.2,56.788
16,11,7.8417,18.104,108.76,49.812
16,11,7.1168,17.85,113.95,56.303
16,11,6.6271,18.541,122.33,60.303
16,11,7.5941,17.637,105.9,50.24
16,11,5.7241,18.167,115.69,56.737
16,11,5.6579,18.35,117.6,56.686
16,11,7.2662,17.662,109.49,52.949
16,11,5.2283,17.989,114.59,56.47
16,11,6.4089,17.804,110.08,52.337
16,11,5.1937,18.178,116.05,56.215
16,11,4.9806,18.491,118.08,56.485
16,11,7.5065,17.844,110.69,53.717
16,11,6.3817,18.499,122.5,60.014
16,11,7.7876,17.384,105.08,51.334
16,11,5.783,17.877,115.08,58.167
16,11,5.7983,18.169,119.75,60.183
16,11,4.8041,18.6,119.5,57.979
16,11,6.7564,18.172,113.97,54.176
16,11,5.8684,18.723,124.73,62.054
16,11,4.4835,18.595,120.81,59.17
16,11,6.208,17.752,110.64,54.054
16,11,7.098,17.667,107.44,51.27
16,11,7.0901,17.908,110.61,53.363
16,11,6.2941,17.852,112.57,54.596
16,11,6.0988,17.603,107.26,51.47
16,11,6.3987,18.3,115.94,55.105
16,11,7.4799,17.865,113.52,55.876
16,11,7.2597,17.992,113.84,54.932
16,11,6.4242,18.077,116.32,58.069
16,11,5.5963,17.934,111.88,54.397
16,11,6.218,18.471,119.14,57.939
16,11,5.932,17.965,113.5,55.469
16,11,7.4283,17.482,105.45,50.959
16,11,6.5772,18.79,124.09,59.76
16,11,6.7111,17.864,109.56,52.424
16,11,6.6437,18.151,112.76,52.703
16,11,6.8007,17.983,112.16,52.98
16,11,8.0123,17.618,107.07,51.535
16,11,6.0657,18.216,118.24,58.316
16,11,7.1587,17.973,112.89,54.382
16,11,5.8182,17.947,114.76,56.766
16,11,5.7372,18.237,116.95,57.884
16,11,6.2188,17.512,108.45,52.584
16,11,7.4863,18.094,115.5,56.523
16,11,8.5328,17.53,106.15,50.726
16,11,7.4194,17.957,113.27,55.316
16,11,7.686,18.272,114.31,53.993
16,11,5.4907,18.378,119.3,57.97
16,11,6.629,18.348,115.45,54.865
16,11,6.6262,17.986,113.36,54.942
16,11,5.0802,18.383,118.44,56.886
16,11,7.1956,18.079,113.61,54.674
16,11,6.4418,17.649,107.3,52.203
16,11,5.5575,18.247,120.02,60.43
16,11,7.4213,17.968,112.3,54.623
16,11,6.5996,17.951,109.35,51.056
16,11,8.3015,17.876,110.55,53.05
16,11,6.7136,17.92,112.62,55.44
16,11,6.9324,18.373,119.81,58.949
16,11,6.7159,18.342,120.31,59.309
16,11,4.6012,17.935,109.22,51.571
16,11,4.4142,18.468,120.42,58.512
16,11,5.8838,17.741,110.64,54.551
16,11,5.5755,17.853,107.39,49.36
16,11,7.9644,17.683,109.52,53.121
16,11,6.4726,18.132,117.24,58.484
16,11,5.8101,17.802,108.62,52.359
16,11,6.1978,17.915,109.43,51.924
16,11,5.8611,17.902,115.67,58.06
16,11,5.7773,18.327,118.41,57.814
16,11,7.5451,18.558,124.53,63.339
16,11,5.5174,18.009,115.47,57.57
16,11,7.6284,17.95,115.43,57.69
16,11,6.064,18.236,117.75,57.375
16,11,4.0199,18.372,121.39,60.4
16,11,8.1733,17.737,110.52,53.665
16,11,5.4798,18.843,125.18,61.343
16,11,6.0635,17.743,104.11,47.989
16,11,6.5857,17.929,110.9,53.067
16,11,6.5927,18.155,116.64,57.391
16,11,6.9564,17.58,106.5,51.169
16,11,7.2269,17.956,114.21,56.33
16,11,8.14,17.577,110.33,54.474
16,11,6.8913,17.755,113.59,56.503
16,11,8.1235,17.96,112.11,53.905
16,11,4.948,18.099,116.92,57.148
16,11,7.5352,18.309,116.96,55.702
16,11,6.444,17.933,112.16,54.517
16,11,6.0301,18.096,113.76,55.974
16,11,5.6742,18.666,125.73,62.396
16,11,7.2767,17.94,112.05,54.567
16,11,8.4805,18.049,112.88,53.638
16,11,5.3407,18.247,116.01,56.518
16,11,6.0238,17.793,112.49,56.043
16,11,6.0174,18.054,115.9,57.109
16,11,5.7882,18.048,113.31,54.479
16,11,6.4486,17.946,112.83,54.309
16,11,5.6607,18.071,117.32,57.912
16,11,7.906,18.15,117.52,58.381
16,11,9.1472,17.041,99.832,47.703
16,11,6.9417,17.814,110.12,53.134
16,11,6.9556,17.945,113.08,55.264
16,11,5.3125,18.068,113.81,55.78
16,11,6.9726,18.251,120.68,61.573
16,11,6.7074,18.466,120.95,59.295
16,11,6.2123,18.361,118.84,57.589
16,11,7.9704,18.111,117.76,59.134
16,11,5.8999,18.245,118.13,57.786
16,11,8.1942,17.688,109.32,53.397
16,11,6.6821,17.935,111.82,54.323
16,11,6.7472,17.924,115.22,57.8
16,11,6.476,18.261,120.65,60.329
16,11,6.4759,18.07,118.43,59.243
16,11,7.3158,17.867,109.25,51.79
16,11,5.5924,18.064,116.12,57.866
16,11,7.2166,17.622,105.86,50.012
16,11,8.7517,17.607,108.1,52.31
16,11,7.7462,17.643,109.6,53.047
16,11,6.3386,17.849,110.55,52.653
16,11,5.4641,17.804,111.04,53.699
16,11,7.6896,17.643,106.05,50.047
16,11,8.6634,17.706,106.28,50.142
16,11,3.7073,18.571,123.06,61.327
16,11,7.2065,18.08,120.25,61.53
16,11,6.4342,17.685,109.97,53.432
16,11,6.8011,18.33,117.37,56.844
16,11,5.9636,17.947,112.47,54.544
16,11,7.1633,17.832,111.66,53.945
16,11,6.0339,18.256,116.93,56.353
16,11,7.232,17.873,112.21,54.727
16,11,7.3274,18.101,113.36,54.91
16,11,7.1336,18.145,114.33,55.339
16,11,5.5113,17.653,109.99,53.678
16,11,5.6035,18.422,123.89,62.051
16,11,6.9561,17.907,116.68,59.138
16,11,8.7507,17.739,111.47,55.652
16,11,6.9697,17.779,110,53.218
16,11,5.3872,18.413,119.74,57.986
16,11,6.8359,18.298,117.27,56.835
16,11,5.4299,18.183,113.35,53.551
16,11,7.4701,18.164,113.35,53.94
16,11,6.1423,18.144,115.25,56.279
16,11,6.1371,18.378,118.65,58.05
16,11,6.6143,18.539,116.13,54.148
16,11,7.4876,18.475,124.81,63.196
16,11,6.048,18.764,121.13,59.048
16,11,7.1211,17.758,107.82,50.911
16,11,6.5821,18.912,130.25,65.68
16,11,4.9494,18.2,118.85,59.472
16,11,5.5995,18.15,114.35,54.809
16,11,4.8259,18.118,112.22,53.275
16,11,7.44,18.359,118.52,59.152
16,11,6.0573,18.42,120.83,59.393
16,11,5.4569,18.184,118.91,59.748
16,11,6.623,17.799,113.83,57.819
16,11,6.1202,18.326,120.65,59.851
16,11,8.3293,18.148,117.53,58.102
16,11,5.6386,18.409,117.79,56.301
16,11,7.5704,17.684,110.24,54.273
16,11,7.3192,17.939,110.41,53.079
16,11,6.7201,18.569,124.39,62.377
16,11,7.7806,18.031,111.58,53.587
16,11,5.9222,18.365,119.07,58.612
16,11,8.0963,18.178,117.61,57.528
16,11,7.6223,18.249,114.05,54.84
16,11,5.5492,17.973,116.34,58.462
16,11,6.2424,18.416,114.97,53.674
16,11,5.0464,18.16,116.32,57.056
16,11,5.8885,18.182,114.48,55.57
16,11,4.9576,18.158,116.46,57.552
16,11,6.8572,18.242,118.82,58.232
16,11,8.4847,17.839,112.09,55.121
16,11,5.0946,18.159,111.72,52.013
16,11,5.1452,18.439,116.55,55.885
16,11,4.8653,18.714,125.67,62.996
16,11,5.8514,17.719,109.85,52.595
16,11,8.4831,17.27,100.69,47.605
16,11,6.0569,18.114,114.07,55.719
16,11,5.7078,18.28,119.21,59.19
16,11,6.7611,17.73,112.24,55.767
16,11,5.3483,18.288,117.6,57.47
16,11,6.5754,18.133,118.85,59.008
16,11,6.2468,17.711,111.87,55.704
16,11,6.2065,17.842,114.3,56.189
16,11,5.1437,18.609,120.52,57.618
16,11,4.8863,18.172,115.99,55.889
16,11,6.5644,18.125,115.49,57.205
16,11,6.4367,18.024,110.22,52.047
16,11,7.8679,17.955,109.01,49.675
16,11,6.3997,18.292,120.88,60.089
16,11,6.2697,18.439,116.56,55.706
16,11,5.7963,18.307,117.86,57.985
16,11,6.6573,18.18,114.32,54.696
16,11,7.1045,18.085,114.06,54.589
16,11,6.8133,17.737,107.44,50.785
16,11,7.0526,18.188,116.02,57.105
16,11,6.2007,18.004,114.84,56.557
16,11,6.2343,18.022,114.37,56.427
16,11,5.5849,18.231,113.86,53.921
16,11,5.1307,18.119,113.79,54.218
16,11,5.7732,18.125,118.14,58.596
16,11,6.2603,18.136,115.04,56.175
16,11,7.5547,18.143,114.67,56.072
16,11,6.965,17.957,112.84,54.207
16,11,5.114,18.548,122.5,61.035
16,11,5.7347,18.319,123.3,62.63
16,11,5.2834,18.521,118.74,56.345
16,11,6.5457,17.913,112.2,54.115
16,11,5.7005,18.902,131.98,68.026
16,11,6.9762,18.391,120.19,58.897
16,11,5.5128,18.812,123.11,59.287
16,11,7.1033,18.276,116.13,55.271
16,11,6.5235,17.785,110.03,52.446
16,11,5.9797,18.083,114.16,55.84
16,11,8.1858,18.233,117.36,57.533
16,11,3.9096,18.627,122.03,59.585
16,11,5.7255,18.049,114.07,55.297
16,11,7.8691,17.472,106.51,51.92
16,11,4.768,19.037,128.91,64.871
16,11,5.6306,18.056,113.14,54.306
16,11,5.258,18.276,120.8,60.898
16,11,5.8329,18.198,116.42,56.232
16,11,7.5157,17.97,113.2,55.021
16,11,7.5562,17.848,109.44,51.529
16,11,8.8105,17.745,109.67,53.537
16,11,7.944,17.957,115.01,57.249
16,11,7.2951,17.829,113.7,56.208
16,11,5.2676,17.728,111.92,55.318
16,11,6.7949,18.201,119.08,58.122
16,11,5.0688,17.846,108.4,51.314
16,11,4.3501,18.24,111.14,50.928
16,11,8.1888,17.111,100.95,48.686
16,11,8.2287,17.581,108.99,53.908
16,11,5.9811,17.9,112.1,54.307
16,11,4.7587,18.937,125.65,61.05
16,11,6.1667,18.342,118.87,57.48
16,11,7.6665,18.188,114.58,55.128
16,11,7.21,17.984,113.18,54.549
16,11,5.5371,18.076,112.67,54.096
16,11,5.897,18.609,123.35,61.629
16,11,6.3073,17.779,109.63,52.803
16,11,6.9242,18.257,117.19,57.375
16,11,6.8582,17.94,110.92,53.098
16,11,5.9875,18.15,113.78,54.406
16,11,5.2465,18.174,113.89,53.278
16,11,5.1582,18.144,118,58.433
16,11,5.3168,18.196,112.59,52.691
16,11,7.1938,17.309,103.86,49.828
16,11,6.5524,18.048,114.93,55.747
16,11,7.5241,17.555,108.95,53.159
16,11,4.8366,18.474,118.09,56.442
16,11,5.1369,18.171,113.19,53.389
16,11,6.9555,18.624,123.35,60.507
16,11,5.2909,18.303,117.74,58.073
16,11,7.0337,17.796,111.05,54.208
16,11,5.4811,18.081,113.99,55.717
16,11,5.9072,18.283,119.96,60.219
16,11,7.3105,18.747,121.03,57.997
16,11,4.2923,18.318,117.02,56.655
16,11,5.7684,17.702,112.64,55.733
16,11,6.3581,17.952,110.87,52.557
16,11,5.6389,17.913,114.07,56.837
16,11,7.2349,17.591,110.75,54.672
16,11,6.5193,18.349,121.81,61.206
16,11,5.3917,18.336,117.72,56.736
16,11,8.4775,18.188,114.43,54.862
16,11,6.895,17.672,103.98,47.871
16,11,6.2504,18.15,118.66,59.066
16,11,6.7205,17.883,112.44,54.691
16,11,8.4084,18.056,115.89,56.968
16,11,6.5647,17.812,107.41,50.54
16,11,6.644,18.444,119.12,58.413
16,11,6.4213,18.081,110.3,52.013
16,11,4.5028,18.169,116.24,56.744
16,11,5.4188,18.46,120.94,59.506
16,11,4.8951,17.952,108.36,50.987
16,11,4.122,18.202,118.28,58.257
16,11,6.7935,18.332,117.16,55.819
16,11,5.7223,18.382,119.52,58.73
16,11,6.9565,18.133,113.48,55.606
16,11,5.897,18.199,114.13,54.75
16,11,5.9433,18.416,124.22,63.94
16,11,5.6964,18.397,119.41,59.323
16,11,5.5375,18.288,118.23,57.808
16,11,6.1609,17.948,112.19,54.049
16,11,8.4242,17.712,108.21,52.449
16,11,8.9074,18.028,110.89,52.823
16,11,6.9552,17.824,108.6,52.06
16,11,7.2883,17.789,109.28,51.746
16,11,8.0648,17.485,105.5,50.467
16,11,5.4687,17.715,111.13,54.579
16,11,8.272,17.846,110,53.53
16,11,5.7125,18.296,114.89,55.369
16,11,9.1338,17.609,106.72,50.519
16,11,5.1405,18.627,125.25,62.617
16,11,7.3666,18.086,113.76,55.195
16,11,6.1823,18.307,118.12,57.281
16,11,5.8849,17.956,110.94,51.419
16,11,6.6606,17.896,114.99,57.425
16,11,5.8906,17.712,109.7,53.207
16,11,8.8868,18.28,117.59,56.743
16,11,5.6257,18.751,128.24,65.661
16,11,5.478,17.86,112.48,55.32
16,11,5.355,18.195,114.81,55.606
16,11,6.4033,17.974,113.93,55.55
16,11,9.345,17.501,106.37,51.16
16,11,7.697,17.65,111.68,55.825
16,11,8.0022,18.37,119.94,58.579
16,11,5.1128,18.403,119.38,59.039
16,11,7.8327,17.693,112.24,55.951
16,11,6.4936,18.711,127.7,64.131
16,11,4.3469,18.162,113.91,55.403
16,11,8.0795,17.892,111.77,54.421
16,11,5.8363,17.931,114.73,56.679
16,11,7.9597,17.928,109.89,51.446
16,11,5.8288,18.589,120.75,58.703
16,11,8.0689,18.09,115.92,56.507
16,11,7.0606,17.678,108.67,51.754
16,11,6.3846,18.547,121.78,59.466
16,11,6.2491,17.61,109.69,54.395
16,11,6.936,17.649,107.59,51.607
16,11,7.0372,17.531,106.47,51.411
16,11,5.8758,17.841,113.27,55.782
16,11,6.0908,18.253,119.22,59.557
16,11,5.3754,18.219,115.59,55.604
16,11,6.1035,18.298,120.02,60.487
16,11,4.552,18.272,117.74,57.984
16,11,5.7753,18.377,117.9,56.151
16,11,7.123,18.256,118.85,58.924
16,11,5.7375,18.829,126.34,62.64
16,11,9.3032,17.993,115.64,57.301
16,11,8.3436,17.956,114.7,57.608
16,11,6.6722,17.558,107.84,53.033
16,11,4.187,18.345,118.72,58.552
16,11,5.1058,18.016,114.4,56.525
16,11,8.6117,18.11,114.67,56.465
16,11,6.1262,18.449,118.04,56.8
16,11,5.7468,18.35,118.14,57.466
16,11,7.0718,17.858,111.37,54.571
16,11,5.4823,18.058,113.75,55.355
16,11,6.4447,18.093,115.22,55.69
16,11,8.4233,17.281,100.85,47.382
16,11,6.5582,18.004,115.4,57.373
16,11,6.553,17.918,113.19,56.408
16,11,5.9263,17.939,112.01,53.588
16,11,7.3968,18.161,113.72,54.399
16,11,8.0799,17.695,106.82,50.436
16,11,6.7492,18.288,115.69,55.713
16,11,6.1145,18.198,116.23,57.161
16,11,6.3059,18.157,116.22,56.795
16,11,7.0537,17.903,114.11,56.719
16,11,6.6567,17.916,112.11,54.546
16,11,7.3594,18.053,114.48,55.564
16,11,4.0721,18.61,122.89,60.45
16,11,4.9864,18.267,113.92,53.348
16,11,6.5722,17.276,106.25,53.102
16,11,7.1567,18.008,114.35,56.171
16,11,6.2767,17.93,112.19,54.615
16,11,6.0831,18.046,113.42,55.777
16,11,7.9247,17.731,114.65,57.953
16,11,5.609,18.102,114.75,55.629
16,11,5.4814,18.349,120.68,60.419
16,11,7.4795,18.491,122.62,61.412
16,11,6.621,17.562,106.2,51.01
16,11,5.8791,18.169,117.19,57.548
16,11,4.7655,19.096,129.44,63.903
16,11,5.8947,17.963,114.04,55.305
16,11,6.0189,17.932,110.52,51.822
16,11,8.7938,17.989,113.59,55.014
16,11,5.7105,18.12,114.31,55.467
16,11,8.0829,17.77,111.39,54.201
16,11,7.2415,17.786,109.69,53.168
16,11,7.2933,18.068,116.37,58.473
16,11,6.6465,17.706,109.94,53.614
16,11,6.794,18.189,115.9,56.901
16,11,6.5215,17.943,111.4,53.923
16,11,7.3854,17.682,107.19,50.846
16,11,5.5324,18.289,115.59,55.428
16,11,8.9968,17.728,110.44,53.968
16,11,5.5185,17.961,112.54,54.525
16,11,8.9791,17.494,102.56,47.779
16,11,7.0142,18.156,115.05,55.856
16,11,5.7022,17.866,112.47,54.415
16,11,5.2139,17.891,114.29,57.28
16,11,7.4375,17.552,108.79,53.763
16,11,5.4585,18.147,117.11,57.493
16,11,4.5292,18.198,113.86,54.53
16,11,6.7663,17.831,108.58,51.547
16,11,6.0424,17.861,115.3,57.869
16,11,6.1442,18.283,117.05,56.223
16,11,5.9241,18.637,122.16,59.498
16,11,6.3246,17.817,112.01,55.811
16,11,8.7552,17.621,112.31,56.159
16,11,7.1138,18.298,121.06,60.795
16,11,6.0499,18.338,120.28,59.021
16,11,5.897,18.259,115.53,55.936
16,11,7.4956,17.875,109.54,51.703
16,11,7.7391,17.763,111.87,54.406
16,11,6.2126,17.697,111.1,54.781
16,11,5.6612,17.877,113.69,55.42
16,11,6.2484,18.377,121.36,61.187
16,11,7.2144,18.21,114.62,55.214
16,11,5.4427,18.648,122.87,59.982
16,11,6.2053,17.763,109.11,52.898
16,11,7.0463,17.969,112.12,53.349
16,11,6.4054,17.989,112.18,54.866
16,11,8.6726,17.441,105.32,50.25
16,11,5.6642,18.344,116.66,56.891
16,11,7.8388,17.996,113.53,55.434
16,11,5.7811,17.907,112.19,53.992
16,11,7.0832,17.578,108.67,52.04
16,11,5.5387,18.246,118.62,59.231
16,11,6.9629,17.461,106.03,51.192
16,11,7.9578,17.996,115.43,57.228
16,11,5.6479,18.158,118.69,59.012
16,11,5.9785,17.667,105.5,49.247
16,11,8.6866,17.564,110.4,55.282
16,11,6.4424,17.848,110.39,53.054
16,11,4.8443,18.384,119.12,57.925
16,11,6.9955,18.395,122.31,61.999
16,11,5.6169,17.8,114.12,57.089
16,11,8.3419,18.179,117.48,57.756
16,11,7.5734,17.72,110.24,54.416
16,11,5.441,18.366,118.59,58.401
16,11,4.4852,18.163,114.05,54.291
16,11,7.1248,17.957,114.05,56.403
16,11,7.9981,17.811,109.82,52.031
16,11,4.514,18.174,113.65,53.692
16,11,5.6767,18.17,115.16,56.198
16,11,5.9322,18.3,118.37,58.577
16,11,5.3004,18.038,117.33,59.027
16,11,6.3152,18.222,113.98,54.007
16,11,6.1982,18.317,119.63,59.209
16,11,6.3402,18.085,116.13,57.375
16,11,7.4286,17.914,112.92,55.514
16,11,5.794,17.904,112.64,55.031
16,11,4.6129,18.095,114.42,55.33
16,11,6.9388,18.217,116.86,57.245
16,11,5.8202,17.868,111.8,54.114
16,11,6.8275,17.732,109.8,53.971
16,11,7.3923,17.659,108.29,53.115
16,11,6.5905,17.786,110.24,53.669
16,11,6.1074,18.311,115.18,53.875
16,11,6.7028,17.922,111.95,54.065
16,11,5.023,19.202,133.61,66.91
16,11,6.2291,17.879,110.39,52.799
16,11,7.758,17.97,114.02,55.986
16,11,7.8665,17.892,108.64,50.745
16,11,7.1928,17.982,113,54.898
16,11,6.4386,18.389,120.8,59.699
16,11,5.5194,17.841,110.52,54.234
16,11,5.0903,18.344,118.15,57.802
16,11,4.5429,19.12,130.52,64.779
16,11,6.4425,17.874,111.72,54.146
16,11,4.6527,17.904,109.48,50.996
16,11,7.5347,17.854,111.9,54.192
16,11,5.987,18.011,114.64,55.865
16,11,7.7611,17.948,114.57,57.359
16,11,6.8273,17.911,111.94,53.857
16,11,5.6945,18.008,113.32,55.274
16,11,5.7495,18.063,114.79,55.829
16,11,6.8535,17.868,112.65,55.63
16,11,6.6219,17.934,111.43,53.106
16,11,5.462,18.79,126.4,62.872
16,11,6.8859,17.802,109.75,53.433
16,11,6.5516,18.124,112.08,53.09
16,11,6.8574,17.911,113.47,56.058
16,11,5.1626,18.339,117.94,58.339
16,11,6.4524,17.817,108.98,52.304
16,11,6.826,18.611,122.95,60.104
16,11,6.897,17.775,108.48,50.661
16,11,6.694,17.757,108.09,51.803
16,11,5.1966,18.775,125.69,62.747
16,11,8.2407,18.03,112.47,54.333
16,11,5.688,18.063,114.41,55.423
16,11,5.487,17.926,114.59,55.857
16,11,5.7264,18.208,116.37,56.671
16,11,4.0718,18.639,122.51,60.129
16,11,5.1557,18.312,118.19,57.745
16,11,4.6046,18.683,124.97,61.902
16,11,9.5181,17.33,107.81,53.439
16,11,5.6145,17.93,111.54,54.01
16,11,6.0488,18.345,117.85,56.772
16,11,6.0241,17.828,108.94,52.178
16,11,4.6962,18.123,112.95,53.863
16,11,7.1559,17.734,110.85,54.66
16,11,6.7026,17.743,112.51,55.061
16,11,6.181,18.119,115.29,56.44
16,11,6.9847,18.067,115.51,56.623
16,11,7.7676,17.446,105.54,50.897
16,11,5.2357,18.229,117.68,58.147
16,11,8.7104,17.628,107.63,52.236
16,11,5.316,18.333,118.44,57.061
16,11,8.0193,17.956,110.63,52.92
16,11,6.1123,18.209,115.08,55.125
16,11,7.5135,17.572,104.92,49.337
16,11,5.4971,18.223,116.51,56.991
16,11,5.5354,18.02,114.71,56.431
16,11,6.2104,18.398,122.22,61.798
16,11,6.6245,18.24,114.37,54.532
16,11,5.7731,17.924,111.24,53.585
16,11,7.0586,18.144,113.97,54.806
16,11,6.1644,18.489,119.29,57.814
16,11,7.9399,17.561,107.45,52.356
16,11,6.4915,17.875,108.47,50.885
16,11,7.2656,18.202,114.3,54.193
16,11,7.9179,17.847,110.07,53.012
16,11,5.7113,17.875,108.78,50.822
16,11,6.6543,18.574,126.06,63.288
16,11,5.5683,18.263,119.79,60.108
16,11,6.9036,18.434,120.51,60.063
16,11,6.5013,17.929,116.08,58.105
16,11,4.9657,18.42,117.54,56.867
16,11,7.8717,18.295,115.83,56.147
16,11,6.5796,18.266,112.94,52.541
16,11,6.9138,17.986,113.19,55.419
16,11,5.8381,18.178,116.21,56.596
16,11,5.905,18.495,122.12,60.754
16,11,7.0293,18.305,116.61,56.017
16,11,5.6161,18.298,117.83,58.041
16,11,5.2685,18.16,117.49,58.581
16,11,8.024,17.947,116.47,59.156
16,11,6.9463,18.515,122.3,60.053
16,11,9.2981,17.394,104.7,49.753
16,11,6.7459,17.735,108.24,52.43
16,11,4.6711,18.757,124.02,59.637
16,11,9.238,17.974,112.95,55.119
16,11,7.3966,17.6,107.2,51.369
16,11,6.8127,17.753,108.85,52.873
16,11,6.1718,18.07,113.35,54.917
16,11,6.3778,17.81,109.73,52.966
16,11,5.6177,17.767,109.52,53.085
16,11,5.1376,18.083,113.36,54.333
16,11,6.9691,18.163,116.78,57.737
16,11,7.136,17.954,115.02,57.103
16,11,6.6617,17.733,109.09,52.611
16,11,5.002,18.017,113.36,55.73
16,11,5.7395,18.118,115.16,56.705
16,11,7.4153,17.919,109.97,51.14
16,11,7.3662,18.328,118.54,57.923
16,11,5.1289,18.252,120.05,59.423
16,11,6.4599,17.558,109.74,54.855
16,11,5.883,18.152,116,56.374
16,11,7.1021,17.896,115.19,57.746
16,11,8.0808,18.003,113.47,55.042
16,11,7.4876,17.872,112.65,55.459
16,11,5.2889,18.329,117.07,57.293
16,11,6.9342,18.271,117.28,57.387
16,11,5.8794,17.858,111.44,54.295
16,11,5.223,18.033,112.16,53.799
16,11,5.7471,18.7,120.68,56.731
16,11,6.6298,18.406,120.42,60.071
16,11,7.2484,17.904,110.35,53.753
16,11,6.8209,17.634,111.94,56.416
16,11,7.2096,17.728,109.64,53.533
16,11,7.3621,18.116,113.33,54.191
16,11,7.6713,17.477,105.05,50.12
16,11,7.9324,18.121,116.54,57.708
16,11,6.2095,17.821,106.96,50.083
16,11,4.3772,18.459,113.94,52.14
16,11,7.7694,17.693,105.45,48.593
16,11,4.5722,17.953,111.59,53.909
16,11,8.8953,17.322,105.2,50.881
16,11,7.2558,17.547,104.9,48.831
16,11,7.689,17.663,108.65,52.755
16,11,7.1536,18.118,116.12,56.827
16,11,7.5664,17.778,109.55,52.927
16,11,7.0485,17.675,110.67,55.012
16,11,5.1565,18.269,115.77,55.331
16,11,6.0623,17.997,111.93,53.234
16,11,7.0001,17.897,111.5,53.714
16,11,5.3141,18.231,116.15,56.232
16,11,4.4703,18.51,117.15,55.114
16,11,6.6501,18.012,114.48,56.507
16,11,7.3536,17.82,109.39,51.501
16,11,5.8973,17.766,110.35,54.179
16,11,5.6418,18.087,116.73,58.181
16,11,8.2803,17.912,113.53,55.744
16,11,5.628,17.661,108.25,52.146
16,11,8.9101,17.808,110.35,53.709
16,11,3.9907,18.42,119.44,58.816
16,11,6.9809,17.976,113.1,54.781
16,11,5.3486,17.616,105.91,49.625
16,11,5.521,18.258,115.42,54.817
16,11,8.5532,17.772,111.44,55.067
16,11,7.1015,18.35,117.9,56.994
16,11,7.1824,18.057,114.95,57.39
16,11,6.7996,17.541,108.25,53.388
16,11,5.63,18.093,119.37,60.879
16,11,6.9391,18.007,112.52,53.779
16,11,7.7633,17.368,105.47,50.567
16,11,7.5451,18.039,116.23,57.543
16,11,5.6118,17.91,113.52,55.899
16,11,6.8291,17.914,113.28,55.896
16,11,5.8081,18.452,118.05,55.963
16,11,6.4265,18.19,116.31,56.671
16,11,6.313,18.373,119.29,58.517
16,11,7.0211,17.976,108.09,50.207
16,11,6.2022,17.79,111.5,54.444
16,11,6.126,18.406,115.41,55.109
16,11,6.6873,18.208,114.59,54.628
16,11,6.6739,18.368,117.3,55.808
16,11,5.5764,18.148,115.8,56.256
16,11,7.9026,17.866,111.54,54.065
16,11,6.6238,17.945,112.25,55.162
16,11,6.7864,17.652,109.06,52.789
16,11,7.7336,17.824,110.36,53.258
16,11,6.3158,18.349,116.19,55.761
16,11,6.0706,18.243,117.14,58.016
16,11,5.6681,17.941,108.56,51.029
16,11,6.2795,18.379,118.92,58.748
16,11,6.9551,18.219,117.84,57.631
16,11,6.7026,17.791,115.31,58.594
16,11,6.2839,18.248,113.27,53.491
16,11,6.558,18.031,114.8,55.6
16,11,7.1375,18.318,119.78,59.101
16,11,4.4632,18.344,118.11,57.353
16,11,6.4779,18.075,115.36,56.212
16,11,6.7192,17.897,110.1,51.881
16,11,7.6868,18.052,114.81,55.964
16,11,8.3378,17.649,109.03,52.924
16,11,8.1369,18.047,113.93,55.336
16,11,6.3981,18.396,115.48,53.915
16,11,7.0115,18.55,120.87,58.694
16,11,7.2522,18.087,115.49,57.082
16,11,6.8513,18.272,120,60.274
16,11,6.154,17.965,112.23,55.301
16,11,6.7231,18.099,114.13,56.041
16,11,7.1381,17.62,110.65,54.996
16,11,7.6265,17.584,105.62,50.575
16,11,8.5079,17.884,110.25,52.572
16,11,7.0838,17.573,109.19,53.024
16,11,6.0713,18.295,115.81,55.333
16,11,7.0462,18.12,113.43,53.977
16,11,7.4005,17.858,107.22,49.29
16,11,7.565,18.076,116.2,57.787
16,11,5.6254,18.323,119.09,59.347
16,11,7.1746,18.256,117.71,57.774
16,11,6.3972,17.626,107.82,51.78
16,11,5.147,18.372,117.14,55.749
16,11,6.6651,17.752,111.63,55.083
16,11,5.5506,18.121,115.98,56.391
16,11,6.0121,18.649,123.2,59.84
16,11,5.8919,18.498,120.78,58.752
16,11,4.6748,18.186,116.92,57.349
16,11,7.8009,18.253,115.23,55.733
16,11,5.9412,18.548,121.85,60.239
16,11,8.318,18.071,113.91,54.989
16,11,7.0753,18.015,113.91,55.302
16,11,7.01,17.802,110.17,52.596
16,11,6.9301,18.305,117.33,56.892
16,11,5.6829,17.712,107.9,51.386
16,11,7.7252,18.125,116.77,57.435
16,11,6.137,18.293,115.43,55.012
16,11,7.0293,18.482,123.03,61.592
16,11,6.9212,18.326,119.6,59.016
16,11,6.8466,18.143,113.89,54.55
16,11,5.5393,18.413,119.92,58.783
16,11,6.6541,18.278,117.03,57.785
16,11,5.4541,18.462,122.57,60.827
16,11,6.6349,18.466,118.51,57.206
16,11,7.1724,18.289,115.62,56.055
16,11,6.4804,18.715,126.44,63.124
16,11,7.083,17.699,112.24,56.296
16,11,6.7523,17.851,112.34,54.913
16,11,5.7983,18.255,118.94,59.763
16,11,4.834,18.434,119.78,58.836
16,11,7.6457,17.571,105.99,50.199
16,11,5.105,17.968,111.96,53.629
16,11,6.9335,18.551,123.26,61.427
16,11,9.3168,17.895,112.34,55.606
16,11,6.443,18.081,115.27,56.461
16,11,4.266,18.489,119.72,57.714
16,11,8.2081,18.05,115.33,57.318
16,11,6.0368,18.149,113.72,54.86
16,11,5.9289,18.168,118.79,59.44
16,11,7.0138,18.029,112.35,53.757
16,11,6.0047,18.147,114.35,55.321
16,11,5.7112,17.544,106.38,51.044
16,11,5.4029,18.159,116.8,58.253
16,11,8.6632,18.007,112.13,53.941
16,11,6.0355,17.998,113.51,54.907
16,11,6.8891,18.168,112.27,52.516
16,11,8.1734,17.886,111.87,54.661
16,11,8.5499,17.776,112.79,56.733
16,11,6.5158,17.9,109.95,53.577
16,11,5.5212,18.537,117.01,55.807
16,11,7.7791,17.919,114,56.06
16,11,6.91,18.233,117.31,58.055
16,11,9.0944,17.543,106.08,50.41
16,11,7.0077,17.572,109.24,54.186
16,11,6.1715,17.955,111.53,53.357
16,11,6.6582,18.246,112.03,51.915
16,11,5.0526,17.965,114.76,56.766
16,11,6.6033,18.215,117.46,57.297
16,11,8.042,17.946,112.23,54.128
16,11,6.044,17.939,109.91,52.816
16,11,6.1888,18.625,123.76,61.109
16,11,4.6451,18.495,119.2,57.989
16,11,6.542,17.877,111.68,53.874
16,11,6.0903,18.315,121.68,61.186
16,11,5.9418,17.917,112.57,55.134
16,11,6.9249,18.133,115.57,56.725
16,11,5.8223,18.19,121.4,61.536
16,11,4.5765,18.183,117.27,57.925
16,11,5.6769,18.333,117.02,57.017
16,11,6.2095,18.048,116.07,57.983
16,11,7.0435,18.049,115.15,56.876
16,11,5.9984,18.055,114.86,54.683
16,11,5.9642,18.496,121.07,60
16,11,7.0672,18.156,114.9,55.586
16,11,7.3503,17.744,111.18,54.591
16,11,6.3719,18.009,113.87,55.215
16,11,7.5756,17.326,102.62,47.922
16,11,7.1267,17.796,110.16,54.296
16,11,5.571,18.517,122.57,61.218
16,11,6.4514,17.643,111.55,55.566
16,11,6.601,17.623,109.12,53.54
16,11,6.2726,18.171,115.53,56.034
16,11,4.607,18.549,120.43,58.27
16,11,5.7531,18.078,115.41,56.505
16,11,8.3023,17.363,104.64,50.395
16,11,6.1686,18.057,113.42,54.511
16,11,7.1075,18.556,124.14,61.742
16,11,6.5602,17.757,108.56,51.752
16,11,6.6132,18.181,118.69,58.548
16,11,7.3904,17.976,113.08,54.985
16,11,6.588,17.635,109.72,53.767
16,11,6.3887,17.97,110.39,51.603
16,11,4.3215,18.444,115.71,53.381
16,11,6.5338,17.503,107.71,52.924
16,11,7.2096,17.533,109.07,53.711
16,11,6.6895,17.427,105.39,50.919
16,11,6.7327,18.643,119.45,56.885
16,11,6.8535,17.927,113.34,55.981
16,11,4.1579,18.235,118.42,58.683
16,11,7.5137,17.944,113.95,56.325
16,11,4.7269,18.512,119.18,57.227
16,11,6.0442,17.633,111.09,54.931
16,11,7.294,17.999,111.39,53.377
16,11,7.1222,17.985,113.54,53.962
16,11,8.3921,17.754,110.14,53.48
16,11,7.0817,18.103,111.45,53.199
16,11,7.0445,18.235,114.57,55.123
16,11,7.5448,18.12,112.27,54.084
16,11,7.4885,17.704,109.64,53.736
16,11,7.4574,17.674,110.28,53.392
16,11,7.6008,17.976,111.54,52.924
16,11,6.251,18.276,114.02,54.156
16,11,6.9089,18.517,124.77,63.126
16,11,6.6166,18.752,125.82,62.551
16,11,4.5965,18.385,119.7,58.262
16,11,6.5084,17.861,108.54,51.68
16,11,4.6261,18.168,111.7,51.489
16,11,8.1286,17.984,112.55,54.709
16,11,5.3583,18.716,118.62,55.425
16,11,6.9568,18.534,122.22,59.972
16,11,6.2658,18.22,115.19,55.016
16,11,5.178,17.954,108.48,50.632
16,11,6.1467,17.658,109.07,53.58
16,11,8.2626,17.905,114.03,56.891
16,11,7.6033,18.304,121.08,60.607
16,11,6.9817,17.46,106.2,51.96
16,11,8.1116,17.664,104.74,47.969
16,11,4.234,18.678,123.19,60.748
16,11,5.1531,18.51,119.23,58.193
16,11,6.053,17.272,103.89,50.17
16,11,5.0829,18.312,120.12,59.831
16,11,6.557,18.049,116.04,58.186
16,11,4.779,18.17,119.13,59.111
16,11,7.0937,17.928,111.25,53.908
16,11,5.9893,18.225,116.04,56.468
16,11,5.442,18.286,114.63,54.522
16,11,5.2421,18.298,118.23,57.417
16,11,6.6935,17.668,110.62,54.662
16,11,8.2591,17.912,112.76,55.442
16,11,5.8306,18.204,118.03,58.254
16,11,7.4479,17.852,108.73,51.713
16,11,7.7947,17.948,112.24,55.328
16,11,6.8422,18.22,118.19,58.614
16,11,8.3924,17.725,111.51,54.565
16,11,5.7988,17.568,104.35,48.859
16,11,7.2276,18.013,114.51,55.729
16,11,8.8321,17.385,104.74,49.509
16,11,5.8544,18.057,112.73,54.436
16,11,8.2831,18.022,112.1,53.255
16,11,6.0024,18.47,124.26,61.306
16,11,7.1614,17.929,109.1,51.354
16,11,6.5378,18.056,114.3,54.864
16,11,4.9629,18.312,117.11,56.382
16,11,9.1846,18.335,119.9,58.606
16,11,8.833,17.824,111.06,53.491
16,11,5.8113,18.801,126.49,62.929
16,11,6.792,17.804,109.22,51.126
16,11,7.0168,18.067,115.02,56.103
16,11,7.9033,17.885,116.17,59.622
16,11,7.9168,17.648,107.6,50.826
16,11,5.8771,17.896,114.39,56.439
16,11,5.2266,18.44,118.5,57.674
16,11,6.3405,18.109,115.44,57.025
16,11,6.4993,18.096,114.55,56.557
16,11,7.9478,18.247,116.5,56.859
16,11,6.0715,17.697,108.96,52.154
16,12,8.3795,18.106,116.01,57.305
16,12,7.9773,18.307,116.69,55.756
16,12,7.4465,19.159,133.4,67.389
16,12,6.7578,18.451,123.02,62.252
16,12,10.2,18.179,115.45,57.079
16,12,4.9969,18.732,126.12,61.755
16,12,7.1256,18.832,127.46,63.592
16,12,8.2842,18.283,119.61,58.476
16,12,7.331,18.168,117,57.24
16,12,7.7326,18.619,123.73,60.911
16,12,6.2384,18.329,118.77,58.148
16,12,7.067,18.162,116.24,55.615
16,12,6.5645,18.43,120.92,59.498
16,12,6.4473,18.678,126.18,63.001
16,12,6.4663,18.559,124.98,63.809
16,12,7.1262,18.517,118.78,56.004
16,12,6.1518,17.96,115.75,56.845
16,12,4.8594,19.271,132.14,65.42
16,12,6.1415,18.62,121.27,59.487
16,12,5.9896,18.178,119.28,59.646
16,12,5.8695,18.557,124.38,61.099
16,12,8.7872,18.495,123.9,62.389
16,12,7.7862,17.985,117.91,59.657
16,12,7.3312,18.098,112.84,53.694
16,12,6.8968,18.717,122.2,57.558
16,12,6.6468,18.119,117.49,57.699
16,12,4.0853,18.841,130.05,66.193
16,12,6.0453,18.646,124.54,62.139
16,12,7.4029,18.409,120.33,59.518
16,12,6.3825,18.155,119.51,60.08
16,12,6.4448,18.545,123.29,59.829
16,12,7.3649,18.777,124.91,61.301
16,12,6.1988,18.475,126.79,65.097
16,12,5.4394,18.925,129.73,64.524
16,12,7.1274,18.68,121.88,59.269
16,12,5.5645,18.391,121.48,59.838
16,12,7.1976,18.281,116.94,56.627
16,12,7.7096,18.09,117.36,57.76
16,12,4.9136,18.433,117.09,56.513
16,12,5.988,18.844,131.04,66.513
16,12,8.4218,18.275,118.91,58.772
16,12,5.7843,18.575,125.52,62.486
16,12,7.1732,18.493,118.4,56.505
16,12,5.7864,18.695,121.71,58.739
16,12,7.2243,17.808,110.4,52.793
16,12,8.1709,18.421,121.84,60.377
16,12,6.9224,18.358,123.34,62.285
16,12,7.153,18.405,121.05,59.984
16,12,6.072,18.716,124.8,61.964
16,12,5.2442,18.8,128.92,65.186
16,12,4.5782,19.085,129.5,63.649
16,12,6.1336,19.028,132.73,68.19
16,12,6.9615,18.559,120.53,58.331
16,12,5.1438,18.782,130.38,66.117
16,12,5.1262,19.166,131.38,64.809
16,12,8.0046,18.029,114.58,56.233
16,12,5.8337,18.706,123.13,60.087
16,12,6.3355,18.087,113.15,54.201
16,12,4.7989,19.184,135.02,68.688
16,12,6.7867,18.818,127.34,63.945
16,12,6.2283,19.167,135.33,69.437
16,12,6.7652,18.48,120.54,58.894
16,12,7.5958,18.46,121.65,60.175
16,12,6.4837,18.251,113.84,54.881
16,12,7.159,18.33,120.01,59.305
16,12,8.5485,18.322,120.43,60.203
16,12,5.7614,18.638,120.84,58.118
16,12,6.2066,18.597,120.58,57.067
16,12,7.126,18.882,129.02,65.532
16,12,5.2871,18.241,118.88,58.75
16,12,5.2115,18.788,126.44,63.102
16,12,5.1744,18.881,128.74,64.017
16,12,7.706,18.404,120.17,59.565
16,12,6.8348,18.449,121.99,60.588
16,12,6.0791,18.653,124.89,62.659
16,12,6.2443,18.507,121.92,59.868
16,12,5.2761,18.266,117.56,57.228
16,12,7.0504,17.892,112.55,53.76
16,12,6.419,18.621,124.74,62.547
16,12,5.252,18.904,127.23,63.259
16,12,6.6177,18.621,125.23,62.997
16,12,5.0952,18.378,122.02,61.353
16,12,7.7652,18.309,121.89,61.113
16,12,6.2139,18.524,123.17,61.142
16,12,5.9757,18.101,119.81,61.114
16,12,8.5321,18.517,123.22,61.056
16,12,7.1921,18.418,121,60.201
16,12,6.397,18.521,123.35,61.666
16,12,5.8814,18.609,127.28,64.348
16,12,6.1084,18.917,126.07,62.411
16,12,7.1315,18.282,118.82,58.534
16,12,5.8421,18.364,121.61,59.398
16,12,5.0593,19.299,136.21,69.225
16,12,5.9861,17.994,114.16,55.431
16,12,4.3833,18.845,125.93,61.569
16,12,6.9954,18.565,125.86,63.066
16,12,6.1597,19.001,129.95,63.841
16,12,6.4058,18.444,120.45,58.772
16,12,7.9405,17.671,108.82,52.602
16,12,7.5683,18.167,118.79,59.793
16,12,6.9376,18.478,118.18,55.861
16,12,5.6976,18.623,122.45,58.96
16,12,7.3759,18.66,126.37,63.184
16,12,5.8206,18.894,124.91,61.046
16,12,8.4738,18.387,121.47,60.665
16,12,7.8581,17.957,113.99,56.317
16,12,7.6416,17.929,112.21,54.029
16,12,7.0597,18.738,127.09,64.245
16,12,5.5121,19.102,132.2,65.262
16,12,6.4281,18.854,126.31,62.08
16,12,5.0062,18.803,127.16,63.796
16,12,6.6635,18.501,121.18,59.625
16,12,5.5407,18.898,128.07,62.88
16,12,9.9644,18.01,114.8,56.653
16,12,7.0999,18.483,121.54,60.063
16,12,6.724,18.522,122.29,60.978
16,12,5.2901,18.584,120.7,59.132
16,12,6.5774,18.066,116.19,58.204
16,12,7.324,18.984,130.07,64.371
16,12,6.9416,18.359,121.58,61.863
16,12,5.2813,18.504,127.96,66.029
16,12,6.6156,18.223,117.36,57.406
16,12,6.111,18.67,122.47,60.066
16,12,8.1266,18.29,124.74,64.378
16,12,7.959,18.377,122.64,61.872
16,12,7.1341,18.573,120.36,58.182
16,12,5.4398,18.195,112.21,52.448
16,12,6.1736,18.715,125.58,62.503
16,12,5.2132,18.657,126.55,63.905
16,12,5.626,18.62,122.08,59.708
16,12,5.37,18.428,125.48,64.59
16,12,7.1505,18.439,122.96,61.706
16,12,5.5039,18.782,126.72,62.856
16,12,4.7106,18.928,128.91,64.542
16,12,7.6249,18.78,126.82,63.431
16,12,6.0682,18.247,118.62,58.491
16,12,5.8018,18.531,120.05,57.52
16,12,6.9596,18.625,123.15,60.05
16,12,5.517,19.129,127.38,61.003
16,12,6.3362,18.646,127.64,65.59
16,12,7.2533,18.517,120.08,58.169
16,12,6.1655,18.42,122.13,60.479
16,12,7.298,18.65,124.23,61.443
16,12,6.3297,18.838,129.35,65.563
16,12,7.0935,18.435,120.09,58.862
16,12,5.3155,18.091,117.46,58.402
16,12,7.2928,18.136,117.98,58.465
16,12,7.1919,17.717,114.17,57.626
16,12,4.7257,18.699,122.81,60.083
16,12,7.1228,18.457,120.3,59.049
16,12,5.2618,18.761,126.48,63.516
16,12,7.2398,18.24,119.85,60.34
16,12,8.04,18.636,122.24,59.58
16,12,5.7901,18.147,117.27,57.305
16,12,5.9257,18.453,122.08,60.395
16,12,5.7244,18.272,118.71,58.516
16,12,6.3198,18.717,123.26,59.862
16,12,5.398,19.057,126.94,61.295
16,12,6.8035,18.694,123.54,60.835
16,12,5.9463,18.949,127.99,62.816
16,12,7.3598,19.095,134.97,69.12
16,12,7.222,18.568,123.05,61.347
16,12,5.1019,19.312,132.03,64.526
16,12,7.6997,18.108,115.14,56.567
16,12,7.4477,18.168,117.22,57.988
16,12,5.9673,18.599,123.11,61.453
16,12,7.0435,18.558,120.94,58.583
16,12,8.4661,18.411,120.26,59.689
16,12,7.5255,18.336,120.71,60.343
16,12,7.908,18.087,117.22,58.35
16,12,7.3352,18.505,122.28,59.421
16,12,8.2352,17.972,109.86,51.253
16,12,7.4103,18.496,120.7,59.316
16,12,6.1618,18.895,126.79,62.043
16,12,5.4028,18.493,125.89,64.459
16,12,5.5521,18.86,129.66,65.637
16,12,6.3194,18.076,113.25,55.155
16,12,5.3939,18.426,121.07,59.791
16,12,6.8214,18.096,113.42,54.487
16,12,7.7972,18.774,127.22,63.371
16,12,5.8711,18.557,122.79,60.62
16,12,6.1384,18.698,127.36,64.759
16,12,7.7491,18.179,115.55,55.299
16,12,6.2163,18.857,126.36,62.658
16,12,7.6894,18.175,118.01,58.45
16,12,6.0287,19.183,134.6,67.344
16,12,6.5161,18.534,126.82,65.223
16,12,7.7958,18.085,117.84,59.187
16,12,6.8085,18.669,127.33,64.527
16,12,8.4358,18.297,116.48,55.714
16,12,6.2527,18.813,127.77,64.1
16,12,7.1489,18.444,125.35,64.362
16,12,7.9213,18.9,128.5,63.791
16,12,6.2466,18.477,119.34,58.327
16,12,6.7824,19.014,131.29,65.497
16,12,6.7696,18.311,121.25,60.481
16,12,6.461,18.637,122.54,58.246
16,12,7.0302,18.733,127.53,63.95
16,12,6.2116,18.363,122.7,61.427
16,12,4.6726,18.964,125.59,59.651
16,12,7.1354,17.617,112.08,56.933
16,12,6.1483,18.504,118.24,55.955
16,12,5.7989,19.248,130.77,64.191
16,12,9.0023,18.137,111.99,53.664
16,12,5.2343,18.157,116.75,57.756
16,12,5.5321,18.426,125.2,63.524
16,12,6.5418,18.834,127.47,63.278
16,12,6.8271,18.328,119.75,58.608
16,12,5.0954,18.951,129.13,65.014
16,12,6.6429,18.578,123.75,61.303
16,12,9.0774,17.647,110.79,54.833
16,12,8.328,18.677,125.67,62.108
16,12,6.327,18.501,124.82,63.349
16,12,5.534,18.479,120.46,59.344
16,12,8.2605,18.526,121.27,59.894
16,12,4.8573,18.922,128.92,64.153
16,12,8.8043,18.471,122.34,60.577
16,12,7.5535,18.242,119.58,59.958
16,12,5.7108,18.749,124.95,61.945
16,12,5.9655,18.638,123.16,60.526
16,12,7.4527,18.497,122.01,59.873
16,12,6.4811,18.171,119.98,59.451
16,12,4.3968,18.788,124.7,60.55
16,12,6.9564,18.41,122.84,61.166
16,12,7.3326,17.652,109.49,53.554
16,12,6.7767,18.514,123.24,61.426
16,12,8.5957,17.706,109.1,52.923
16,12,7.627,17.872,113.11,55.318
16,12,6.3235,18.511,118.89,57.028
16,12,6.5865,18.702,124.56,60.735
16,12,5.4957,18.982,127.78,62.567
16,12,5.9504,18.842,125.36,60.999
16,12,7.8823,18.372,119.92,58.504
16,12,6.8446,18.529,124.66,62.887
16,12,5.0044,18.355,114.76,54.406
16,12,6.7405,18.218,117.22,56.921
16,12,6.6945,18.844,128.08,63.814
16,12,7.1162,18.956,127.03,62.586
16,12,7.5865,18.708,125.68,62.024
16,12,8.477,18.215,117.97,57.484
16,12,6.9627,18.716,126.89,62.882
16,12,6.1581,18.126,117.18,58.483
16,12,7.8479,18.209,119.95,60.399
16,12,6.3746,19.145,132.63,66.78
16,12,7.4018,18.074,114.69,55.315
16,12,4.359,19.138,132.1,66.249
16,12,6.2569,18.442,123.35,62.065
16,12,6.224,18.534,123.3,60.96
16,12,8.361,18.097,114.59,52.556
16,12,5.5801,18.068,115.45,56.652
16,12,6.9986,18.897,127.17,62.765
16,12,7.5681,18.052,117.83,59.494
16,12,6.469,18.433,122.26,60.828
16,12,7.9397,18.745,125.12,63.082
16,12,7.1571,17.998,115.5,57.506
16,12,7.8759,18.378,119.86,59.105
16,12,7.128,18.344,118.16,57.835
16,12,7.6302,18.178,114.52,54.8
16,12,6.6627,17.956,114.51,56.158
16,12,5.0195,18.914,132.33,67.703
16,12,6.4228,18.48,122.21,59.844
16,12,5.3424,18.463,119.74,58.402
16,12,7.7247,18.454,122.78,61.17
16,12,6.8062,18.654,124.62,62.373
16,12,6.5713,18.654,123.55,60.84
16,12,9.3441,17.709,112.46,56.216
16,12,6.0611,18.678,129.72,66.908
16,12,5.4583,18.742,129.08,65.841
16,12,5.1934,18.839,125.66,59.8
16,12,6.3697,18.319,121.32,61.15
16,12,8.0682,18.631,123.44,61.438
16,12,7.1659,18.436,120.77,59.788
16,12,4.9172,18.948,128.45,63.547
16,12,6.0923,18.661,123.43,59.615
16,12,6.3013,18.626,123.98,61.649
16,12,5.8264,18.763,126.97,62.869
16,12,7.209,18.564,122.22,60.64
16,12,5.652,18.609,124.33,62.275
16,12,7.8004,18.477,122.16,61.036
16,12,6.6377,18.771,129.28,66.078
16,12,8.1861,18.713,127.14,64.068
16,12,6.7281,18.297,119.35,58.644
16,12,8.204,18.215,116.18,56.572
16,12,6.5818,19.014,127.56,62.728
16,12,5.8226,18.879,126.51,62.114
16,12,6.24,18.494,123.29,61.11
16,12,7.1873,18.772,127.47,64.83
16,12,6.1446,18.89,128.31,62.408
16,12,6.0905,18.74,127.15,62.588
16,12,6.4243,18.573,123.55,61.19
16,12,6.0498,18.972,130.55,66.262
16,12,5.151,18.45,122.26,60.215
16,12,4.7509,18.902,130.07,66.123
16,12,7.3293,18.302,119.57,59.201
16,12,7.0848,18.534,126.09,64.03
16,12,6.2008,18.871,125.04,60.769
16,12,5.6411,18.609,127.84,63.368
16,12,6.1639,18.676,126,64.242
16,12,6.1873,18.09,117.35,57.832
16,12,8.2047,18.591,124.8,62.709
16,12,4.5419,18.354,117.86,57.056
16,12,6.9914,18.467,120.74,58.983
16,12,7.5312,18.887,124.07,59.826
16,12,5.7413,18.779,130.92,67.905
16,12,5.5049,17.939,114.55,56.501
16,12,6.4974,18.531,125.05,63.516
16,12,6.0903,17.583,110.77,55.416
16,12,5.7503,19.3,132.17,64.809
16,12,5.1949,18.752,129.42,66.808
16,12,7.6797,18.198,117.98,58.668
16,12,7.7536,18.401,120.75,59.225
16,12,6.1889,18.969,126.98,62.24
16,12,6.9193,18.711,126.23,61.632
16,12,6.4455,18.471,121.02,58.746
16,12,7.1624,18.213,119.01,59.087
16,12,6.7545,18.824,127.85,64.031
16,12,6.1469,18.703,123.92,60.839
16,12,6.9494,18.02,115.04,56.371
16,12,6.2791,18.489,122.13,59.325
16,12,5.8398,18.631,125.61,63.329
16,12,6.0327,18.427,124.16,62.708
16,12,4.4137,19.259,133.58,65.554
16,12,7.9361,18.452,123.88,61.684
16,12,6.5383,18.039,117.39,58.756
16,12,6.5156,19.3,136.73,68.95
16,12,6.318,19.11,132.07,66.191
16,12,5.8659,18.594,121.94,59.942
16,12,5.9589,18.375,120.78,60.81
16,12,5.8721,19.069,130.81,64.509
16,12,6.7388,18.616,125.2,62.3
16,12,8.019,18.6,122.86,61.055
16,12,5.073,19.011,130.43,65.616
16,12,4.8746,18.841,127.1,63.028
16,12,4.3591,18.506,124.53,63.056
16,12,6.4779,19.048,131.6,66.995
16,12,5.7871,18.745,127.36,64.405
16,12,5.911,18.421,120.17,59.656
16,12,6.3298,18.942,128.96,63.808
16,12,5.6312,18.518,120.74,58.304
16,12,6.5855,18.056,114.72,56.392
16,12,4.7371,18.575,126.99,64.228
16,12,8.0775,18.663,127.82,64.846
16,12,6.2738,18.479,123.07,61.173
16,12,5.2347,18.595,128.83,65.829
16,12,5.0204,19.118,133.81,67.816
16,12,6.7496,18.378,124.04,63.027
16,12,5.7729,18.358,122.11,61.708
16,12,5.9812,18.391,118.1,57.826
16,12,6.9504,18.605,122.38,59.046
16,12,7.8989,18.75,121.75,58.86
16,12,5.1979,19.128,133.18,66.223
16,12,5.4945,18.615,125.37,61.708
16,12,4.9184,18.613,127.58,64.925
16,12,6.2729,18.396,120.16,58.953
16,12,6.852,18.25,120.12,60.141
16,12,6.9283,18.946,130.08,65.469
16,12,6.4752,18.661,125.01,63.164
16,12,6.7531,18.528,120.78,58.743
16,12,5.9312,18.278,117.68,57.667
16,12,6.1889,18.224,114.1,54.703
16,12,7.1799,18.248,120.4,60.596
16,12,6.9167,18.295,121.16,60.355
16,12,5.9255,18.79,129.24,65.771
16,12,5.217,18.706,126.52,62.863
16,12,5.3781,18.59,124.82,62.859
16,12,5.7063,18.403,120.13,59.261
16,12,7.5666,18.479,121.06,59.597
16,12,6.167,18.944,128.74,63.705
16,12,5.9805,18.708,126.86,63.575
16,12,7.0344,18.079,113.48,53.812
16,12,8.285,18.786,129.03,65.295
16,12,6.3728,18.615,122.54,60.6
16,12,8.2779,17.957,115.63,57.406
16,12,6.9935,18.245,116.53,56.763
16,12,6.6783,17.905,111.18,53.858
16,12,5.8017,18.616,125.96,63.886
16,12,5.2131,19.21,132.56,65.678
16,12,7.235,18.421,121.66,60.477
16,12,6.403,18.854,128.92,64.345
16,12,5.3859,18.491,123.06,61.494
16,12,7.2227,18.685,125.89,63.244
16,12,5.0671,18.655,122.78,59.544
16,12,7.1918,18.178,118.06,59.194
16,12,6.4858,18.34,120.46,60.372
16,12,6.2794,18.574,126.24,64.971
16,12,6.8655,18.242,114.09,53.96
16,12,7.5378,18.693,124.92,61.221
16,12,6.9017,19.137,132.09,65.41
16,12,8.0517,18.052,116.62,57.593
16,12,7.5381,18.083,116.56,57.288
16,12,8.0398,18.248,114.8,54.882
16,12,6.427,18.423,123.69,62.593
16,12,6.1969,18.519,120.87,58.885
16,12,5.5438,18.454,118.24,57.469
16,12,5.7938,18.532,123.06,61.8
16,12,6.5431,18.317,119.94,59.682
16,12,7.4434,18.352,119.2,57.798
16,12,6.1725,18.184,115.78,56.167
16,12,7.2613,19.14,129.21,62.726
16,12,4.6228,19.241,130.6,64.231
16,12,6.5024,18.509,121.12,59.825
16,12,6.7896,18.83,127.83,63.706
16,12,7.1002,18.742,127.21,64.199
16,12,6.3207,18.792,129.41,65.608
16,12,5.3527,19.067,128.11,62.411
16,12,6.0547,18.707,126.71,62.798
16,12,5.006,19.1,132.03,65.726
16,12,6.0513,18.873,126.16,60.854
16,12,7.5659,18.699,125.47,62.836
16,12,5.5653,18.773,128.52,64.463
16,12,4.6013,19.116,133.33,66.487
16,12,7.0411,17.944,116.24,57.803
16,12,7.504,18.367,119.41,59.017
16,12,6.6901,18.666,120.67,57.319
16,12,6.4856,17.915,112.63,54.243
16,12,6.9761,18.527,122,59.542
16,12,7.2325,18.572,119.97,58.116
16,12,7.1369,18.376,117.99,56.317
16,12,5.5553,19.083,131.55,64.994
16,12,7.4635,18.052,116.94,58.474
16,12,6.521,18.6,123.13,61.187
16,12,5.1578,18.485,121.14,59.51
16,12,6.7772,18.688,124.92,62.113
16,12,6.8755,18.536,126.11,63.69
16,12,6.873,18.526,125.32,63.775
16,12,4.9436,19.081,129.23,64.405
16,12,6.8937,18.922,129.35,64.372
16,12,9.1437,18.238,119.05,58.679
16,12,6.8261,18.429,123.23,62.295
16,12,6.2369,18.044,116.02,57.355
16,12,7.5642,18.286,118.14,58.384
16,12,8.0306,17.964,112.89,54.936
16,12,4.1586,18.755,129.07,66.123
16,12,8.4346,18.352,116.33,55.893
16,12,7.155,18.901,128.72,64.345
16,12,7.2626,18.788,123.02,59.567
16,12,8.1,18.341,118.83,58.535
16,12,5.9908,18.553,122.27,60.537
16,12,5.3583,18.856,127.81,64.224
16,12,5.6138,18.672,123.89,60.207
16,12,7.5174,18.081,117.29,58.586
16,12,6.7718,17.943,111,53.279
16,12,5.4015,18.509,125.82,64.086
16,12,5.6959,18.747,123.41,60.095
16,12,5.8028,18.836,125.42,61.886
16,12,6.5058,18.485,118.79,57.347
16,12,7.2868,18.572,121.67,60.223
16,12,7.8014,18.479,122.76,61.585
16,12,6.6674,17.658,112.68,56.242
16,12,6.7646,18.446,121.64,60.897
16,12,7.5199,18.394,121.3,60.211
16,12,8.0696,17.925,116.88,58.932
16,12,4.6591,18.756,126.34,62.381
16,12,6.625,18.559,123.25,60.354
16,12,6.2991,18.671,122.77,60.193
16,12,5.4126,19.451,137.42,68.82
16,12,6.6552,18.414,118.57,58.249
16,12,4.6812,18.526,124.59,63.217
16,12,8.662,18.723,126.44,63.354
16,12,4.7766,18.588,119.73,57.059
16,12,6.7919,18.225,116.87,56.438
16,12,4.724,19.355,133.65,66.04
16,12,6.1169,18.905,130.41,66.122
16,12,6.0857,18.823,124.61,60.325
16,12,5.184,18.64,122.75,59.843
16,12,6.8145,18.769,122.73,59.173
16,12,6.2544,18.516,126.9,65.303
16,12,6.6058,18.868,122.66,58.033
16,12,7.5179,18.549,123.66,59.956
16,12,8.6426,18.225,115.99,56.364
16,12,5.9107,18.405,120.96,59.507
16,12,6.263,18.389,117.07,56.59
16,12,6.5243,18.823,128.04,63.704
16,12,5.1829,18.694,124.58,60.846
16,12,6.9463,18.535,124.56,62.448
16,12,6.1713,18.743,125.33,62.04
16,12,7.8709,18.137,114.79,55.572
16,12,9.0857,17.882,111.11,53.196
16,12,9.4922,18.026,112.3,54.006
16,12,6.8164,18.445,122.12,60.058
16,12,5.7988,18.613,119.79,57.225
16,12,6.6244,18.791,125.62,61.943
16,12,5.944,19.113,132.72,67.117
16,12,5.6476,18.488,122.62,61.222
16,12,6.4108,18.661,127.41,65.184
16,12,6.9975,18.498,123.73,62.188
16,12,5.92,18.737,129.9,66.415
16,12,7.1525,18.804,125.7,61.014
16,12,7.5629,18.433,120.06,59.319
16,12,4.011,19.13,131.91,65.989
16,12,5.8528,18.379,123.86,63.037
16,12,5.9865,18.711,125.03,61.39
16,12,8.9553,18.572,120.71,59.055
16,12,5.5958,18.712,127.61,64.522
16,12,4.9935,18.523,123.22,61.353
16,12,6.2888,18.93,130.31,64.449
16,12,7.5303,18.955,129.65,64.038
16,12,6.6157,18.638,121.49,58.52
16,12,5.4381,18.475,120.25,59.102
16,12,4.7623,19.14,134.01,67.549
16,12,7.8123,18.167,118.35,59.276
16,12,6.9622,18.638,123.03,60.488
16,12,6.6708,18.165,117.01,58.064
16,12,6.9022,18.771,123.24,59.917
16,12,5.4945,18.63,126.53,64.275
16,12,8.6914,18.033,116.72,57.237
16,12,6.3146,18.953,132,67.711
16,12,7.1596,18.211,118.96,59.787
16,12,6.5112,17.94,112.42,54.151
16,12,7.3205,18.563,119.75,57.842
16,12,7.8651,18.407,124.56,63.556
16,12,5.4477,18.291,121.01,59.874
16,12,6.9016,18.619,121.34,59.834
16,12,6.2871,18.109,116.29,56.639
16,12,4.6791,18.786,125.81,62.336
16,12,5.9063,18.406,115.53,54.204
16,12,6.969,18.568,123.86,61.606
16,12,6.1891,18.323,122.38,61.821
16,12,6.34,18.24,116.39,56.781
16,12,7.1949,18.433,114.42,52.307
16,12,7.1852,17.936,117.18,58.327
16,12,6.629,18.527,130.16,67.894
16,12,5.655,19.309,132.79,65.65
16,12,7.5663,18.455,122.72,62.024
16,12,5.2689,18.659,124.4,61.725
16,12,6.7448,18.207,117.14,57.696
16,12,7.2783,18.499,123.54,61.988
16,12,6.6961,18.407,121.26,58.908
16,12,6.0318,18.644,122.78,59.448
16,12,6.9261,18.576,122.37,61.112
16,12,6.3822,18.402,117.97,56.651
16,12,6.9893,18.77,130.5,66.734
16,12,7.8199,18.504,120.92,58.582
16,12,6.086,18.645,125.24,63.289
16,12,5.8046,18.451,122.2,60.786
16,12,5.8478,18.58,123.64,61.208
16,12,6.7044,18.281,118.12,57.422
16,12,5.481,18.563,121.7,59.685
16,12,8.9471,18.586,121.04,58.715
16,12,5.3409,18.233,117.19,56.944
16,12,5.9227,17.929,109.79,51.69
16,12,6.1755,18.53,124.18,61.458
16,12,6.7493,18.781,127,63.608
16,12,7.9293,18.717,124.38,61.701
16,12,5.4914,18.646,122.88,61.071
16,12,4.8601,18.736,128.32,65.491
16,12,6.7842,18.636,123.94,61.692
16,12,7.7777,18.481,118.59,56.982
16,12,6.4965,18.401,119.21,58.642
16,12,6.0105,18.261,118.56,58.134
16,12,4.9609,18.751,128.67,64.988
16,12,4.6035,18.716,124.22,59.787
16,12,8.7938,18.078,115.61,56.269
16,12,6.1088,18.063,115.68,56.667
16,12,8.8166,17.784,113.42,56.569
16,12,5.9822,18.419,120.04,58.332
16,12,6.1939,18.581,127.38,64.766
16,12,6.4606,18.961,130.24,64.907
16,12,7.7829,18.167,114.3,53.015
16,12,6.3666,18.609,121.83,59.289
16,12,8.0065,18.211,114.3,54.716
16,12,6.9595,17.992,112.56,54.757
16,12,6.1963,18.357,120.97,59.895
16,12,6.4617,18.655,124.88,62.247
16,12,6.5745,19.142,133.39,68.111
16,12,5.2522,18.816,121.51,57.191
16,12,6.787,18.848,128.23,64.053
16,12,6.8187,18.683,126.28,62.991
16,12,6.0755,18.638,117.69,54.742
16,12,5.4356,18.681,125.64,62.882
16,12,6.732,18.258,119.51,59.57
16,12,5.5104,18.415,119.92,58.575
16,12,6.4754,18.728,127.54,63.082
16,12,5.0622,18.72,126.34,62.978
16,12,5.7869,18.722,125.37,62.165
16,12,6.1046,18.874,124.43,60.655
16,12,5.7882,18.394,116.77,55.735
16,12,7.2005,18.406,117.95,56.332
16,12,7.1128,18.901,126.52,60.733
16,12,5.9825,18.559,124.38,61.703
16,12,5.9353,18.639,122.39,59.217
16,12,6.4242,18.573,121.82,58.695
16,12,7.3142,18.964,130.72,66.278
16,12,4.9262,18.681,126.69,63.737
16,12,7.0441,18.914,127.88,63.821
16,12,6.9799,18.743,127.25,64.138
16,12,4.9599,19.571,136.94,67.891
16,12,6.3717,18.823,127.21,63.028
16,12,6.705,18.801,124.18,61.158
16,12,5.4365,18.461,123.17,62.227
16,12,6.5314,18.178,115.69,56.104
16,12,6.414,18.531,121.74,59.359
16,12,5.4224,19.216,131.34,64.962
16,12,6.2265,18.585,119.42,57.177
16,12,6.1534,18.52,124.17,62.09
16,12,6.2219,18.12,116.97,57.177
16,12,7.3964,18.895,129.62,65.421
16,12,8.8781,18.13,117.43,58.127
16,12,6.5463,18.408,120.86,58.959
16,12,5.1476,18.965,127.78,62.648
16,12,5.2272,18.873,131.65,67.388
16,12,6.2075,18.973,131.45,67.062
16,12,7.3868,18.295,118.81,59.445
16,12,5.4194,18.667,128.84,66.072
16,12,6.885,17.891,112.89,55.092
16,12,6.2303,18.813,126.02,61.926
16,12,6.0988,18.653,126.52,63.504
16,12,8.0854,18.268,119.1,58.615
16,12,6.4333,18.349,119.69,58.769
16,12,5.6113,18.745,126.87,63.892
16,12,6.3713,18.887,125.34,60.692
16,12,6.8119,18.592,122.36,59.977
16,12,6.9774,18.25,119.98,60.194
16,12,8.1502,18.257,116.39,57.102
16,12,7.3638,18.401,121.08,60.58
16,12,5.5233,18.63,122.13,59.614
16,12,6.4098,18.38,121.82,61.778
16,12,7.2124,18.578,124.46,62.067
16,12,6.2742,18.505,117.67,55.546
16,12,6.8943,18.793,124.04,60.782
16,12,8.0694,18.701,122.72,59.507
16,12,6.768,18.279,119.06,58.698
16,12,6.8851,17.858,114.9,57.242
16,12,8.0281,18.131,117.65,57.858
16,12,5.4063,19.79,142.33,72.203
16,12,5.8648,18.062,116.3,56.11
16,12,8.0062,18.577,120.72,57.961
16,12,5.4077,18.272,117.35,56.943
16,12,4.6409,18.295,121.65,61.324
16,12,5.6881,18.437,119.36,57.8
16,12,5.1557,18.984,128.38,64.052
16,12,5.1148,18.884,129.21,64.742
16,12,6.527,18.338,121.51,61.312
16,12,9.8179,17.885,114.44,56.45
16,12,7.1908,18.566,123.82,61.46
16,12,6.0853,18.92,127.6,63.28
16,12,6.0331,17.782,108.34,51.227
16,12,6.045,19.041,130.4,63.712
16,12,5.6071,18.264,120.66,60.843
16,12,8.9709,18.414,120.01,58.434
16,12,6.9512,18.995,130.55,64.925
16,12,6.4107,18.525,123.24,61.181
16,12,6.6029,18.915,128.49,64.701
16,12,6.4323,18.402,123.84,62.786
16,12,7.0493,18.238,118.98,59.802
16,12,5.1686,18.862,126.07,61.28
16,12,7.785,18.134,116,56.328
16,12,7.4399,18.293,120.71,59.923
16,12,6.6787,18.797,125.79,61.993
16,12,6.2876,18.347,116.95,55.838
16,12,7.3314,18.2,116.53,55.698
16,12,5.3821,19.033,127.48,61.686
16,12,4.7409,18.572,118.83,57.869
16,12,5.8182,18.751,130.21,66.76
16,12,7.8394,18.136,115.49,56.018
16,12,5.6231,18.962,128.66,63.323
16,12,6.8168,18.529,127.46,66.035
16,12,6.04,19.031,133.07,67.466
16,12,6.1413,18.491,119.5,57.57
16,12,6.2055,18.897,128.63,65.053
16,12,7.7026,17.855,110.36,52.939
16,12,5.2118,18.904,127.78,63.118
16,12,5.1609,18.771,124.78,59.594
16,12,6.3929,18.61,125.02,63.123
16,12,8.2068,18.444,117.84,56.923
16,12,7.2482,18.455,122.27,61.245
16,12,5.7466,18.939,128.9,64.424
16,12,5.7427,18.29,116.52,55.596
16,12,7.2765,18.143,120.93,61.377
16,12,7.3503,18.483,121.33,59.32
16,12,6.8772,18.654,122.71,59.946
16,12,4.9939,19.06,128.88,62.098
16,12,5.9863,18.64,124.76,61.547
16,12,8.0668,18.625,121.54,59.118
16,12,8.8767,17.453,107.74,52.104
16,12,6.3927,18.39,119.19,58.92
16,12,8.5494,18.083,115.52,56.741
16,12,6.1538,18.866,129.32,64.553
16,12,7.3557,18.426,119.12,57.125
16,12,7.7637,18.388,119.53,58.59
16,12,5.8515,18.847,128.27,63.235
16,12,5.7488,19.134,127.87,61.199
16,12,9.088,18.328,120.64,59.765
16,12,6.1665,18.223,117.66,57.716
16,12,7.7036,18.708,128.48,65.289
16,12,6.446,18.574,124.61,62.755
16,12,5.1036,18.902,128.23,63.769
16,12,6.6867,18.868,126.79,62.992
16,12,4.9426,18.694,124.03,61.614
16,12,6.4651,18.83,129.71,65.879
16,12,7.9563,18.781,128.15,65.355
16,12,6.4243,18.484,121.21,58.92
16,12,5.7767,18.506,125.16,63.635
16,12,8.7641,18.261,117.83,57.425
16,12,6.4431,18.119,117.5,58.422
16,12,5.3464,19.306,133.21,66.17
16,12,5.9322,18.63,120.92,57.68
16,12,6.9724,18.318,119.24,58.405
16,12,7.0835,18.442,122.84,61.977
16,12,5.7295,19.071,130.63,64.556
16,12,6.211,18.731,123.5,60.576
16,12,9.0465,17.844,112.94,56.006
16,12,7.0376,18.727,126.07,63.219
16,12,7.1735,18.481,122.78,59.973
16,12,4.7071,18.628,124.28,61.294
16,12,5.3468,18.638,124.62,61.605
16,12,7.8026,17.848,113.42,55.9
16,12,6.7825,18.17,116.49,57.937
16,12,6.6739,18.51,124.15,61.953
16,12,6.1837,18.335,117.22,56.942
16,12,6.5257,18.283,118.84,57.912
16,12,6.3862,18.657,120.76,57.626
16,12,5.718,19.165,130.67,64.636
16,12,5.0624,18.633,126.17,63.913
16,12,5.4717,18.692,121.48,58.516
16,12,7.7359,17.862,112.45,55.339
16,12,4.7901,18.648,122.97,60.508
16,12,8.3736,18.547,124.95,63.194
16,12,6.9057,18.526,121.54,59.439
16,12,5.8858,19.167,132.97,65.957
16,12,5.4848,18.757,126.79,63.609
16,12,6.2362,18.649,126.84,63.122
16,12,7.4619,18.38,120.34,59.822
16,12,5.3766,18.749,128.79,65.765
16,12,4.7987,18.645,120.35,57.599
16,12,8.9384,18.06,117.73,59.384
16,12,4.6901,18.949,131.7,67.451
16,12,7.0183,19.177,132.14,65.697
16,12,7.3909,18.259,119.98,60.046
16,12,6.0811,18.348,120.14,60.097
16,12,6.5625,18.734,123.94,59.445
16,12,6.8084,18.562,120.76,58.097
16,12,8.3947,18.13,118.25,58.855
16,12,6.5259,18.71,123.07,60.419
16,12,6.1984,18.719,126.95,63.671
16,12,5.4783,18.607,125.85,64.135
16,12,6.1189,19.338,134.15,66.47
16,12,8.1288,18.837,129.27,65.546
16,12,7.289,18.136,116.98,57.422
16,12,5.079,18.768,126.44,61.884
16,12,8.9531,18.331,120.38,60.066
16,12,6.8771,18.367,121.8,60.678
16,12,8.8305,18.202,115.2,56.49
16,12,5.4103,18.997,132.05,66.864
16,12,7.7843,18.01,112.55,53.823
16,12,5.7003,18.795,128.44,64.864
16,12,5.1831,18.605,120.59,58.15
16,12,6.6361,18.7,126.41,63.555
16,12,4.9918,18.63,124.2,62.125
16,12,5.1471,19.224,132.26,65.827
16,12,7.4388,18.2,119.33,59.018
16,12,6.8329,18.737,127.03,62.75
16,12,5.2592,18.597,126.52,64.848
16,12,6.4866,18.643,125.23,61.855
16,12,6.5031,18.625,120.07,58.226
16,12,7.1421,18.793,126.11,62.228
16,12,8.592,18.132,120.03,59.994
16,12,7.3259,18.789,124.11,60.643
16,12,6.2068,18.527,120.7,58.265
16,12,8.0999,18.053,116.37,57.74
16,12,7.2139,18.456,121.24,58.735
16,12,6.498,18.391,122.24,60.257
16,12,6.409,18.608,120.47,58.186
16,12,6.0603,18.62,123.35,60.526
16,12,5.0204,18.793,128.43,64.054
16,12,7.197,18.681,129.72,66.298
16,12,5.0251,18.792,127.41,64.404
16,12,7.6858,18.166,117.12,57.461
16,12,5.3255,19.237,131.23,64.393
16,12,6.4156,18.314,119.68,59.266
16,12,9.053,18.389,122.31,61.105
16,12,6.8967,18.447,122.25,60.418
16,12,4.7089,18.769,127.05,63.618
16,12,5.5114,18.514,120.3,58.372
16,12,7.5079,18.71,123.09,58.666
16,12,6.3644,18.366,117.83,57.415
16,12,7.2225,18.696,125.8,62.375
16,12,7.3211,18.493,125.16,63.152
16,12,5.6429,18.251,119.33,58.605
16,12,8.6757,18.178,119.51,60.055
16,12,5.672,18.648,125.11,61.921
16,12,6.2675,18.639,124.3,61.294
16,12,7.7212,18.05,114.03,55.491
16,12,6.1122,18.517,124.04,61.995
16,12,4.8383,18.858,126.48,62.195
16,12,7.3383,18.216,110.82,50.417
16,12,5.9196,18.432,124.03,63.001
16,12,6.129,18.62,122.98,61.086
16,12,7.0866,18.503,122.85,60.599
16,12,7.1117,18.307,121.13,61.225
16,12,7.4913,18.826,127.69,63.32
16,12,5.8287,18.777,126.41,62.641
16,12,6.8692,18.137,118.74,59.41
16,12,5.2048,18.79,126.05,60.822
16,12,5.4141,18.924,129.03,64.618
16,12,7.7984,18.697,124.06,61.052
16,12,7.0895,18.129,114.99,55.609
16,12,7.6575,18.489,122.59,61.468
16,12,5.6144,18.476,124.43,62.064
16,12,5.8008,18.409,113.76,53.035
16,12,6.6614,18.474,123.45,62.333
16,12,6.8694,18.411,120.14,60.369
16,12,5.3941,18.741,128.01,65.03
16,12,6.5013,18.385,122.63,60.852
16,12,5.3675,18.756,123.94,61.754
16,12,4.7324,19.046,130.12,64.45
16,12,7.5337,17.95,115.38,56.62
16,12,6.4143,18.065,117.02,58.069
16,12,7.056,17.806,112.23,55.436
16,12,5.207,18.848,126.39,62.148
16,12,6.5767,18.654,126.12,63.926
16,12,5.9856,18.62,125.89,63.324
16,12,4.7214,18.77,124.37,61.28
16,12,5.6996,18.772,126.92,62.558
16,12,6.1936,18.514,117.56,54.877
16,12,5.8066,18.481,122.48,61.054
16,12,6.7065,18.369,119.98,58.797
16,12,5.1398,18.558,121.7,59.016
16,12,6.5547,18.294,119.13,59.493
16,12,5.612,18.8,127.59,65.015
16,12,7.0986,18.774,124.95,61.475
16,12,5.3527,19.267,134.17,66.821
16,12,6.0082,18.519,122.3,60.331
16,12,6.3376,18.583,120.76,58.951
16,12,6.9851,17.851,114.21,56.364
16,12,7.5172,17.974,117.38,59.012
16,12,8.1593,18.475,120.6,58.805
16,12,7.6706,18.759,128.86,65.322
16,12,8.5991,18.586,123.46,61.675
16,12,9.1803,17.886,112.29,54.472
16,12,4.8392,18.784,125.96,62.212
16,12,7.0423,17.862,111.27,53.765
16,12,5.2552,19.147,130.21,64.455
16,12,6.3331,18.756,124.6,60.7
16,12,6.0501,18.311,118.77,57.615
16,12,7.7248,18.376,121.39,61.197
16,12,5.4921,19.418,133.2,66.445
16,12,6.9384,17.945,113.43,54.128
16,12,6.7131,18.465,122.42,60.847
16,12,5.6756,18.616,124.95,62.228
16,12,7.4022,18.168,118.36,59.491
16,12,6.0754,18.029,117.88,59.702
16,12,5.973,18.594,124.51,62.414
16,12,6.0261,18.596,123.64,61.398
16,12,5.402,18.66,125.06,62.491
16,12,5.9056,19.031,127.99,62.612
16,12,6.2232,18.351,121.47,59.897
16,12,3.7733,18.462,121.37,59.683
16,12,5.3774,18.664,125.26,62.758
16,12,6.5487,18.483,121.1,59.65
16,12,6.6467,18.746,128.35,65.176
16,12,7.4533,18.096,118.47,59.143
16,12,6.8248,18.601,125.5,62.894
16,12,6.6909,18.446,119.69,58.116
16,12,8.4445,18.426,121.56,60.201
16,12,5.5064,18.946,127.07,63.145
16,12,7.1288,18.181,118.97,59.306
16,12,5.8953,18.668,122.76,58.716
16,12,7.5183,18.459,119.47,57.577
16,12,5.2215,18.871,126.59,62.596
16,12,5.8496,18.827,126.58,61.98
16,12,4.7207,18.69,124.94,61.197
16,12,5.2351,19.01,127.83,63.57
16,12,5.039,18.93,129.43,64.955
16,12,7.3485,18.747,127.89,64.518
16,12,7.7156,18.605,127.67,65.024
16,12,6.0396,18.937,125.54,60.435
16,12,8.3582,18.761,126.78,63.998
16,12,7.1126,19.225,132.12,64.979
16,12,5.8034,18.359,118.77,57.533
16,12,6.6575,18.206,116.84,56.979
16,12,6.5108,18.535,124.48,62.384
16,12,6.426,18.489,122.93,61.438
16,12,5.5649,18.148,116.95,57.579
16,12,7.56,18.846,131.82,67.599
16,12,6.6226,18.426,122.07,61.002
16,12,6.4869,18.546,122.41,60.226
16,12,6.7696,18.116,116.36,56.593
16,12,5.5265,18.089,118.08,58.99
16,12,7.0079,19.056,134.94,70.069
16,12,5.3403,18.992,125.23,60.967
16,12,7.7082,18.251,118.34,57.816
16,12,5.469,18.797,128.06,64.546
16,12,6.7289,18.863,127.64,63.157
16,12,6.0807,18.434,120.09,59.149
16,12,6.4201,18.328,115.84,54.922
16,12,8.3132,17.814,110.7,52.622
16,12,6.1575,18.589,123.15,60.008
16,12,7.0478,17.825,112.36,54.702
16,12,8.0985,18.948,126.28,61.641
16,12,7.2273,17.999,113.87,55.851
16,12,5.8511,18.368,119.33,58.744
16,12,5.9583,18.541,121.93,59.527
16,12,9.0447,18.325,117.22,56.776
16,12,6.8449,19.042,127.07,61.756
16,12,5.6836,18.752,125.73,62.54
16,12,5.971,19.014,129.25,63.916
16,12,5.9181,18.6,124.77,62.398
16,12,6.0953,18.272,118.98,57.946
16,12,8.0457,18.794,127.81,63.851
16,12,5.4998,18.348,119.46,58.148
16,12,6.2939,18.606,125.74,63.345
16,12,5.1591,18.806,128.99,64.524
16,12,8.3187,18.765,126.59,63.37
16,12,6.1754,18.515,126.84,64.86
16,12,6.6393,18.687,126.19,62.091
16,12,5.5674,18.252,119.65,59.679
16,12,5.7644,18.855,125.77,62.121
16,12,5.9167,18.797,127.52,63.3
16,12,5.2061,18.915,125.17,60.84
16,12,6.5026,18.592,120.85,58.789
16,12,5.2088,18.353,122.13,60.908
16,12,7.4759,17.734,115.14,58.555
16,12,7.7861,18.653,124.37,61.538
16,12,6.688,18.685,123.61,60.38
16,12,5.4206,18.418,118.21,56.006
16,12,5.4406,18.766,129.08,65.397
16,12,8.0174,18.15,114.26,54.739
16,12,5.8155,18.862,126.29,61.348
16,12,6.2138,18.629,122.87,60.499
16,12,7.2101,18.323,121.43,60.652
16,12,6.7516,18.701,121.28,58.063
16,12,6.3443,18.842,125.92,61.588
16,12,7.0723,18.617,124.12,62.157
16,12,6.3548,18.667,124.22,61.602
16,12,7.3795,18.31,117.32,56.637
16,12,6.4908,17.939,115.7,57.344
16,12,8.3194,17.987,115,57.394
16,12,6.9096,18.773,126.62,62.514
16,12,5.4545,19.011,129.41,64.727
16,12,5.0321,19.188,129.26,63.025
16,12,5.1549,19.026,128.1,63.658
16,12,4.835,19.543,137.03,67.794
16,12,5.9889,18.558,120.85,58.174
16,12,5.2619,18.672,126.64,64.075
16,12,5.8455,18.342,120.52,60.479
16,12,6.8285,18.616,124.11,61.388
16,12,8.94,18.244,114.92,55.36
16,12,7.9297,17.833,110.22,53.29
16,12,6.415,18.303,118.74,57.009
16,12,5.9504,18.566,123.5,61.819
16,12,4.9247,18.993,127.7,63.903
16,12,6.3546,18.321,121.08,59.986
16,12,5.3117,18.106,115.04,55.371
16,12,7.5127,18.651,126.99,63.604
16,12,7.286,18.398,117.01,55.2
16,12,6.3233,18.96,128.73,63.781
16,12,5.5489,18.878,128.43,64.648
16,12,4.8193,18.89,127.46,63.186
16,12,5.468,19.101,133.15,66.722
16,12,8.1513,18.054,116,57.433
16,12,5.6449,19.185,133.14,66.641
16,12,6.4395,18.65,125.93,62.842
16,12,5.9887,18.402,116.75,55.454
16,12,6.0643,18.19,119.03,59.627
16,12,5.721,18.57,120.94,59.525
16,12,7.7105,18.726,125.98,63.087
16,12,5.2791,18.535,122.52,60.601
16,12,5.9175,18.113,115.73,56.676
16,12,5.2088,18.787,127.55,64.091
16,12,7.3053,18.483,118.37,56.327
16,12,6.3704,18.289,121.4,61.413
16,12,7.1956,18.213,122.15,62.455
16,12,5.649,18.539,124.76,63.241
16,12,7.4168,18.196,120.11,60.934
16,12,6.2844,18.1,118.35,58.592
16,12,6.2956,18.297,118.98,58.805
16,12,5.2064,18.488,126.48,64.461
16,12,5.4538,18.942,127.7,62.185
16,12,8.522,18.248,121.53,61.416
16,12,5.3116,18.752,126.62,62.746
16,12,6.9187,18.141,120.79,61.346
16,12,5.6229,18.809,125.48,62.25
16,12,5.8767,18.648,124.29,61.79
16,12,6.8329,18.32,119.66,58.699
16,12,6.8004,18.537,121.98,59.402
16,12,8.3098,18.364,121.95,61.289
16,12,6.1447,18.674,129.2,66.564
16,12,5.9144,18.623,122.63,60.353
16,12,6.5443,18.548,123.02,60.684
16,12,5.8325,18.873,124.27,60.663
16,12,5.8277,18.557,124.71,62.537
16,12,7.199,18.429,122.32,61.423
16,12,6.7243,18.57,121.82,59.776
16,12,6.3206,18.758,125.35,60.957
16,12,6.8264,18.314,119.42,59.48
16,12,6.8207,18.529,122.03,59.542
16,12,7.4362,18.649,124.84,62.045
16,12,5.595,18.395,120.23,58.661
16,12,6.0238,18.881,129.44,65.098
16,12,7.2578,18.674,122.06,59.534
16,12,6.5415,18.195,110.76,49.878
16,12,7.8028,18.491,119.52,57.689
16,12,5.1145,18.675,123.35,59.955
16,12,6.8067,18.61,125.36,62.643
16,12,7.8894,18.347,117.58,56.67
16,12,6.0185,18.176,117.43,58.01
16,12,8.3019,18.471,121.23,60.563
16,12,5.0106,18.844,123.56,59.501
16,12,6.0545,18.619,122.59,59.634
16,12,9.0579,18.28,120.61,60.626
16,12,7.4369,18.38,123.77,62.273
16,12,6.4917,18.35,122.81,61.769
16,12,6.3817,18.739,125.67,61.694
16,12,8.3695,18.354,118.16,57.833
16,12,7.8687,18.573,127.68,65.09
16,12,5.9789,18.725,127.03,63.889
16,12,7.3433,18.313,117.5,56.393
16,12,8.2302,18.335,120.68,59.968
16,12,5.9838,18.86,125.82,61.89
16,12,7.9733,18.795,128.12,64.862
16,12,6.703,18.27,120.05,59.652
16,12,5.8502,18.545,123.76,61.725
16,12,5.8577,18.457,123.05,61.312
16,12,7.1906,18.283,119.49,59.259
16,12,7.2533,18.82,124.03,60.315
16,12,5.9268,18.542,119.5,57.768
16,12,7.0614,18.923,129.18,64.601
16,12,6.8861,18.428,126.99,66.018
16,12,5.802,18.244,119.1,58.897
16,12,6.9852,18.583,120.12,57.381
16,12,8.0769,18.38,118.59,57.574
16,12,5.5681,18.779,124.64,61.44
16,12,7.7673,18.781,124.52,60.812
16,12,5.4596,18.404,121.25,60.773
16,12,5.5476,18.934,127.27,62.472
16,12,5.4348,18.871,125.08,60.316
16,12,7.1895,18.719,124.25,60.165
16,12,6.2194,19.066,130.82,66.151
16,12,8.671,18.216,115.82,54.829
16,12,6.6626,18.827,127.01,62.546
16,12,7.3157,18.498,122.48,61.437
16,12,7.7095,18.366,121.47,61.531
16,12,7.7781,18.091,119.94,59.984
16,12,6.2029,18.746,120.94,57.505
16,12,8.2833,17.988,114.96,56.691
16,12,7.1407,18.618,123.68,60.83
16,12,7.6644,18.369,119.39,58.603
16,12,6.5166,18.417,121.51,61.315
16,12,8.3462,18.143,114.41,54.879
16,12,6.3444,18.54,124.2,61.773
16,12,7.8646,18.317,119.91,58.481
16,12,8.8983,18.424,123.3,61.494
16,12,9.0095,17.941,113.98,55.566
16,12,7.1471,18.263,117.05,55.976
16,12,4.6342,18.884,123.73,59.838
16,12,6.0795,18.236,120.27,60.365
16,12,7.3114,18.358,120.03,59.195
16,12,5.9751,18.938,126.73,62.752
16,12,7.0936,18.518,121.33,59.014
16,12,7.8968,17.756,113.56,56.604
16,12,7.4179,18.436,124.9,63.736
16,12,6.0417,18.663,126,62.03
16,12,6.8721,18.735,127.35,63.588
16,12,6.8894,18.547,122.42,61.291
16,12,5.853,19.036,128.85,64.149
16,12,8.1676,18.091,115.99,56.94
16,12,5.8459,18.969,130.1,65.573
16,12,6.88,18.595,119.87,57.531
16,12,7.2628,18.667,122.58,60.756
16,12,5.1608,18.843,129.42,65.65
16,12,5.1159,18.612,126.66,64.683
16,12,6.3868,18.732,123.33,59.998
16,12,5.6096,18.723,127.53,64.345
16,12,4.54,18.769,127.38,62.72
16,12,5.7658,18.755,129.49,65.637
16,12,6.094,18.674,126.97,64.232
16,12,8.4921,17.884,111.11,53.773
16,12,5.7685,18.622,122.92,59.411
16,12,7.6301,18.318,121.09,60.617
16,12,6.8899,18.712,127.2,63.91
16,12,9.1085,18.468,121.08,59.702
16,12,5.9373,18.391,120.5,59.26
16,12,7.3606,18.642,125.78,63.701
16,12,6.7578,17.756,111.94,55.535
16,12,5.7313,18.686,124.57,62.069
16,12,8.8627,18.194,120.37,59.91
16,12,5.4119,18.209,117.52,57.979
16,12,5.0746,19.071,131.37,65.034
16,12,6.4913,18.831,128,64.134
16,13,8.7509,19.046,128.02,62.762
16,13,5.14,19.041,129.29,62.961
16,13,7.1331,18.761,127.5,63.31
16,13,6.1211,18.88,124.31,59.362
16,13,7.509,18.588,121.43,58.406
16,13,6.0324,19.162,133.67,67.907
16,13,5.599,18.706,125.46,60.541
16,13,4.737,19.205,136.14,69.916
16,13,5.5185,19.362,137.4,70.263
16,13,8.1681,19.639,141.38,71.988
16,13,7.7812,19.333,139.9,72.487
16,13,6.0911,18.911,125.35,61.674
16,13,7.4313,18.505,122.6,61.426
16,13,6.2837,19.126,127.45,60.937
16,13,6.2232,19.453,139.47,70.926
16,13,5.36,19.099,128.96,63.537
16,13,7.4558,18.567,127.27,64.959
16,13,7.78,18.719,124.87,61.561
16,13,6.9271,18.903,129.88,65.094
16,13,5.1177,18.95,134.56,69.461
16,13,7.0188,19.175,136.39,69.359
16,13,4.6201,19.471,138.63,70.365
16,13,7.4497,18.678,126.28,63.45
16,13,7.3598,18.628,125.32,63.014
16,13,5.4048,19.371,136.01,69.069
16,13,5.4759,19.503,136.52,66.619
16,13,5.3437,19.376,139.78,71.569
16,13,8.2495,18.634,125.87,63.336
16,13,5.8351,19.347,135.11,66.843
16,13,7.0449,18.259,121.6,60.259
16,13,5.8193,18.81,126.8,61.931
16,13,8.0457,18.986,136.02,69.892
16,13,7.9403,19.029,130.68,64.792
16,13,7.0744,19.187,130.12,62.535
16,13,6.826,19.49,139.31,71.086
16,13,7.6252,18.707,121.07,57.817
16,13,5.6999,19.135,133.5,67.585
16,13,7.288,18.926,131.95,67.239
16,13,8.6954,18.717,128.05,64.003
16,13,5.887,18.81,126.44,63.198
16,13,5.4204,19.138,135.03,68.198
16,13,6.4635,18.998,128.77,63
16,13,6.8123,18.846,127.55,62.903
16,13,7.6098,18.649,119.52,55.405
16,13,4.2378,19.584,141.76,72.184
16,13,6.0399,18.654,129.42,66.436
16,13,7.2464,19.028,133.15,67.158
16,13,6.7788,19.373,137.46,69.269
16,13,6.0546,19.331,136.01,69.047
16,13,8.8445,18.685,123.49,59.626
16,13,8.6298,18.397,120.24,58.66
16,13,5.6677,18.563,127.76,65.767
16,13,5.4719,19.257,138.62,70.918
16,13,5.8039,19.149,131.81,65.755
16,13,7.7655,18.649,124.56,62.024
16,13,6.4072,18.973,130.57,66.154
16,13,6.8192,18.354,117.89,56.879
16,13,6.4595,19.205,133.44,67.144
16,13,5.3485,19.572,138.83,68.837
16,13,6.3292,19.203,136.1,69.986
16,13,4.7899,18.79,123.56,59.661
16,13,7.314,19.189,134.38,68.079
16,13,8.3907,17.618,106.68,50.762
16,13,5.8547,18.424,124.07,63.177
16,13,6.135,19.311,138.44,70.542
16,13,9.7472,18.293,119.1,58.83
16,13,5.166,18.984,131.2,65.75
16,13,7.2495,18.628,128.06,65.07
16,13,8.1648,19.165,130.64,64.873
16,13,5.6644,18.786,127.02,63.414
16,13,5.6426,18.868,125.31,60.384
16,13,8.2895,18.979,129.4,64.122
16,13,4.4432,19.263,134.09,67.352
16,13,6.8653,18.625,127.55,64.784
16,13,7.4837,18.673,125.65,63.129
16,13,7.2634,19.081,133.51,67.774
16,13,7.9207,18.787,128.78,64.292
16,13,6.7113,18.763,127.81,64.817
16,13,6.164,19.735,143.2,73.04
16,13,6.8008,19.049,134.11,69.018
16,13,6.135,19.188,134.97,67.032
16,13,5.427,19.098,133.74,67.646
16,13,6.1882,19.02,129.25,63.813
16,13,4.6489,19.144,134.23,68.409
16,13,5.2689,19.759,138.02,67.639
16,13,6.126,18.91,128.42,63.491
16,13,9.5605,18.382,121.06,59.717
16,13,6.0525,19.023,131.22,65.161
16,13,5.787,18.916,128.26,64.079
16,13,5.4239,19.192,135.9,69.072
16,13,6.9186,19.051,131.26,65.539
16,13,7.2534,18.7,129.55,65.993
16,13,7.2058,18.784,129.14,64.7
16,13,7.5669,19.304,136.46,69.106
16,13,8.431,18.988,129.73,64.395
16,13,6.3665,19.007,132.19,67.164
16,13,4.0169,19.602,137.87,69.034
16,13,5.8988,19.116,128.57,62.891
16,13,5.4407,19.448,135.16,65.949
16,13,4.7591,19.292,131.6,64.179
16,13,4.6576,19.132,132.44,66.542
16,13,7.5667,18.858,126,62.369
16,13,4.9866,19.141,135.94,69.507
16,13,6.8984,19.137,133.34,66.429
16,13,6.0267,19.026,130.58,64.362
16,13,6.1429,19.197,134,67.068
16,13,6.2377,18.909,128.39,63.808
16,13,6.6463,19.258,134.65,67.502
16,13,5.9502,18.873,126.04,61.62
16,13,6.6378,18.624,125.83,63.476
16,13,6.3391,19.086,132.77,67.371
16,13,7.0679,18.785,124.24,59.867
16,13,5.9362,18.936,130.83,66.323
16,13,6.8237,19.005,134.11,68.245
16,13,6.8004,18.808,127.28,63.036
16,13,6.7179,18.499,121.64,60.012
16,13,8.2718,18.616,125.14,63.085
16,13,6.9699,18.865,132.5,67.296
16,13,5.3491,19.274,135.15,67.717
16,13,4.903,18.668,124.35,61.661
16,13,8.4929,18.944,127.24,63.059
16,13,6.079,18.994,130.4,63.372
16,13,5.3214,19.219,134.01,67.439
16,13,8.738,18.335,120.63,59.138
16,13,7.2386,18.706,130.27,66.933
16,13,6.175,19.349,139.82,72.399
16,13,7.601,19.001,129,63.018
16,13,5.9371,18.905,131.57,66.92
16,13,7.9031,19.317,132.6,64.686
16,13,7.2975,18.849,124.64,59.316
16,13,5.5485,19.377,135.9,67.947
16,13,8.4376,18.91,127.31,62.466
16,13,7.9595,18.886,129.1,64.937
16,13,5.3073,18.862,131.62,67.472
16,13,4.9419,18.763,127.03,62.518
16,13,6.9273,18.862,131.01,66.738
16,13,5.031,19.089,134.09,68.789
16,13,6.1684,18.782,127.59,64.472
16,13,7.3008,19.092,133.26,67.346
16,13,6.126,18.874,130.06,65.369
16,13,6.873,18.753,126.24,61.947
16,13,6.8236,18.479,125.66,63.694
16,13,8.32,18.725,125.74,61.732
16,13,8.2742,18.547,122.36,59.884
16,13,7.8705,18.298,123.02,61.718
16,13,6.1016,18.875,132.76,67.817
16,13,7.4008,19.111,135.48,68.851
16,13,5.6171,19.211,135.05,67.777
16,13,4.6407,19.51,141.27,72.772
16,13,5.7237,19.483,139.76,70.728
16,13,6.5625,19.288,133.27,66.081
16,13,7.1421,19.513,140.51,71.454
16,13,6.2848,18.513,123.38,61.55
16,13,6.6599,18.75,127.06,63.926
16,13,7.484,18.749,126.19,61.75
16,13,7.584,18.173,118.11,57.917
16,13,5.504,19.093,134.15,67.331
16,13,6.7289,19.135,134.45,67.736
16,13,5.4918,18.88,128.46,63.96
16,13,8.1741,18.551,128.54,66.847
16,13,6.8032,19.152,134.64,68.17
16,13,7.2441,18.765,125.35,60.774
16,13,6.8424,18.412,120.9,58.949
16,13,5.6689,18.912,129.19,64.344
16,13,6.1135,19.601,135.59,66.139
16,13,4.5221,19.256,132.19,65.215
16,13,7.7307,18.997,129.49,64.299
16,13,6.193,19.026,134.69,70.18
16,13,7.2235,18.773,126.66,62.489
16,13,7.415,19.368,133.33,65.747
16,13,6.4093,18.782,124.83,60.608
16,13,7.4797,18.319,119.91,59.38
16,13,6.8485,18.358,121.31,60.1
16,13,6.1688,19.374,140.68,72.458
16,13,5.8244,19.117,132.46,66.594
16,13,6.3245,19.071,133.05,67.426
16,13,5.764,19.273,138.27,71.65
16,13,8.938,18.533,119.27,56.448
16,13,5.1231,19.216,137.04,70.529
16,13,5.942,19.097,131.64,65.398
16,13,6.6563,18.786,126.17,62.372
16,13,6.6234,19.095,130.21,64.541
16,13,7.2012,19.312,134.79,67.466
16,13,7.578,18.586,125.25,62.955
16,13,7.6138,19.017,128.09,63.443
16,13,6.1928,19.033,128.93,62.683
16,13,9.7218,18.057,115.33,56.342
16,13,4.7136,18.967,129.12,63.257
16,13,6.6022,19.502,137.08,69.025
16,13,6.9483,19.271,135.63,67.729
16,13,6.6556,18.944,128.92,64.121
16,13,6.1616,18.702,125.77,62.451
16,13,8.5292,18.914,129.5,64.308
16,13,5.0609,19.402,136.93,68.49
16,13,6.5064,19.06,132.35,65.739
16,13,7.2403,19.191,141.01,74.428
16,13,5.1796,19.402,137.74,69.088
16,13,5.6983,19.585,140.09,71.385
16,13,5.2876,19.713,147.88,76.338
16,13,5.4222,18.868,127.25,62.152
16,13,6.0432,18.964,130.07,65.677
16,13,5.1695,19.022,130.79,65.831
16,13,7.6767,18.658,126.93,63.968
16,13,5.4865,19.069,133.32,66.836
16,13,5.8783,18.55,125.98,63.85
16,13,9.1277,19.04,129.92,64.262
16,13,5.2559,18.977,134.91,69.557
16,13,6.1042,18.93,129.95,65.477
16,13,7.1569,18.687,123.94,60.65
16,13,5.4531,19.277,133.42,66.465
16,13,9.145,18.589,122.72,60.913
16,13,4.9154,19.347,139.58,71.694
16,13,6.417,18.525,123.43,60.36
16,13,6.5154,18.783,124.37,60.434
16,13,6.274,19.105,134.41,68.291
16,13,5.275,19.221,134.34,66.041
16,13,6.2112,18.612,123.67,60.563
16,13,5.527,19.374,137.56,69.406
16,13,4.5408,19.674,136.67,66.876
16,13,6.8598,19.084,131.9,65.544
16,13,6.406,19.023,130.62,65.455
16,13,7.3876,19.255,131.89,63.636
16,13,7.7236,18.978,132.39,66.987
16,13,5.9581,19.505,144.63,76.67
16,13,7.1254,18.666,124.04,61.055
16,13,6.7763,19.024,127.35,61.919
16,13,5.8388,19.158,137.39,71.653
16,13,7.3481,19.051,130.52,64.711
16,13,5.7273,18.642,128.21,65.533
16,13,7.5448,18.946,129.32,64.814
16,13,7.5802,18.679,122.66,59.426
16,13,7.8766,18.686,125.19,60.879
16,13,6.2113,18.629,129.57,66.71
16,13,5.8625,19.136,133.22,67.189
16,13,6.788,19.038,132.19,67.097
16,13,5.4787,19.571,141.73,72.702
16,13,5.7839,18.916,132.65,67.002
16,13,5.5849,18.718,124.79,62.142
16,13,5.3442,19.116,131.46,65.68
16,13,6.7043,18.887,128.5,64.174
16,13,7.3923,19.149,133.73,67.545
16,13,5.7705,18.83,127.05,62.796
16,13,6.1237,18.848,129.5,65.355
16,13,8.6653,18.224,119.77,59.092
16,13,5.1066,19.028,135.22,70.066
16,13,6.7157,19.102,129.24,62.023
16,13,6.2076,19.347,139.24,71.691
16,13,6.5411,18.61,125.86,63.39
16,13,5.9084,18.693,127.68,65.08
16,13,6.3526,18.348,122.28,61.324
16,13,6.0668,18.986,130.72,65.152
16,13,6.7984,18.794,127.34,64.283
16,13,8.1217,18.965,131.1,65.815
16,13,5.8835,18.684,124.09,61.852
16,13,6.8353,19.326,132.41,64.649
16,13,6.0875,19.039,133.92,68.974
16,13,6.7333,19.235,134.21,65.987
16,13,8.1971,18.591,125.31,62.312
16,13,5.7207,19.308,133.55,66.88
16,13,7.8757,18.786,125.88,62.295
16,13,6.1965,19.073,129.67,64.215
16,13,5.5626,19.178,134.44,68.806
16,13,6.9249,18.793,126.26,61.327
16,13,8.9727,18.595,125.9,63.25
16,13,8.4196,18.174,118.05,58.386
16,13,7.7291,19.042,130.58,64.734
16,13,6.3512,18.498,124.42,62.154
16,13,5.9294,18.572,126.75,65.075
16,13,7.3034,19.28,135.87,68.65
16,13,7.1123,19.216,130.39,63.333
16,13,7.5268,18.406,120.71,59.851
16,13,6.2857,18.983,127.58,62.704
16,13,5.1571,19.587,141.68,72.864
16,13,6.185,19.293,136.58,70.418
16,13,6.4733,18.824,130.38,66.258
16,13,6.1057,19.226,136.28,69.418
16,13,4.833,19.143,132.25,66.936
16,13,6.3061,19.407,135.05,66.752
16,13,6.688,19.229,135.18,68.798
16,13,7.6778,18.62,127.37,64.42
16,13,7.2806,19.333,140.87,72.789
16,13,6.7353,19.063,132.13,66.178
16,13,5.8798,19.172,136.09,69.857
16,13,8.3145,18.794,125.45,61.524
16,13,7.1457,18.824,128.61,64.495
16,13,9.1144,18.347,120.69,59.341
16,13,6.8965,18.405,121.12,59.389
16,13,7.1558,18.729,130.57,66.684
16,13,6.4531,19.093,133.24,65.992
16,13,6.6268,19.357,140.34,73.255
16,13,6.2913,18.824,127.42,63.472
16,13,7.0027,18.904,125.56,61.268
16,13,6.3138,19.255,137.11,69.141
16,13,6.6981,18.978,128.54,62.234
16,13,6.4821,18.803,130.48,66.254
16,13,6.8653,18.925,131.09,66.346
16,13,4.1584,18.791,125.1,61.073
16,13,7.0271,18.863,129.6,65.662
16,13,7.4863,18.82,131.86,66.931
16,13,5.6526,19.194,133.17,65.618
16,13,4.0794,19.885,145.46,73.796
16,13,7.0409,18.963,129.93,64.785
16,13,5.0229,19.33,137.38,68.739
16,13,5.5728,19.298,140.82,74.94
16,13,4.9195,18.831,126.11,61.934
16,13,6.5954,18.435,122.77,61.959
16,13,7.2273,18.403,116.83,55.236
16,13,7.6571,19.181,131.5,64.268
16,13,5.1727,19.589,141.21,71.222
16,13,5.385,18.916,131.99,67.761
16,13,6.191,18.943,127.13,61.609
16,13,9.2419,18.571,128.71,66.543
16,13,6.4721,19.119,131.84,66.152
16,13,5.4639,18.86,128.03,63.319
16,13,7.3088,18.978,131.43,66.103
16,13,7.72,18.847,128.84,64.363
16,13,8.07,18.502,125.65,63.943
16,13,7.7248,19.511,138.36,69.15
16,13,5.2789,19.115,129.79,63.398
16,13,6.3005,18.44,123.35,61.848
16,13,5.1643,18.876,129.52,65.391
16,13,6.7504,19.123,133.94,67.159
16,13,6.8231,18.76,125.94,62.66
16,13,6.7293,19.354,137.6,70.16
16,13,5.367,19.375,133.93,66.073
16,13,5.1936,18.876,128.05,64.085
16,13,4.914,18.703,124.86,61.068
16,13,7.5154,19.069,133.94,67.065
16,13,6.894,19.381,133.17,65.886
16,13,6.8952,19.211,137.13,70.641
16,13,7.1514,19.248,138.46,71.483
16,13,6.6803,18.518,124.54,63.229
16,13,7.8877,18.893,129.04,63.987
16,13,7.4685,18.774,129.48,65.656
16,13,7.9892,18.667,128.32,64.691
16,13,5.6083,19.362,135.88,67.659
16,13,6.8317,18.809,133.52,69.677
16,13,4.8234,19.73,141.01,71.065
16,13,6.3668,18.964,128.97,64.353
16,13,6.5561,19.058,130.94,63.776
16,13,7.37,18.71,126.55,63.509
16,13,6.1076,18.766,128.4,64.864
16,13,7.2882,18.566,124.66,62.017
16,13,4.7409,18.997,131.07,66.594
16,13,6.7179,19.062,133.01,69.255
16,13,5.831,19.518,139.04,69.852
16,13,6.0997,19.076,135.33,69.837
16,13,5.9732,18.98,132.35,66.794
16,13,7.1145,19.274,137.14,70.557
16,13,5.4162,19.577,142.28,73.659
16,13,5.5443,19.413,136.86,68.233
16,13,5.5956,19.418,137.36,68.944
16,13,4.4776,19.173,131.49,64.506
16,13,7.4793,18.69,130,66.481
16,13,8.5967,18.943,129.88,64.793
16,13,9.1296,18.595,122.85,59.718
16,13,6.5535,18.788,128.95,65.397
16,13,7.8417,18.467,123.62,61.319
16,13,7.5429,18.63,128.3,65.083
16,13,6.2588,18.957,130.02,65.411
16,13,5.8823,18.486,126.72,64.079
16,13,6.6057,18.711,126.97,63.243
16,13,6.0216,18.828,131.35,66.534
16,13,6.5303,18.928,129.66,65.226
16,13,7.8307,18.35,118.65,57.714
16,13,6.3287,18.796,129.79,66.092
16,13,7.3817,18.663,125.62,62.401
16,13,6.3502,18.747,124.34,61.697
16,13,5.3907,19.131,135.9,69.324
16,13,6.3654,18.824,124.51,60.963
16,13,6.2062,18.945,129.73,64.699
16,13,6.1979,18.744,125.92,61.86
16,13,5.783,19.607,141.86,73.159
16,13,6.1248,19.274,133.12,65.278
16,13,6.8663,18.831,125.75,60.845
16,13,5.0796,19.096,133.04,67.338
16,13,6.4811,18.74,131.43,67.282
16,13,5.0642,19.252,131.18,64.41
16,13,5.7204,18.93,131.36,66.411
16,13,5.5341,19.008,129.41,65.104
16,13,5.0878,19.023,132.66,67.498
16,13,7.6953,18.948,127.73,62.713
16,13,5.2978,18.842,129.04,64.809
16,13,5.9215,19.243,136.97,69.928
16,13,6.9018,18.8,130.24,66.051
16,13,6.8639,19.159,131.15,65.323
16,13,5.4512,19.129,135,68.596
16,13,6.1372,19.112,134.96,68.864
16,13,6.0693,19.147,135.4,69.242
16,13,6.7746,18.802,125.7,60.797
16,13,6.9453,18.935,128.13,63.426
16,13,8.4046,18.593,126.78,64.744
16,13,6.0048,19.388,141.55,73.127
16,13,6.0352,18.544,123.38,61.36
16,13,7.3351,18.877,126.54,61.875
16,13,5.1982,19.055,132.38,66.825
16,13,7.6562,19.185,134.7,66.996
16,13,6.2685,19.229,135.69,69.067
16,13,7.7762,18.693,127.53,63.863
16,13,5.7608,18.621,125.71,62.494
16,13,8.2525,18.293,122.04,61.626
16,13,6.4437,18.859,129.88,66.45
16,13,5.1541,19.532,140.21,71.308
16,13,5.6693,19.239,134.17,67.263
16,13,6.6141,19.007,133.2,67.748
16,13,4.8422,18.392,124.89,63.893
16,13,5.6204,18.995,132.52,66.219
16,13,5.9033,18.423,120.35,58.452
16,13,5.8422,19.521,138.04,69.583
16,13,4.3902,19.323,141.97,75.823
16,13,7.4115,18.779,124.61,61.094
16,13,7.7995,18.556,126.3,63.532
16,13,6.3808,18.544,124.8,62.033
16,13,5.7995,19.335,137.67,69.309
16,13,6.762,18.896,128.91,63.806
16,13,6.8131,18.947,129.17,63.695
16,13,5.6336,19.484,134.11,66.096
16,13,5.5193,19.038,133.72,68.179
16,13,6.9613,18.735,125.21,61.17
16,13,9.6245,18.362,121.49,60.696
16,13,8.8793,18.315,123.67,63.305
16,13,5.8927,18.66,121.89,57.751
16,13,4.774,19.43,137.02,68.025
16,13,7.5881,18.923,132.15,67.614
16,13,9.5878,18.679,127.31,64.389
16,13,7.1635,18.73,125.87,62.491
16,13,5.9512,18.8,126.12,61.647
16,13,8.3776,18.538,122.13,60.206
16,13,5.2275,19.307,136.19,68.212
16,13,6.9706,19.296,137.78,69.575
16,13,5.4028,19.138,137.35,70.312
16,13,7.5836,18.541,124.65,62.633
16,13,7.7649,18.662,124.41,61.268
16,13,4.954,19.618,142.86,73.861
16,13,6.9115,19.367,139.25,71.628
16,13,6.0354,19.066,130.58,64.442
16,13,5.3796,19.672,140.7,69.926
16,13,6.3065,18.599,127.59,64.886
16,13,6.0228,18.9,124.88,60.329
16,13,6.1301,18.375,121.76,61.623
16,13,7.1558,19.438,138.71,71.025
16,13,6.6154,18.63,125.86,63.992
16,13,6.0885,18.72,125.82,62.624
16,13,6.7484,19.595,136.01,66.197
16,13,6.6915,18.649,126.36,63.394
16,13,6.7811,19.377,137.18,68.662
16,13,5.3606,19.383,139.61,72.184
16,13,6.6274,18.621,125.14,62.683
16,13,5.8489,19.104,130.21,64.533
16,13,4.9536,19.036,129.32,63.097
16,13,7.256,18.588,120.18,56.532
16,13,6.1418,19.078,131.39,65.861
16,13,7.9999,18.878,128.61,64.539
16,13,6.4342,18.631,125.4,62.439
16,13,9.176,18.712,126.52,62.834
16,13,7.6631,18.803,130.46,66.453
16,13,6.1545,18.615,120.12,57.919
16,13,8.4952,18.552,124.13,61.631
16,13,7.1431,18.963,130.83,66.564
16,13,9.3384,18.479,121.71,59.683
16,13,5.8013,19.105,132.76,66.966
16,13,5.8224,19.359,136.09,68.395
16,13,6.3497,18.93,132.43,67.536
16,13,6.8823,18.756,124.06,60.739
16,13,6.765,18.838,132.09,67.414
16,13,5.1541,19.412,139.57,71.689
16,13,4.9677,19.157,134.49,68.678
16,13,9.0737,18.368,123.67,61.785
16,13,7.0289,19.13,130.64,63.816
16,13,5.9381,19.092,131.65,66.057
16,13,5.2962,19.622,142.72,72.99
16,13,6.5415,18.693,126.46,63.119
16,13,5.4338,18.304,123.56,62.627
16,13,9.7272,18.767,126.79,62.906
16,13,6.3403,19.428,136.56,68.332
16,13,6.9238,19.323,136.08,68.312
16,13,6.7784,18.679,127.99,64.233
16,13,7.5637,18.775,129.81,66.471
16,13,7.1485,18.801,128.62,63.759
16,13,5.8869,19.142,134.41,68.008
16,13,7.8757,18.414,123.04,61.386
16,13,6.3835,19.074,132.43,67.305
16,13,7.8309,18.975,125.87,60.938
16,13,7.9601,19.148,131.37,64.611
16,13,5.5524,19.002,131.43,66.377
16,13,7.5234,18.697,123.84,59.872
16,13,7.7678,18.687,122.91,59.394
16,13,7.5285,18.844,126.48,62.028
16,13,6.2993,19.038,127.69,62.145
16,13,9.1975,18.698,126.98,63.869
16,13,6.2598,19.655,139.21,69.923
16,13,8.3493,18.37,124.93,63.208
16,13,5.9188,18.933,129.05,64.021
16,13,6.7535,19.474,137.78,69.434
16,13,5.7527,19.319,137.49,69.484
16,13,4.3651,19.15,135.61,70.031
16,13,6.7007,18.497,125.21,63.278
16,13,6.1694,18.904,128.89,64.633
16,13,6.7243,18.191,116.54,55.696
16,13,4.4135,18.667,124.77,61.557
16,13,7.0368,18.847,125.98,61.727
16,13,8.1455,18.912,129.72,64.627
16,13,6.0287,19.3,129.46,62.554
16,13,10.538,18.71,127.78,64.697
16,13,9.088,18.572,125.07,62.555
16,13,6.9371,18.843,125.1,61.279
16,13,5.5862,19.245,131.8,64.832
16,13,7.7504,18.975,130.61,65.429
16,13,5.8459,20.212,151.26,77.137
16,13,6.5868,19.75,141.87,71.37
16,13,5.7539,19.423,142.87,74.84
16,13,6.444,18.515,125.98,64.549
16,13,5.6933,18.367,125.26,64.448
16,13,7.6268,18.859,129.79,65.091
16,13,5.4921,18.838,129.18,64.565
16,13,6.584,19.074,139.6,73.725
16,13,5.4094,18.899,128.4,64.073
16,13,7.7771,18.56,121.66,58.718
16,13,7.8814,18.552,123.03,60.784
16,13,7.738,18.36,124.66,64.066
16,13,5.1638,19.017,130.49,65.576
16,13,6.2905,19.546,141.86,72.696
16,13,5.8052,19.104,131.83,65.635
16,13,7.4053,18.568,121.64,58.969
16,13,7.4648,18.559,126.83,64.681
16,13,6.8446,18.237,119.8,59.905
16,13,4.4981,19.696,143.26,73.158
16,13,6.0041,19.167,130.5,63.525
16,13,6.6972,18.538,123.04,60.7
16,13,6.8102,17.963,112.87,53.915
16,13,4.6284,18.751,125.9,62.561
16,13,5.0449,19.494,132.99,64.729
16,13,7.2337,19.001,133.01,67.437
16,13,7.5697,18.463,123.96,61.718
16,13,5.035,18.84,129.75,65.667
16,13,5.3642,18.9,127.61,63.143
16,13,7.9007,18.851,129.19,64.276
16,13,5.4969,18.78,130.02,66.101
16,13,4.7628,19.024,133.02,67.802
16,13,6.8571,19.064,130.79,65.271
16,13,6.4708,19.562,139.01,69.803
16,13,5.8738,18.525,127.1,65.087
16,13,6.3083,19.095,130.09,64.127
16,13,6.1945,18.954,129.77,63.7
16,13,6.6015,19.318,136.32,69.043
16,13,5.147,19.192,133.53,66.787
16,13,5.2333,19.332,137.02,69.202
16,13,6.599,19.074,137.21,70.646
16,13,7.4176,18.997,135.03,68.931
16,13,6.0744,18.289,122.24,61.026
16,13,6.9771,18.88,130.88,67.077
16,13,7.1761,18.261,119.93,60.089
16,13,3.9226,19.261,133.19,65.755
16,13,6.6185,18.756,125.96,61.865
16,13,6.9232,18.78,130.07,66.1
16,13,7.1836,18.866,128.14,63.656
16,13,6.9877,18.219,120.79,60.856
16,13,8.4652,18.483,124.16,61.95
16,13,4.9782,19.391,134.76,66.578
16,13,4.5347,19.06,135.76,70.418
16,13,7.0699,18.869,127.69,63.36
16,13,7.2712,18.49,124.04,61.882
16,13,6.5395,19.07,131.62,67.352
16,13,6.7623,19.069,132.55,67.267
16,13,7.8245,18.848,128.36,63.753
16,13,7.0442,18.779,126.87,62.896
16,13,6.7753,19.097,135.82,69.535
16,13,6.1877,18.834,129.3,65.148
16,13,6.6453,18.946,133.2,69.105
16,13,8.5246,18.537,120.22,58.451
16,13,6.1992,19.249,131.32,64.072
16,13,7.4148,18.584,127.11,64.651
16,13,6.4755,18.451,124.06,62.634
16,13,7.6028,18.477,121.33,59.79
16,13,6.6206,18.497,123.32,62.539
16,13,9.2507,18.824,123.79,59.242
16,13,7.0219,18.674,127.83,65.168
16,13,7.6077,18.697,129.04,66.037
16,13,6.8384,19.405,138.83,70.853
16,13,5.9514,18.953,128.98,63.364
16,13,5.4786,19.263,133.77,66.079
16,13,7.0586,19.273,136.24,69.683
16,13,5.3837,18.864,129.25,64.457
16,13,4.711,19.867,145.13,73.104
16,13,4.6889,18.976,131.07,65.919
16,13,4.9961,19.269,139.18,71.221
16,13,6.6972,19.188,131.09,65.53
16,13,5.8097,18.64,125.08,61.944
16,13,6.661,19.149,132.99,66.274
16,13,6.6194,19.067,132.92,68.054
16,13,5.7778,18.991,129.87,64.205
16,13,8.8001,18.647,128.27,64.656
16,13,7.2112,18.864,130.23,65.349
16,13,4.868,19.241,130.6,64.075
16,13,6.0353,18.683,131.43,68.734
16,13,7.9695,18.92,131.47,67.005
16,13,4.6978,19.096,135.23,69.404
16,13,8.9323,18.576,125.38,62.785
16,13,5.3381,18.933,126.67,60.855
16,13,7.848,18.629,127.62,65.468
16,13,7.0435,18.676,124.66,60.889
16,13,7.1059,18.402,125.78,64.34
16,13,6.1249,18.852,133.5,69.413
16,13,6.076,19.238,137.72,70.557
16,13,5.9114,18.874,125.66,61.774
16,13,7.8385,18.776,128.94,64.961
16,13,6.756,18.566,125.06,63.032
16,13,6.9026,19.199,137.67,71.491
16,13,6.8901,18.555,122.45,60.136
16,13,7.5299,18.915,126.82,61.622
16,13,5.982,19.191,130.43,63.536
16,13,6.1519,18.74,124.67,60.912
16,13,4.882,18.625,121.44,58.959
16,13,4.9718,19.015,133.46,67.78
16,13,5.5423,19.401,139.38,71.427
16,13,5.214,19.027,134.92,69.32
16,13,5.6336,19.174,133.05,66.352
16,13,6.3434,19.492,142.21,73.562
16,13,8.7109,18.776,127.87,63.668
16,13,5.903,18.776,128.01,64.281
16,13,5.7427,19.239,135.93,69.016
16,13,6.0679,19.134,132.42,66.316
16,13,6.2535,19.237,137.01,69.894
16,13,8.297,18.553,122.82,58.915
16,13,6.4731,18.977,132.44,66.646
16,13,8.7931,18.756,130.07,65.915
16,13,5.9637,19.677,144.65,75.261
16,13,6.0535,18.991,131.11,66.436
16,13,6.7418,18.626,126,63.144
16,13,7.3428,18.677,129.04,66.682
16,13,6.1975,18.881,128.34,64.24
16,13,5.3343,19.086,134.47,68.607
16,13,9.5804,18.297,125.2,64.357
16,13,7.2673,18.919,130.19,65.07
16,13,4.3576,19.185,134.13,66.915
16,13,5.6952,18.757,126.72,62.676
16,13,7.0363,18.601,123.24,60.648
16,13,4.9982,19.238,133.99,67.486
16,13,7.3097,18.936,127.97,63.072
16,13,6.1617,19.423,138.91,71.156
16,13,6.6657,18.869,132.36,68.04
16,13,7.4801,18.893,128.55,63.593
16,13,6.0665,18.826,125.88,60.619
16,13,6.8801,19.006,131.76,65.582
16,13,4.1729,19.041,134.57,69.402
16,13,6.3983,19.146,135.29,69.846
16,13,6.2978,18.774,130.49,66.703
16,13,6.2799,18.925,127.57,62.755
16,13,5.6543,18.837,130.82,65.566
16,13,6.3956,18.651,124.83,61.257
16,13,5.8864,18.694,120.84,57.447
16,13,7.4839,18.517,123.74,62.039
16,13,7.902,19.021,130.13,63.273
16,13,6.2076,19.144,131.87,63.801
16,13,5.4891,18.834,132.38,68.528
16,13,6.5136,19.39,137.83,69.711
16,13,6.0389,18.829,129.91,65.979
16,13,7.2174,18.863,130.88,67.098
16,13,7.4826,18.611,124.93,62.091
16,13,7.4912,18.715,130.85,67.434
16,13,4.5987,19.553,140.1,71.687
16,13,7.1735,19.363,135.08,67.821
16,13,7.2741,18.71,128.3,63.969
16,13,5.5774,19.443,133.2,64.138
16,13,6.8522,19.443,138.81,70.958
16,13,7.6666,18.343,121.81,61.082
16,13,6.2151,19.221,135.85,68.654
16,13,8.2055,19.022,131.7,65.303
16,13,7.3671,18.757,127.2,63.324
16,13,6.0571,18.928,129.23,64.422
16,13,6.6422,18.954,131.13,66.958
16,13,6.0971,18.789,128.15,64.015
16,13,6.994,18.741,125.51,62.722
16,13,6.5273,18.97,130.62,64.852
16,13,5.2339,18.785,130.12,65.99
16,13,6.2231,18.668,124.45,61.104
16,13,7.0773,19.103,132.43,66.88
16,13,4.8981,19.133,135.03,68.24
16,13,4.5627,18.205,120.95,60.94
16,13,5.2313,19.465,141.51,72.419
16,13,6.9121,18.638,121.64,57.661
16,13,5.2773,18.842,129.3,64.842
16,13,7.3842,18.875,131.86,67.626
16,13,5.9977,18.568,123.18,60.703
16,13,5.0365,18.591,121.53,58.765
16,13,6.8936,19.267,131.74,63.899
16,13,7.1864,18.722,129.09,65.149
16,13,6.288,18.46,124.04,62.826
16,13,5.4301,19.388,139.44,70.21
16,13,5.8903,19.522,138.85,71.224
16,13,7.1535,18.923,130.18,64.888
16,13,7.7757,18.671,124.45,60.898
16,13,5.604,19.154,129.56,62.695
16,13,7.4913,18.915,128.12,64.083
16,13,7.3387,18.817,128.27,64.02
16,13,7.3534,18.386,121.52,60.404
16,13,6.3533,18.812,128.87,64.861
16,13,7.087,19.257,131.01,63.479
16,13,6.4152,18.718,127.14,63.876
16,13,4.988,19.608,140.62,71.667
16,13,6.1008,18.942,130.51,65.945
16,13,5.0098,18.984,129.37,64.828
16,13,6.1523,19.116,136.31,69.785
16,13,7.7718,18.925,132.82,66.95
16,13,8.1875,18.855,132.3,67.911
16,13,6.3577,19.15,130.65,64.704
16,13,6.217,19.067,132.87,67.825
16,13,7.6688,18.694,126.89,64.366
16,13,5.4983,18.929,131.19,66.24
16,13,6.3701,18.811,124.25,59.981
16,13,6.6663,18.678,125.9,62.342
16,13,5.8777,19.013,133.7,68.118
16,13,5.4168,19.575,140.21,71.003
16,13,6.8078,19.23,130.04,63.394
16,13,5.9733,18.81,125.86,61.591
16,13,5.8396,18.695,127.25,63.475
16,13,7.1335,19.384,137.25,68.173
16,13,5.8234,18.736,129.67,66.373
16,13,4.7749,19.328,136.56,68.745
16,13,7.6598,18.729,126.99,63.313
16,13,7.402,19.399,139.04,71.334
16,13,6.1202,18.668,131.44,68.625
16,13,6.6408,18.86,131.44,66.944
16,13,6.3836,18.787,128.93,64.623
16,13,7.3221,18.799,126.66,63.13
16,13,5.4901,19.092,137.05,71.076
16,13,6.7084,18.598,127.06,65.193
16,13,6.3153,19.001,132.99,67.269
16,13,7.7064,18.634,125.43,62.254
16,13,6.4568,18.81,129.54,65.987
16,13,7.7413,19.108,132.5,66.711
16,13,6.016,18.981,130.56,65.598
16,13,6.6312,18.827,129.14,65.683
16,13,5.6459,18.905,128.42,64.24
16,13,7.2402,18.442,122.88,61.278
16,13,5.121,18.622,126.65,63.662
16,13,7.9277,18.733,130.7,67.416
16,13,8.2791,18.619,129.35,67.012
16,13,6.0112,18.634,127.27,63.212
16,13,5.243,19.419,135.98,66.633
16,13,6.7091,18.646,123.45,60.582
16,13,4.6701,19.544,138.75,69.146
16,13,5.6918,18.827,128.4,63.975
16,13,5.8183,18.722,124.92,61.517
16,13,5.6289,19.275,137.55,70.911
16,13,6.9384,19.032,132.87,66.664
16,13,6.3079,18.966,132.01,67.036
16,13,6.3723,18.903,130.09,64.915
16,13,5.9607,18.589,126.88,64.019
16,13,6.0494,19.142,133.93,68.277
16,13,5.9773,18.771,127.83,63.723
16,13,7.5443,18.774,126.56,62.598
16,13,4.3313,18.967,133.12,67.921
16,13,5.5649,19.125,135.9,70.005
16,13,7.2028,18.872,126.79,62.249
16,13,5.3481,19.481,139.59,69.71
16,13,5.5463,19.122,131.79,65.764
16,13,5.144,18.713,127.09,63.987
16,13,6.3505,18.786,124.89,61.203
16,13,5.7642,19.21,135.79,69.127
16,13,5.0594,19.077,133.43,68.063
16,13,6.7862,18.956,134.6,69.578
16,13,5.0214,19.243,136.75,70.11
16,13,8.8245,18.291,120.07,59.222
16,13,7.2632,18.825,124.84,61.321
16,13,4.6826,18.416,120.72,60.004
16,13,6.6103,18.377,119.87,58.174
16,13,4.9634,19.494,141.26,72.585
16,13,8.1085,18.559,123.19,60.699
16,13,6.3764,19.196,133.54,67.149
16,13,6.1931,19.366,137.19,69.592
16,13,7.3014,19.059,132.81,67.173
16,13,6.7922,19.388,137.13,68.632
16,13,6.1844,19.5,138.67,70.098
16,13,6.7394,18.725,126.91,63.308
16,13,4.6338,19.306,133.36,66.228
16,13,7.3054,18.799,124.28,59.106
16,13,5.5531,18.793,130.33,66.608
16,13,5.1688,19.213,131.47,64.387
16,13,6.7864,18.821,129.26,65.406
16,13,6.0897,19.008,131.31,66.136
16,13,6.5941,19.099,135.69,70.091
16,13,5.4304,19.529,140.41,70.693
16,13,5.9857,18.44,120.49,58.742
16,13,7.3151,19.073,132,65.681
16,13,5.1218,19.135,131.39,64.338
16,13,5.6389,19.087,132.62,67.031
16,13,6.5107,19.038,129.13,64.616
16,13,5.3817,18.724,133.12,69.333
16,13,8.077,18.712,126,62.253
16,13,6.6784,18.754,127.48,63.325
16,13,5.6257,18.984,134.14,69.399
16,13,7.5538,18.597,121.21,58.276
16,13,6.2209,18.77,128.44,64.28
16,13,5.5807,19.318,138.02,70.426
16,13,6.0487,19.328,133.85,66.447
16,13,6.3442,18.926,128.07,63.077
16,13,4.9558,19.653,139.21,69.066
16,13,5.9493,19.395,138.03,69.813
16,13,6.4948,18.603,121.73,59.182
16,13,7.7109,18.797,125.4,61.325
16,13,7.2133,18.845,127.49,63.633
16,13,5.8819,19.237,133.3,65.764
16,13,7.2331,19.036,127.76,62.618
16,13,7.2273,18.691,123.69,60.103
16,13,9.0785,19.063,132.25,66.488
16,13,5.5136,19.039,132.93,67.666
16,13,5.3851,18.852,126.9,62.551
16,13,6.6639,18.894,130.2,65.539
16,13,4.7706,19.289,135.13,68.537
16,13,5.0696,18.904,131.37,67.553
16,13,6.6823,18.861,127.96,62.873
16,13,5.5432,18.907,131.54,66.1
16,13,7.2092,18.966,129.73,65.267
16,13,7.1939,19.445,133.41,63.775
16,13,4.5928,19.349,139.13,71.151
16,13,5.8465,19.328,134.8,67.529
16,13,6.0466,18.706,125.48,61.752
16,13,6.4262,18.79,126.63,61.818
16,13,7.5796,18.464,121.74,59.395
16,13,5.572,19.587,142.68,72.65
16,13,6.6344,18.94,127.07,60.964
16,13,6.8606,18.946,130.38,65.068
16,13,6.1445,18.657,127.22,63.676
16,13,4.7795,19.619,141.06,71.254
16,13,6.681,18.631,126.08,63.458
16,13,8.196,18.651,126.21,63.651
16,13,7.9399,18.752,124.61,61.014
16,13,5.8245,18.802,129.58,65.916
16,13,6.5123,18.913,130.66,67.111
16,13,4.6887,18.871,131.05,66.345
16,13,5.3906,18.546,125.32,63.675
16,13,7.4078,18.862,132.78,68.289
16,13,7.4857,19.18,132.6,66.2
16,13,6.664,19.061,129.72,64.883
16,13,7.2279,19.323,137.58,70.035
16,13,6.8682,19.009,132.1,66.993
16,13,7.3159,19.255,131.12,62.919
16,13,6.4551,19.23,135.14,66.753
16,13,6.9364,18.587,125.85,63.365
16,13,5.452,19.385,138.67,70.039
16,13,7.0429,19.024,131.36,65.954
16,13,4.7615,19.274,134.79,67.649
16,13,6.51,18.33,119.98,59.159
16,13,9.1934,18.119,120.55,61.088
16,13,4.9133,19.311,134.27,66.324
16,13,7.163,18.607,121.87,59.901
16,13,7.9054,18.593,127.41,64.12
16,13,5.3653,18.719,127.56,63.941
16,13,6.0523,19.017,132.85,67.402
16,13,8.326,18.542,124.72,62.325
16,13,6.7408,18.931,129.04,64.798
16,13,7.8974,18.315,119.7,59.233
16,13,7.6648,19.078,132.45,66.337
16,13,6.7383,19.077,135.05,69.056
16,13,5.5255,18.821,127.88,63.514
16,13,6.7829,19.174,133.5,66.89
16,13,5.4752,19.174,134.34,67.877
16,13,7.0734,18.766,131.27,67.293
16,13,6.0321,19.273,139.61,72.464
16,13,7.0356,18.287,117.9,57.02
16,13,4.4116,19.315,133.35,65.162
16,13,6.8436,18.834,127.89,64.472
16,13,6.7975,18.758,125.76,63.13
16,13,8.7307,18.655,128.19,64.729
16,13,7.1893,18.7,122.3,60.18
16,13,6.8032,19.345,133.09,65.407
16,13,8.2492,18.681,129.88,66.689
16,13,5.4138,19.677,140.19,68.982
16,13,6.8587,19.016,133.65,67.897
16,13,5.6942,19.196,132.19,64.787
16,13,6.8488,18.569,125.59,63.116
16,13,6.9236,18.58,126.19,62.916
16,13,7.652,18.548,124.79,62.453
16,13,6.8979,19.061,132.67,67.229
16,13,7.3158,19.327,134.52,66.51
16,13,5.1373,19.576,139.45,70.293
16,13,6.2317,18.582,122.24,60.121
16,13,7.1853,19.293,135.24,68.021
16,13,5.3392,19.383,133.46,65.164
16,13,7.1857,18.185,119.7,60.031
16,13,5.3302,19.445,136.61,68.69
16,13,4.5962,19.235,134.18,67.329
16,13,6.0496,19.298,137.16,69.678
16,13,6.7225,18.688,127.6,64.485
16,13,5.2741,18.837,129.66,65.803
16,13,6.7869,18.495,127.13,64.8
16,13,5.1117,19.604,140.97,71.808
16,13,7.3287,18.814,125.66,61.549
16,13,6.0166,18.903,128.55,64.166
16,13,4.4947,19.395,134.75,67.402
16,13,7.8841,18.441,122.78,61.282
16,13,7.4389,19.102,132.96,67.183
16,13,6.3248,18.733,126.02,62.313
16,13,6.6507,18.861,128.46,64.511
16,13,6.1124,19.453,137.71,69.114
16,13,7.6565,19.184,133.9,68.391
16,13,6.3854,18.818,129.73,65.802
16,13,5.9326,19.079,133.73,67.827
16,13,5.7664,19.473,139.86,70.658
16,13,7.9257,18.396,118.92,57.33
16,13,6.5917,18.518,124.29,62.746
16,13,8.2214,18.699,128.98,65.987
16,13,7.4006,18.954,128.99,63.342
16,13,7.3561,18.781,128.99,64.655
16,13,5.885,18.49,127.77,66.515
16,13,7.7011,18.661,127.37,64.61
16,13,6.5118,18.742,124.92,61.05
16,13,7.8878,18.724,129.86,66.216
16,13,5.3342,18.748,128.77,64.889
16,13,5.6374,19.103,128.58,62.802
16,13,6.5612,18.918,132.17,67.399
16,13,5.5164,18.726,132.47,68.968
16,13,5.3577,19.138,131.59,65.399
16,13,7.264,18.774,130.72,66.973
16,13,8.0748,18.537,122.28,60.224
16,13,5.8486,18.788,128.48,65.07
16,13,6.5564,18.499,124.41,62.387
16,13,7.536,18.966,131.03,66.132
16,13,7.8793,18.335,121.59,60.459
16,13,8.5882,18.324,121.04,60.889
16,13,4.9787,19.456,137.93,68.057
16,13,7.1821,18.356,122.78,61.221
16,13,5.474,19.7,140.82,69.999
16,13,7.1399,18.724,125.53,61.345
16,13,5.7846,18.608,124.32,61.396
16,13,6.333,18.764,130.73,67.044
16,13,6.6918,18.582,124.62,61.609
16,13,6.7046,18.803,124.51,60.04
16,13,5.5712,18.803,127.98,63.169
16,13,6.2091,18.367,122.39,61.669
16,13,6.2293,19.524,139.52,70.626
16,13,6.3321,19.271,133.53,65.902
16,13,6.1213,18.501,119.4,57.734
16,13,7.1354,18.954,133.71,68.849
16,13,6.237,18.79,125.53,61.892
16,13,4.6381,19.165,133.73,67.002
16,13,5.928,19.063,129.34,63.284
16,13,5.9033,18.988,132.54,67.259
16,13,7.8681,18.83,126.66,62.948
16,13,7.3508,18.464,121.66,60.315
16,13,6.4304,18.811,127.73,64.261
16,13,6.7167,18.909,129.54,64.922
16,13,5.5291,19.112,135.7,70.048
16,13,6.5643,18.675,126.26,63.595
16,13,5.6935,19.477,139.22,70.795
16,13,7.7865,18.586,123.98,61.641
16,13,6.9183,18.35,120.88,59.891
16,13,7.5625,18.763,128.59,65.575
16,13,4.8479,19.098,133.08,66.609
16,13,5.8499,18.593,125.24,62.575
16,13,7.7727,18.791,125.55,61.065
16,13,6.9386,18.668,122.57,58.968
16,13,5.7165,18.74,126.17,62.752
16,13,7.1685,18.716,128.09,64.31
16,13,7.3517,18.739,126.26,64.001
16,13,6.4965,18.604,124.47,61.927
16,13,5.8212,19.277,136.46,69.646
16,13,4.7702,19.805,146.17,74.79
16,13,7.8639,18.232,120.69,60.265
16,13,7.3916,18.472,124.18,62.621
16,13,4.597,19.326,138.22,69.703
16,13,7.7404,18.646,129.28,66.355
16,13,7.4521,18.39,122.78,61.754
16,13,7.3898,18.747,125.69,61.915
16,13,5.0385,19.523,136.2,66.56
16,13,6.3555,19.352,137.14,70.149
16,13,4.5205,19.294,135.76,68.219
16,13,6.2828,18.945,131.75,66.444
16,13,8.1735,18.611,127.12,63.853
16,13,8.0528,18.744,124.11,60.019
16,13,7.27,18.861,130.14,65.102
16,13,6.6213,18.801,129.72,65.768
16,13,6.2285,18.872,126.78,61.778
16,13,4.9128,18.599,129.97,67.241
16,13,5.4387,19.224,132.89,65.125
16,13,7.0274,19.049,131.58,66.113
16,13,6.131,18.576,127.78,65.164
16,13,5.6219,18.902,131.33,67.221
16,13,5.9743,19.327,139.91,72.363
16,13,5.0233,19.425,141.14,72.773
16,13,6.7846,18.714,126.78,63.046
16,13,6.0425,19.212,133.78,66.914
16,13,6.5011,18.547,130.18,68.605
16,13,6.696,18.516,123.01,61.827
16,13,4.6449,19.36,136.66,68.85
16,13,8.466,18.395,124.66,63.252
16,13,5.0261,18.915,132.44,67.604
16,13,6.8916,18.732,127.99,64.792
16,13,5.6539,18.457,119.84,58.17
16,13,6.4975,18.74,130.16,66.431
16,13,5.2306,19.203,136.82,70.019
16,13,5.5629,19.054,129.71,64.243
16,13,7.2144,18.774,125.79,63.344
16,13,6.5493,19.052,136.6,70.634
16,13,6.3508,18.741,127.06,63.54
16,13,6.8315,19.065,132.02,67.012
16,13,7.8657,19.177,131.7,64.839
16,13,7.5067,19.485,139.08,71.001
16,13,7.7097,18.728,127.83,64.252
16,13,7.1645,18.92,130.45,65.143
16,13,4.1216,19.651,141.3,70.829
16,13,6.7794,19.097,134.25,67.978
16,13,5.995,19.629,140.9,70.916
16,13,5.4342,19.3,137.2,70.023
16,13,7.9926,18.107,119.56,60.921
16,13,5.3571,19.639,142.57,73.23
16,13,7.0369,18.903,127.91,62.846
16,13,4.8432,19.712,142.82,72.717
16,13,5.8063,19.18,133.6,66.98
16,13,5.2718,19.156,134.16,67.554
16,13,4.5649,18.861,131.25,66.027
16,13,6.5634,19.188,136.01,69.032
16,13,6.5357,18.619,123.23,59.511
16,13,4.4624,19.175,134.15,68.621
16,13,6.6399,18.614,128.44,66.405
16,13,6.0309,18.759,127.93,64.555
16,13,6.6842,18.424,123.42,61.978
16,13,7.1176,18.749,125.61,62.217
16,13,7.8252,18.566,124.09,61.936
16,13,4.6696,18.944,129.74,64.847
16,13,6.5799,19.114,131.57,65.402
16,13,6.8526,19.074,134.64,68.312
16,13,6.4931,18.839,131.19,66.827
16,13,6.7095,18.751,127.75,64.258
16,13,4.6189,19.279,137.35,70.079
16,13,6.3831,19.248,136.28,69.022
16,13,4.944,19.475,139.94,71.133
16,13,6.9232,18.925,127.58,62.416
16,13,8.5344,18.431,123.73,62.809
16,13,5.8972,19.847,149.2,77.938
16,13,5.9403,18.812,121.64,56.821
16,13,6.3222,19.143,133.05,66.64
16,13,6.7546,18.981,132.89,67.335
16,13,5.8232,18.76,130.23,66.843
16,13,6.0332,19.117,131.92,65.706
16,13,6.9594,19.107,130.27,63.485
16,13,6.7261,19.044,133.61,68.165
16,13,5.2962,19.191,134.4,67.693
16,13,7.8603,18.913,131.51,66.402
16,13,7.7847,18.18,119.05,58.535
16,13,6.0285,19.058,132.97,66.528
16,13,6.1944,19.179,135.86,68.501
16,13,6.4175,18.976,132.47,67.242
16,13,6.9671,18.618,123.33,59.661
16,13,4.7894,19.341,139.71,71.693
16,13,6.0294,19.117,128.15,63.024
16,13,6.409,18.828,128.7,65.181
16,13,5.6307,19.588,142.46,72.767
16,13,7.1371,18.987,131.32,66.229
16,13,6.0891,19.272,134.6,67.535
16,13,6.2876,18.642,124.92,61.803
16,13,8.0432,18.409,120.99,60.332
16,13,6.1992,18.997,134.51,69.303
16,13,6.9564,18.522,124.27,62.427
16,13,6.8713,19.122,132.32,65.862
16,13,7.417,19.062,129.19,64.465
16,13,8.6744,19.001,130.07,65.144
16,13,7.9077,18.64,127.68,64.732
16,13,8.0072,18.769,127.6,63.438
16,13,7.3093,18.837,133.48,69.163
16,13,7.3784,18.425,124.73,63.789
16,13,7.5097,18.295,118.46,58.352
16,13,9.6809,19.238,136.15,69.511
16,13,6.5636,18.411,121.58,60.067
16,13,6.8515,19.105,131,64.445
16,13,7.545,19.01,131,65.324
16,13,5.4508,19.418,135.35,66.784
16,13,7.436,18.603,124.64,61.673
16,13,6.1027,18.792,129.45,65.298
16,13,5.032,19.293,135.9,68.063
16,13,7.0472,19.094,135.34,69.582
16,13,7.0888,19.132,132.6,66.361
16,13,6.0899,19.288,134.56,66.688
16,13,6.0241,18.865,128,63.779
16,13,5.08,19.698,141.91,71.388
16,13,8.1533,18.948,130,65.618
16,13,5.5316,18.603,130.34,67.786
16,13,6.1503,19.247,136,68.885
16,13,6.6078,19.4,136.15,68.351
16,14,5.8517,18.956,133.46,68.103
16,14,7.1234,18.849,130.95,66.369
16,14,6.1702,19.554,137.4,68.88
16,14,5.5205,19.407,140,71.265
16,14,6.5753,19.389,133.34,64.232
16,14,6.5914,19.195,133.95,67.11
16,14,9.1813,18.626,129.19,66.614
16,14,6.0448,19.3,133.09,65.174
16,14,6.1365,19.252,138.5,71.498
16,14,4.6915,19.819,144.76,73.269
16,14,7.0289,19.63,138.56,68.768
16,14,6.8847,18.922,131.16,65.692
16,14,6.8626,19.442,135.13,66.954
16,14,6.1132,19.248,138.03,70.992
16,14,6.0362,18.936,134.79,70.054
16,14,5.2372,19.699,145.19,75.306
16,14,7.6222,19.073,132.92,67.188
16,14,6.3138,19.547,141.37,71.722
16,14,5.7723,19.673,140.18,70.761
16,14,6.2778,19.133,129.63,62.768
16,14,7.2352,19.363,132.58,64.136
16,14,6.5097,19.152,133.04,66.722
16,14,6.85,19.551,137.76,68.421
16,14,8.1144,18.912,129.9,64.684
16,14,6.5254,19.084,131.52,65.978
16,14,7.6854,18.946,128.59,62.211
16,14,5.824,19.259,139.78,72.687
16,14,6.3745,19.506,143.13,74.191
16,14,7.9463,19.231,136.04,68.143
16,14,5.6063,19.431,137.26,68.642
16,14,6.117,18.857,130.17,66.178
16,14,7.007,19.815,146.77,75.296
16,14,5.5825,19.564,137.94,68.431
16,14,5.158,19.666,141.37,70.897
16,14,5.9674,19.538,139.29,71.141
16,14,6.6522,19.044,136.1,70.778
16,14,6.0105,19.261,133.21,65.643
16,14,5.9921,19.286,137.53,69.732
16,14,5.1136,19.361,137.23,67.274
16,14,6.6378,19.452,141.58,74.77
16,14,5.9514,19.107,133.22,67.097
16,14,6.5692,19.107,133.39,68.163
16,14,6.809,19.225,136.73,69.188
16,14,6.2668,18.993,132.1,65.514
16,14,7.543,19.267,138.07,71.064
16,14,7.2557,19.291,138.47,71.732
16,14,7.4813,19.159,133.75,67.414
16,14,7.3411,18.904,127.49,62.913
16,14,5.8241,19.098,132.39,65.954
16,14,6.4081,19.041,131.75,66.51
16,14,5.7465,18.846,128.81,64.194
16,14,7.2881,19.319,132.84,64.38
16,14,5.9816,19.67,141.04,71.291
16,14,6.2426,19.28,137.7,70.454
16,14,5.8123,19.568,142.2,71.661
16,14,7.247,19.407,135.51,67.44
16,14,6.2915,19.222,134.53,67.455
16,14,5.1714,19.956,144.36,72.573
16,14,6.9524,19.183,134.19,67.143
16,14,6.958,19.368,138.72,70.549
16,14,6.5745,19.08,134.17,67.886
16,14,7.2575,19.514,140.12,69.639
16,14,6.69,19.368,134.06,66.634
16,14,6.0749,19.464,143.16,74.132
16,14,6.5372,19.003,136.57,70.665
16,14,6.1632,19.525,140.46,71.364
16,14,5.7049,19.268,136.43,68.873
16,14,6.0022,19.159,136.35,69.308
16,14,7.341,19.441,138.13,70.1
16,14,6.1767,19.236,137,70.197
16,14,6.1283,19.345,137.4,70.134
16,14,6.2586,19.507,139.46,70.315
16,14,7.3803,19.206,134.9,67.721
16,14,7.7274,19.028,133.67,67.824
16,14,6.6714,19.206,135.63,68.879
16,14,7.9753,18.901,132.43,67.342
16,14,7.846,19.078,134.72,68.693
16,14,7.5984,18.574,125.36,62.787
16,14,6.6266,19.073,128.42,61.557
16,14,5.8554,19.123,131.74,65.632
16,14,6.13,19.265,134.05,66.776
16,14,8.3967,19.194,132.88,66.481
16,14,4.9517,19.924,147.59,75.366
16,14,5.7265,19.254,133.82,66.203
16,14,5.7734,19.185,132.53,65.76
16,14,6.2026,19.476,140.45,72.061
16,14,6.0806,19.546,140.34,71.221
16,14,5.1237,19.782,146.22,75.133
16,14,8.7977,18.855,129.94,65.937
16,14,6.2879,19.104,130.45,64.49
16,14,5.9856,19.021,129.57,64.538
16,14,7.3235,19.485,140.42,71.597
16,14,5.1583,19.603,141.17,71.849
16,14,7.6002,19.106,137.02,70.651
16,14,5.4199,19.535,141.68,71.599
16,14,6.6683,19.029,135.31,69.798
16,14,7.4627,19.174,134.2,67.898
16,14,7.7385,19.294,138.39,71.204
16,14,8.0932,19.329,136.19,68.386
16,14,6.5258,19.223,136.65,69.443
16,14,8.1123,18.753,126.35,61.439
16,14,6,19.565,139.85,69.226
16,14,8.0263,18.84,132.92,68.885
16,14,8.0116,18.983,131.7,66.337
16,14,7.4781,19.463,139.67,70.371
16,14,5.5886,19.149,134.5,67.804
16,14,5.0369,19.801,144.21,73.409
16,14,7.4424,18.975,129.13,63.589
16,14,6.1996,19.347,137.66,69.544
16,14,6.2695,19.588,143.74,72.983
16,14,6.2806,19.726,145.15,74.58
16,14,6.0838,19.485,140.46,71.885
16,14,5.9727,19.491,140.36,71.657
16,14,5.3998,19.463,142.71,73.926
16,14,6.0791,19.306,135.86,68.088
16,14,6.2724,19.254,140.44,73.25
16,14,9.2001,19.011,131.87,66.908
16,14,6.1247,19.335,138.49,70.601
16,14,6.5827,19.192,132.69,65.411
16,14,6.8311,19.001,130.22,64.812
16,14,4.946,19.455,136.72,68.002
16,14,6.2162,19.339,137.17,69.423
16,14,6.5786,19.814,146.82,74.236
16,14,5.8894,19.287,137.96,70.224
16,14,5.1476,19.888,148.88,78.056
16,14,6.9828,19.378,134.95,67.065
16,14,6.8989,19.357,135.88,67.615
16,14,6.3084,18.474,125.8,64.82
16,14,6.5859,19.27,138.18,70.983
16,14,5.6043,20.002,146.07,73.744
16,14,6.4266,19.052,128.79,62.496
16,14,5.9225,18.846,132.14,66.982
16,14,5.944,19.866,144.91,73.008
16,14,7.889,18.838,129.44,64.654
16,14,6.3901,19.691,140.83,70.453
16,14,5.7944,19.765,148.49,77.845
16,14,6.6656,18.917,131.54,65.898
16,14,6.415,19.113,135.22,68.767
16,14,6.1669,19.231,134.22,67.081
16,14,7.0833,19.462,140.33,71.594
16,14,4.4373,19.164,135.76,69.482
16,14,7.7096,19.242,135.13,67.517
16,14,6.4765,19.811,144.23,72.433
16,14,7.3911,19.223,137.89,71.512
16,14,6.0785,19.245,139.51,73.097
16,14,5.3782,20.283,153.29,78.916
16,14,5.9206,18.984,135.88,70.751
16,14,5.2074,19.939,145.29,73.716
16,14,6.6312,19.179,131.93,65.055
16,14,7.6892,19.275,133.73,65.58
16,14,5.9125,19.405,141.38,72.936
16,14,5.7665,19.907,147.47,75.649
16,14,5.6328,19.881,146.95,76.674
16,14,6.7696,19.371,138.43,69.919
16,14,7.2561,19.063,134.48,69.079
16,14,5.2035,19.821,145.96,74.239
16,14,7.937,18.71,123.54,60.404
16,14,7.7552,18.675,127.46,63.587
16,14,5.6414,19.428,139.62,72
16,14,6.5975,19.299,133.82,66.366
16,14,8.0989,19.113,134.19,67.872
16,14,6.7096,19.023,132.09,66.531
16,14,5.5431,19.313,133.51,65.784
16,14,7.5911,18.987,131.8,66.067
16,14,6.5536,19.23,131.43,63.515
16,14,6.6781,19.05,133.74,67.726
16,14,6.6939,19.324,139.3,71.874
16,14,6.4569,19.914,147.54,75.683
16,14,7.9923,19.078,130.42,64.514
16,14,6.8539,19.638,145.11,75.608
16,14,7.9747,18.905,131.66,66.344
16,14,6.0299,19.123,133.77,68.317
16,14,5.2809,19.323,138.47,71.67
16,14,4.996,19.426,146.16,78.416
16,14,7.0884,19.055,130.66,65.183
16,14,8.3757,18.429,123.79,62.531
16,14,4.7246,19.191,137.04,70.71
16,14,7.4801,19.092,130.32,64.319
16,14,6.4501,19.709,145.08,75.36
16,14,5.6062,19.035,132.02,65.376
16,14,6.5957,19.259,136.44,69.33
16,14,5.358,19.572,142.87,72.623
16,14,7.6688,19.117,134.16,67.015
16,14,6.8608,19.024,134.79,68.161
16,14,5.1149,19.842,146.19,74.369
16,14,8.4551,19.21,136.02,69.344
16,14,7.8925,19.358,133.04,65.446
16,14,6.2351,19.317,137.02,68.852
16,14,7.8173,19.114,134.17,67.724
16,14,6.2784,19.677,140.61,70.067
16,14,8.3222,19.092,134.33,67.787
16,14,7.2803,19.069,132.32,65.958
16,14,8.5016,18.873,133.48,68.704
16,14,6.4436,19.158,134.11,67.217
16,14,6.2958,19.654,142.49,72.535
16,14,8.3975,19.287,134.6,67.22
16,14,5.2717,19.144,135.04,67.729
16,14,5.7891,19.569,141.71,71.678
16,14,7.1518,18.656,124.62,62.118
16,14,7.2037,18.966,130.24,65.307
16,14,6.2913,19.116,136.41,70.202
16,14,7.4935,18.837,131.96,67.535
16,14,4.8183,19.471,142.59,74.916
16,14,6.8984,19.276,137.65,70.212
16,14,6.7735,18.98,132.88,67.021
16,14,6.6024,19.264,136.2,68.561
16,14,5.1342,19.736,142.94,72.417
16,14,8.291,19.266,134.22,67.709
16,14,9.1376,18.703,130.33,65.663
16,14,6.7376,19.305,138.83,71.262
16,14,5.9121,19.551,141.42,71.467
16,14,6.9768,19.263,140.81,73.947
16,14,5.8233,19.562,137.43,67.702
16,14,7.4205,18.937,133.45,69.279
16,14,5.6183,19.995,149.85,77.498
16,14,5.5267,19.238,136.58,70.236
16,14,6.1724,19.143,134.83,68.513
16,14,6.1184,19.073,131.54,65.391
16,14,4.741,19.42,138.48,69.908
16,14,6.0816,19.509,141.87,72.822
16,14,6.7329,19.097,133.94,67.594
16,14,7.1283,19.026,133.42,67.255
16,14,5.2061,19.448,138.46,69.078
16,14,6.0188,19.309,137.31,69.073
16,14,5.8348,19.516,136.79,67.44
16,14,5.7392,19.559,143.19,73.504
16,14,6.2344,19.611,142.45,72.147
16,14,6.2527,19.252,135.66,68.489
16,14,6.3182,19.538,139.21,70.435
16,14,6.1476,19.9,148.05,76.945
16,14,6.6474,19.366,136.82,68.922
16,14,5.4774,19.707,144.62,73.672
16,14,5.7622,19.403,135.13,66.709
16,14,8.0057,19.117,133.93,68.375
16,14,5.0095,19.68,146.69,76.052
16,14,6.2788,18.92,133.62,68.808
16,14,6.3133,19.512,136.49,67.466
16,14,5.9243,19.049,134.58,68.174
16,14,6.8126,18.819,131.45,67.597
16,14,5.6376,19.985,150.21,77.232
16,14,7.7933,19.149,136.82,70.031
16,14,6.2499,19.094,134.99,69.733
16,14,7.9365,18.956,133.8,68.038
16,14,6.3141,19.279,135.81,68.041
16,14,5.1397,19.498,141.65,73.474
16,14,5.6115,19.528,138.34,68.998
16,14,8.5019,18.88,130.6,66.08
16,14,6.1695,19.251,134.27,67.234
16,14,5.5371,19.827,148.22,76.403
16,14,6.3156,19.015,131.56,66.052
16,14,5.8939,19.511,141.25,72.631
16,14,7.2207,19.385,135.71,67.813
16,14,6.6737,19.357,140.01,72.265
16,14,5.6957,19.708,148.08,77.52
16,14,5.0317,19.523,147.47,77.716
16,14,7.2034,19.038,130.37,64.745
16,14,8.6916,18.974,129.05,64.078
16,14,6.5436,18.92,127.06,61.723
16,14,7.178,19.419,141.26,72.673
16,14,7.1252,19.143,134.64,68.758
16,14,5.0968,19.602,140.53,70.647
16,14,7.9833,18.981,126.64,62.185
16,14,4.7119,19.683,143.37,72.33
16,14,6.1909,19.075,132.79,66.845
16,14,6.6177,19.022,129.22,63.626
16,14,4.6079,19.903,151.23,78.762
16,14,5.5496,20.016,147.06,75.223
16,14,6.1731,19.412,138.35,70.256
16,14,4.9722,19.758,145.03,74.015
16,14,8.0141,19.104,134.28,68.268
16,14,6.4912,19.273,137.25,70.129
16,14,6.5016,19.173,136.01,68.174
16,14,6.7894,19.271,141.77,73.838
16,14,5.3268,19.619,141.9,72.347
16,14,5.333,19.475,138.89,69.144
16,14,7.6378,18.806,125.03,60.468
16,14,6.4366,19.703,142.79,73.421
16,14,7.9672,19.156,136.71,69.38
16,14,6.9192,19.333,138.99,70.353
16,14,5.5686,19.333,135.41,67.222
16,14,6.559,19.663,142.94,73.436
16,14,6.9515,18.873,128.16,63.687
16,14,6.8779,19.223,131.84,64.927
16,14,6.5357,19.532,142.16,72.565
16,14,7.7905,18.925,131.9,67.3
16,14,6.0515,19.453,135.84,67.615
16,14,6.048,19.207,138.74,71.745
16,14,7.3277,19.217,136.45,70.177
16,14,8.6638,18.42,121.68,60.467
16,14,8.493,19.03,133.06,66.28
16,14,7.2692,19.526,137.38,69.203
16,14,6.0546,19.201,135.16,68.003
16,14,5.3445,19.263,135.78,68.283
16,14,6.7914,19.459,142.08,73.983
16,14,5.6955,19.944,144.99,73.966
16,14,7.3501,19.143,132.51,66.251
16,14,6.9699,19.457,138.48,70.455
16,14,5.8555,19.34,136.06,68.23
16,14,6.9854,18.814,128.01,64.016
16,14,5.0013,19.841,145.76,75.039
16,14,5.3185,19.994,145.59,72.578
16,14,5.8305,19.222,139.75,71.887
16,14,6.1801,19.161,133.02,67.025
16,14,6.6272,19.216,135.47,68.118
16,14,7.7554,19.176,136.49,70.004
16,14,7.7114,19.116,134.29,68.649
16,14,4.7843,19.363,134.97,65.807
16,14,5.0027,19.444,140.12,70.567
16,14,6.2047,19.079,129.98,64.52
16,14,5.4785,19.282,136.87,67.64
16,14,6.145,19.36,137.71,70.024
16,14,7.1089,19.037,133.38,67.656
16,14,6.3132,19.817,143.92,73.395
16,14,6.4736,18.884,133.99,69.447
16,14,6.053,19.194,134.85,68.92
16,14,5.5993,19.435,142.46,73.265
16,14,6.1655,19.62,145.01,75.001
16,14,6.7504,18.834,129.2,64.808
16,14,5.3746,18.81,132.23,68.201
16,14,6.3412,19.348,133.27,65.036
16,14,8.5108,19.188,132.76,67.175
16,14,7.5436,19.512,143.19,74.411
16,14,7.6719,19.018,131.84,66.182
16,14,5.8729,19.069,133.73,68.588
16,14,6.9777,19.078,135.13,68.084
16,14,6.7929,19.277,134.94,67.783
16,14,6.8759,19.41,137.2,69.545
16,14,6.6532,19.099,133.25,66.862
16,14,5.812,19.796,143.18,72.442
16,14,7.4197,19.101,132.74,66.694
16,14,6.6028,18.672,130.42,67.177
16,14,5.5617,19.334,134.97,67.616
16,14,9.0666,19.058,134.56,69.224
16,14,5.8661,19.05,130.96,64.989
16,14,7.2044,19.367,142.69,75.027
16,14,7.368,19.124,134.92,68.534
16,14,7.5549,18.937,126.26,60.924
16,14,5.8247,19.52,140.72,71.973
16,14,6.7161,19.33,138.37,71.645
16,14,5.5376,19.386,141.44,72.514
16,14,5.4239,19.729,145.02,74.442
16,14,6.1496,19.678,141.9,72.529
16,14,6.0692,19.615,141.82,71.888
16,14,6.8181,19.696,144.63,74.888
16,14,7.797,18.718,127.98,64.607
16,14,6.8797,19.459,137.47,68.956
16,14,7.3578,19.511,138.62,69.36
16,14,6.4435,19.346,137.64,69.123
16,14,5.9645,19.153,133.33,66.053
16,14,6.4362,19.617,142.34,72.904
16,14,8.4849,18.841,130.6,65.845
16,14,7.0141,19.149,135.58,70.25
16,14,6.5458,19.035,133.44,67.941
16,14,6.3975,18.93,131.91,66.481
16,14,5.7382,19.78,144.26,72.601
16,14,6.8913,19.074,136.26,70.721
16,14,7.6671,18.483,124.07,61.868
16,14,6.7712,18.731,127.93,64.472
16,14,7.459,18.959,129.45,64.295
16,14,6.2768,18.894,132.51,68.455
16,14,4.8729,20.001,147.14,74.512
16,14,5.6522,19.374,139.12,70.762
16,14,5.7943,19.538,142.13,73.087
16,14,5.6314,19.634,142.48,72.74
16,14,7.3517,19.28,133.43,66.78
16,14,5.4866,19.18,138.91,73.082
16,14,6.5643,19.431,140.62,72.937
16,14,7.1312,18.684,127.26,62.907
16,14,7.2526,19.089,135.21,68.684
16,14,5.3501,20.007,149.24,76.455
16,14,5.0271,19.79,143.07,72.706
16,14,5.2681,19.714,144.31,73.955
16,14,8.6942,19.093,132.76,67.046
16,14,7.1463,18.752,130.98,66.361
16,14,4.6833,19.603,144.49,74.161
16,14,6.9576,18.889,127.63,63.085
16,14,5.3972,19.61,142.82,72.519
16,14,6.8142,19.207,136.27,69.061
16,14,5.8359,20.005,148.56,76.429
16,14,6.4043,19.632,140.5,70.339
16,14,7.2462,19.373,134.1,65.579
16,14,6.1932,18.922,136.24,71.778
16,14,6.9559,19.776,145.05,73.865
16,14,6.0458,19.332,136.67,69.426
16,14,7.2697,19.269,131.01,63.599
16,14,6.3915,19.725,145.63,74.813
16,14,4.6908,19.869,148.36,76.467
16,14,5.186,19.542,138.65,69.259
16,14,6.845,19.415,138.24,69.892
16,14,8.9859,18.418,122.07,60.755
16,14,6.3696,18.886,130.2,65.327
16,14,6.1818,19.167,137.6,71.682
16,14,7.5429,18.7,125.48,61.749
16,14,8.0872,19.079,130.52,64.754
16,14,5.9209,19.436,138.33,69.541
16,14,5.9619,19.457,138.12,69.042
16,14,7.2326,19.065,134.04,67.905
16,14,7.2327,18.929,131.03,65.549
16,14,6.7698,19.332,135.72,67.386
16,14,7.9567,18.602,128.71,65.957
16,14,5.5701,18.893,133.03,68.007
16,14,5.2126,19.558,144.51,75.734
16,14,8.9376,18.614,127.45,63.99
16,14,5.5493,19.071,132.25,66.332
16,14,7.3293,19.162,136.91,70.103
16,14,5.8211,19.577,142.84,73.158
16,14,6.9206,19.982,150.04,78.067
16,14,9.1482,19.313,136.22,68.389
16,14,7.5357,18.806,125.7,61.203
16,14,4.8873,19.646,142.89,73.543
16,14,7.0547,18.783,130.76,66.058
16,14,6.063,19.405,136.29,68.397
16,14,6.6622,19.67,143.03,73.168
16,14,7.3443,19.292,138.3,69.554
16,14,7.0573,19.325,137.93,70.222
16,14,6.4035,19.448,137.22,68.033
16,14,7.1853,19.386,136.64,67.529
16,14,7.2828,18.704,127.77,64.292
16,14,6.1765,19.428,136.35,67.659
16,14,4.9294,19.347,138.72,70.645
16,14,6.0883,19.534,139.55,70.408
16,14,7.1891,19.249,135.63,68.079
16,14,7.1976,19.944,145.56,73.124
16,14,4.3685,19.549,138.62,70.45
16,14,6.0919,19.167,133.87,66.83
16,14,7.7133,19.789,140.9,70.266
16,14,5.7977,18.597,127.32,64.993
16,14,7.2369,19.47,139.83,71.918
16,14,5.5098,20.015,148.98,77.077
16,14,6.761,19.404,142.26,74.478
16,14,6.6432,19.074,130.37,64.333
16,14,5.4015,18.905,130.44,65.669
16,14,5.4377,19.545,143.44,74.194
16,14,5.7972,19.458,140.46,71.482
16,14,6.8243,19.422,137.67,68.973
16,14,7.7955,19.322,141.32,73.299
16,14,5.7526,19.123,138.4,72.728
16,14,6.3638,19.437,139.11,70.196
16,14,6.6303,19.301,133.4,65.381
16,14,8.1108,18.418,119.08,57.787
16,14,7.7128,18.69,128.15,63.963
16,14,6.4159,19.294,140.36,72.99
16,14,7.6339,19.33,134.36,68.321
16,14,6.2646,19.799,145.83,75.017
16,14,7.0588,19.178,132.65,64.816
16,14,6.6233,18.959,133.15,68.026
16,14,7.4328,18.891,130.55,65.092
16,14,7.5817,19.105,131.96,65.721
16,14,5.7497,19.577,142.97,73.41
16,14,7.0329,19.67,144.72,75.027
16,14,5.1844,18.467,125.54,64.03
16,14,6.1379,19.297,130.08,62.256
16,14,6.9719,18.77,128.19,63.674
16,14,5.9718,19.457,140.1,71.911
16,14,7.9628,19.257,137.73,70.342
16,14,6.4713,19.461,138,69.094
16,14,8.623,18.812,132.57,68.674
16,14,6.9518,19.617,139.13,68.927
16,14,6.3884,19.281,133.82,65.874
16,14,5.3661,19.691,146.07,75.757
16,14,6.1413,19.468,133.46,65.583
16,14,5.6999,19.915,149.94,78.3
16,14,5.5427,19.378,135.96,67.081
16,14,7.4579,18.778,130.71,66.077
16,14,5.1347,19.6,140.53,70.57
16,14,4.3484,19.57,142.8,72.807
16,14,6.8348,19.7,145.02,74.113
16,14,6.6437,18.874,132.06,67.232
16,14,6.3595,19.543,145.06,75.452
16,14,4.8945,19.262,139.93,72.776
16,14,6.7909,19.328,136.6,69.218
16,14,5.7713,19.079,131.67,65.016
16,14,5.2343,19.903,147.16,75.247
16,14,5.8144,19.496,140.36,71.762
16,14,7.6923,19.225,134.97,68.004
16,14,5.3897,19.37,136.78,68.876
16,14,6.8289,19.621,140.72,70.954
16,14,5.4321,19.317,138.49,70.66
16,14,6.2466,19.26,134.68,67.213
16,14,6.8669,19.359,137.7,69.066
16,14,5.8361,18.791,130.06,65.96
16,14,6.96,19.465,141.31,72.486
16,14,6.7691,19.095,130.85,63.888
16,14,5.7586,19.335,140.65,73.478
16,14,5.6459,19.527,140.74,70.263
16,14,5.1509,19.501,140.9,71.368
16,14,6.0857,19.599,142.69,72.843
16,14,5.5077,19.521,147.13,77.817
16,14,6.8161,19.431,145.51,77.68
16,14,7.0874,19.23,136.91,69.491
16,14,6.6265,19.473,137.24,68.945
16,14,6.0432,19.332,134.54,66.626
16,14,6.6971,18.908,135.3,69.83
16,14,7.1166,19.422,142.86,74.308
16,14,6.4303,19.261,137.74,71.021
16,14,7.486,18.883,132.47,67.703
16,14,7.4535,18.807,130.67,66.509
16,14,7.4712,18.863,130.97,67.04
16,14,6.1127,19.711,142.07,71.355
16,14,8.6237,18.861,130.16,66.106
16,14,5.7789,19.356,135.79,68.263
16,14,6.0639,19.642,143.13,73.894
16,14,5.6008,20.086,153.99,81.189
16,14,5.9822,19.041,131.44,66.182
16,14,5.7714,19.226,139.93,72.422
16,14,8.0095,18.714,129.99,65.729
16,14,5.7726,19.588,138.1,68.087
16,14,8.4598,18.229,123.34,62.423
16,14,5.5631,19.285,131.42,63.998
16,14,5.1614,19.511,142.69,73.597
16,14,7.5802,19.41,140.73,72.55
16,14,6.2834,19.258,134.63,67.513
16,14,6.5544,18.937,128.95,63.812
16,14,6.2885,19.205,134.81,68.362
16,14,6.2269,19.398,136.29,68.907
16,14,7.8127,18.708,125.9,62.557
16,14,7.3572,19.271,138.07,70.667
16,14,6.7507,19.132,133.57,67.022
16,14,7.531,19.143,133.51,67.67
16,14,6.7646,19.41,137.74,69.941
16,14,7.7395,19.635,138.12,68.515
16,14,6.5996,19.016,128.54,63.109
16,14,9.1412,19.084,135.94,69.429
16,14,5.7318,19.16,132.33,65.603
16,14,5.8574,19.725,142.68,72.109
16,14,5.6061,19.557,142.71,72.777
16,14,6.0554,19.734,143.23,73.321
16,14,7.6551,19.103,136.85,71.191
16,14,7.7437,19.116,137.02,69.946
16,14,7.2014,19.197,136.38,69.481
16,14,8.8175,19,130.85,65.058
16,14,6.6121,18.661,126.21,63.494
16,14,8.0308,19.612,142.16,71.815
16,14,7.6563,19.141,135.01,68.018
16,14,6.7795,19.18,136.48,70.122
16,14,5.7433,19.796,147.36,76.129
16,14,6.4091,19.468,141.18,72.506
16,14,5.4892,19.799,146.8,76.259
16,14,5.8792,19.324,135.95,67.308
16,14,7.2845,19.685,143.44,72.976
16,14,6.849,19.154,133.27,66.598
16,14,5.5982,19.407,139.28,71.308
16,14,5.1411,19.873,141.05,68.666
16,14,5.6075,19.632,143.58,73.018
16,14,6.4543,18.991,134.71,70.202
16,14,6.4344,19.256,135.27,67.988
16,14,6.0545,19.453,139.31,70.911
16,14,6.4617,19.163,135.44,69.062
16,14,6.3175,19.149,136.52,71.064
16,14,8.0642,19.218,130.63,63.304
16,14,6.0998,19.191,134.2,66.934
16,14,6.8626,19.176,135.54,68.44
16,14,7.9351,18.49,125.36,62.928
16,14,7.0612,19.18,135.54,68.811
16,14,7.6097,18.981,132.86,67.047
16,14,7.5048,19.014,134.25,68.035
16,14,5.7041,19.43,136.34,68.646
16,14,5.0139,19.444,137.04,67.106
16,14,6.2311,19.605,146.65,76.319
16,14,7.7637,19.361,132.81,65.176
16,14,7.8037,19.181,134.05,67.576
16,14,7.0727,19.222,132.24,65.369
16,14,4.5603,19.835,148.09,77.085
16,14,4.9197,19.432,135.55,67.934
16,14,7.3759,18.979,135.91,71.007
16,14,5.7869,19.659,144.26,73.988
16,14,5.6423,19.329,141.53,74.408
16,14,6.4142,19.444,136.68,67.241
16,14,6.7232,19.304,136.15,68.644
16,14,5.4374,19.242,131.43,62.474
16,14,4.7631,20.309,152.15,77.397
16,14,6.4474,19.04,136.58,70.48
16,14,8.0489,19.424,137.82,69.311
16,14,5.1301,19.235,137.24,70.293
16,14,6.0256,19.598,144.8,75.688
16,14,6.7914,19.374,139.07,70.978
16,14,6.5914,19.277,137.23,70.509
16,14,5.3336,19.56,140.58,71.173
16,14,7.5897,19.341,133.23,64.392
16,14,8.313,19.06,130.67,64.955
16,14,6.483,19.208,136.6,69.787
16,14,7.8843,18.845,129.92,66.415
16,14,6.225,19.318,137.73,69.882
16,14,5.9149,19.787,142.17,71.417
16,14,6.5273,19.953,148.55,76.903
16,14,6.2037,19.334,139.62,71.287
16,14,5.8484,19.022,134.91,68.585
16,14,5.8604,19.059,133.52,66.881
16,14,6.0457,19.341,136.11,67.877
16,14,5.9319,19.341,139.16,71.534
16,14,6.1783,19.545,143.15,74.034
16,14,7.3548,19.091,131.43,65.186
16,14,5.0569,19.83,147.33,75.879
16,14,7.0261,19.41,142.91,74.045
16,14,6.9602,18.95,130.99,66.205
16,14,5.4494,19.399,135.62,66.398
16,14,5.3826,18.929,131.05,65.741
16,14,6.0132,19.176,134.79,67.76
16,14,8.0585,19.051,130.91,64.737
16,14,6.6608,19.241,134.57,66.373
16,14,5.7874,19.354,139.09,71.222
16,14,6.1666,19.199,134.42,67.557
16,14,6.9567,19.054,132.7,66.475
16,14,5.1912,19.278,133.24,65.753
16,14,7.9249,19.079,134.54,67.951
16,14,5.6368,19.672,146.46,75.814
16,14,7.7978,19.041,135.86,70.36
16,14,5.2978,19.197,137.95,70.737
16,14,7.9612,19.227,135.96,68.29
16,14,7.0015,18.45,119.73,58.155
16,14,5.9641,19.577,146.54,77.15
16,14,7.6291,18.743,126.91,63.016
16,14,6.8331,18.991,136.46,71.138
16,14,4.4131,19.396,138.05,69.06
16,14,7.5618,18.51,125.13,63.579
16,14,5.7292,19.598,143.9,74.463
16,14,6.0498,19.851,144.95,72.4
16,14,7.1929,19.434,140.66,72.249
16,14,9.249,18.925,129.28,64.785
16,14,6.7617,19.298,133.88,66.044
16,14,6.0034,19.175,134.9,68.728
16,14,6.3514,19.527,143.36,74.295
16,14,8.0981,18.741,128.8,65.525
16,14,5.2987,19.41,135.2,67.19
16,14,6.4637,19.354,138.14,70.618
16,14,9.7251,18.856,127.91,63.471
16,14,6.917,19.356,139.16,71.556
16,14,5.771,19.624,142.09,71.581
16,14,5.1568,19.248,137.7,71.22
16,14,8.7562,18.423,121.95,60.147
16,14,5.1299,19.393,138.68,70.809
16,14,5.4583,19.391,140.03,72.536
16,14,6.3336,19.063,129.53,63.55
16,14,5.7414,19.195,135.83,68.62
16,14,6.6966,19.213,134.11,66.452
16,14,5.6673,19.623,144.66,73.849
16,14,4.4207,19.557,144.91,75.184
16,14,6.2084,19.472,139.75,70.437
16,14,8.0134,18.899,131.07,65.511
16,14,6.7912,19.223,135.55,68.927
16,14,6.6044,19.61,141.73,71.841
16,14,4.3486,20.015,149.22,76.347
16,14,5.0124,20.032,148.06,76.206
16,14,6.7243,19.445,138.33,70.171
16,14,6.3166,18.853,128.44,64.319
16,14,6.049,19.644,144.51,75.254
16,14,7.3051,19.247,141.42,75.047
16,14,6.0634,18.95,129.83,65
16,14,5.648,19.396,139.08,70.506
16,14,6.9617,19.395,141.33,72.984
16,14,4.1956,19.676,145.29,75.953
16,14,5.3144,19.614,139.67,69.324
16,14,7.211,19.039,133.14,67.161
16,14,5.4588,18.867,130.44,66.304
16,14,7.2725,19.251,136.59,69.165
16,14,6.1823,19.235,134.32,67.202
16,14,6.2357,19.235,139.41,72.387
16,14,5.6399,18.922,130.79,66.364
16,14,5.6369,19.417,136.25,67.44
16,14,5.2455,19.934,145.16,73.09
16,14,7.0245,19.104,138.07,72.291
16,14,5.8182,19.706,143.14,73.093
16,14,5.6881,19.722,143.92,73.692
16,14,5.888,19.677,140.89,70.185
16,14,9.5268,18.559,123.07,60.431
16,14,7.1978,18.732,129.23,64.995
16,14,7.2783,18.972,133.79,68.902
16,14,7.9558,19.213,136.29,69.7
16,14,6.3411,19.451,142.3,73.705
16,14,6.5233,19.111,134.83,68.11
16,14,7.9671,18.376,121.94,60.423
16,14,6.6569,19.394,140.76,71.783
16,14,5.3302,20.399,157.86,82.444
16,14,5.8848,19.708,146.34,75.976
16,14,5.8108,19.391,137.45,69.23
16,14,6.2604,19.004,132.9,67.178
16,14,6.8111,18.754,126.95,63.131
16,14,5.3086,19.367,138.99,71.905
16,14,7.9425,18.267,124.1,63.592
16,14,7.6724,18.708,130.11,66.091
16,14,6.7402,19.187,135.49,69.04
16,14,6.302,19.05,134.85,69.474
16,14,6.606,19.434,138.54,70.32
16,14,4.8111,19.522,142.4,74.078
16,14,5.5359,19.59,143.65,73.018
16,14,5.9136,19.376,138.36,69.87
16,14,7.1829,19.074,130.7,64.866
16,14,5.8248,19.396,140.76,72.427
16,14,7.2787,18.505,125.69,63.822
16,14,6.664,19.116,133.98,66.958
16,14,6.3572,19.539,140.91,71.6
16,14,7.3961,19.321,141.56,74.608
16,14,6.5192,19.098,136.41,70.16
16,14,5.1293,19.587,137.77,69.009
16,14,6.1596,19.187,133.12,66.568
16,14,5.7572,19.203,134.85,68.003
16,14,6.3333,19.483,141.26,72.073
16,14,6.1127,19.373,136.6,68.417
16,14,5.7195,19.852,145.05,73.046
16,14,7.6033,18.678,125.37,62.015
16,14,6.3582,18.947,134.07,69.358
16,14,9.0368,18.673,131.12,68.046
16,14,5.6541,19.82,145.92,74.519
16,14,7.5974,19.222,133.76,66.487
16,14,6.9467,19.05,131.57,65.637
16,14,5.9022,19.157,133.01,66.676
16,14,8.3552,19.383,140.67,72.039
16,14,5.0074,19.636,139.68,70.258
16,14,7.3301,19.095,132.36,65.043
16,14,5.9651,19.455,135.22,66.576
16,14,5.1487,19.861,140.97,69.879
16,14,7.1043,19.151,136.68,70.661
16,14,5.0129,19.344,133.98,65.345
16,14,5.9711,19.691,139.8,69.829
16,14,6.5702,19.418,138.96,70.472
16,14,6.4984,19.275,139.21,72.118
16,14,8.8016,18.985,130.15,64.578
16,14,5.6462,18.992,135.07,70.708
16,14,5.9723,19.351,136.65,68.611
16,14,7.5621,19.375,138.62,70.679
16,14,5.5247,19.128,134.9,68.347
16,14,5.2791,19.579,140.69,72.015
16,14,6.6095,18.935,131.86,66.541
16,14,5.8076,19.351,140.15,70.984
16,14,6.963,19.476,137.34,67.785
16,14,5.6151,19.963,147.12,75.72
16,14,5.652,18.977,134.26,69.73
16,14,6.0234,19.94,149.59,77.265
16,14,5.8106,19.738,142.66,72.999
16,14,6.6852,18.722,127.84,63.983
16,14,5.1922,19.627,136.41,66.801
16,14,5.377,19.684,144.22,74.656
16,14,7.1273,19.342,143.2,75.32
16,14,6.7855,18.864,133.99,69.42
16,14,6.1825,19.689,145.67,75.429
16,14,6.538,19.307,142.63,75.661
16,14,5.3804,19.498,138.09,69.267
16,14,5.2503,19.091,130.27,63.671
16,14,7.8077,18.93,130.87,64.645
16,14,6.2857,19.4,137.75,70.325
16,14,4.9292,19.963,150.74,78.449
16,14,8.3237,19.058,132.52,65.108
16,14,6.1557,19.702,141.28,70.64
16,14,7.0587,19.784,143.6,72.61
16,14,5.7517,19.1,131.34,65.188
16,14,6.3697,19.045,130.39,64.491
16,14,7.2616,19.433,133.36,64.348
16,14,6.2532,19.458,135.79,66.244
16,14,8.2296,19.128,133.18,66.407
16,14,7.3709,19.262,135.3,67.78
16,14,7.2536,18.733,127.97,63.697
16,14,8.4125,19.569,139.74,70.107
16,14,8.9607,18.865,133.67,69.355
16,14,5.781,19.881,147.02,75.583
16,14,7.3038,18.939,130.52,66.076
16,14,6.4484,19.02,131.78,66.086
16,14,7.6663,18.687,121.5,57.808
16,14,6.2936,19.633,142.48,73.312
16,14,5.0889,19.412,139.13,71.287
16,14,6.8884,18.732,128.27,64.814
16,14,5.6121,19.54,141.83,73.099
16,14,7.4603,19.56,140.66,71.605
16,14,5.9796,18.955,131.03,65.94
16,14,5.555,19.303,138.41,70.513
16,14,7.1782,18.859,130.69,66.165
16,14,5.7531,19.296,136.87,69.755
16,14,6.2744,19.445,136,66.703
16,14,7.2493,19.9,146.36,75.432
16,14,7.5247,19.334,134.23,66.18
16,14,7.5331,19.129,134.9,69.113
16,14,7.1455,18.974,131.45,66.578
16,14,7.0944,19.444,141.11,72.256
16,14,4.7015,19.575,140.4,70.696
16,14,8.4965,19.229,133.86,67.55
16,14,5.142,19.695,144.97,75.002
16,14,8.163,18.926,128.81,64.578
16,14,4.8074,19.922,150.23,77.522
16,14,4.4044,19.694,141.08,69.451
16,14,6.4424,19.486,139.6,69.666
16,14,8.2555,18.721,126.71,63.352
16,14,6.7395,19.389,138.53,70.618
16,14,8.3036,18.82,130.95,67.24
16,14,7.1358,19.151,132.83,66.496
16,14,6.4546,19.29,137.78,69.985
16,14,5.9407,19.058,126.82,60.236
16,14,5.1795,19.239,138.89,72.251
16,14,5.356,19.622,142.32,72.496
16,14,6.9835,18.773,129.39,64.854
16,14,6.1089,18.824,128.45,64.149
16,14,5.6292,19.464,137.81,68.496
16,14,6.9074,19.268,137.37,69.901
16,14,8.1551,19.147,131.1,65.157
16,14,5.6742,19.539,140.73,71.165
16,14,6.5326,19.209,136.06,68.998
16,14,6.848,18.82,131.88,67.433
16,14,6.3554,18.987,132.58,66.351
16,14,6.4168,19.325,138.39,69.986
16,14,7.3824,18.842,128.61,64.631
16,14,5.2658,19.83,146.02,74.327
16,14,7.2569,19.451,141.8,73.054
16,14,5.8765,19.537,138.32,69.373
16,14,6.2123,19.313,136.92,69.369
16,14,8.248,18.964,134.05,68.788
16,14,4.9633,19.516,141.35,71.761
16,14,8.2196,19.167,131.94,65.955
16,14,5.0213,19.508,141.02,72.697
16,14,4.4344,19.686,143.39,73.937
16,14,7.7866,19.245,135.4,68.186
16,14,7.9066,18.701,127.82,64.91
16,14,6.3321,18.743,125.98,62.603
16,14,7.1451,18.812,130.51,66.394
16,14,5.3301,19.478,142.37,73.608
16,14,6.3423,19.338,135.58,68.317
16,14,5.4122,19.527,139.02,69.234
16,14,7.0014,19.5,138.01,68.523
16,14,6.6302,19.475,142.68,74.319
16,14,7.2094,19.333,138.39,70.357
16,14,7.4133,19.419,142.26,73.86
16,14,7.5653,18.9,131.17,66.011
16,14,8.4137,18.541,122.57,59.741
16,14,8.3516,19.143,132.9,66.185
16,14,6.6033,19.305,137.59,69.413
16,14,6.1667,19.167,136.82,69.821
16,14,7.1492,19.49,140.09,70.306
16,14,6.4499,18.994,132.64,67.324
16,14,5.9061,18.835,128.31,63.956
16,14,6.3957,19.655,144.87,75.51
16,14,5.8401,18.974,134.69,69.333
16,14,8.0679,19.32,133.77,65.739
16,14,8.2117,19.054,131.94,65.797
16,14,7.4202,19.065,136.48,70.765
16,14,6.8969,18.755,127.46,63.551
16,14,5.4988,19.45,137.94,69.837
16,14,5.9225,19.504,145.11,76.573
16,14,6.1736,19.374,137.78,69.897
16,14,5.7258,19.648,144.51,74.273
16,14,5.5823,19.862,149.37,77.85
16,14,6.3199,18.895,133.13,68.743
16,14,5.3884,19.329,139.07,71.494
16,14,6.2754,19.613,139.23,70.177
16,14,5.3349,19.059,131.12,64.443
16,14,5.8042,19.428,138.42,69.939
16,14,6.914,18.911,133.39,68.507
16,14,5.9814,19.537,141.4,72.512
16,14,7.8812,19.253,138.84,70.727
16,14,6.0145,19.183,136.07,69.313
16,14,5.9877,19.456,135.55,67.055
16,14,7.1055,18.978,131.04,65.842
16,14,7.0083,19.495,142.58,73.46
16,14,6.8187,19.387,142.17,73.515
16,14,8.3594,18.842,127.17,62.634
16,14,7.3829,19.303,138.56,70.033
16,14,4.5965,19.301,134.95,66.285
16,14,6.5772,18.779,130.79,67.592
16,14,6.7316,19.044,130.88,65.009
16,14,6.1823,19.151,137.05,71.194
16,14,9.5053,18.795,132.21,68.591
16,14,8.5804,18.479,124.73,63.457
16,14,6.9016,19.784,148.6,77.896
16,14,6.1422,19.336,141.36,72.915
16,14,6.4595,19.19,136.96,69.975
16,14,6.0233,19.763,144.11,73.471
16,14,6.2025,19.346,143.73,75.968
16,14,6.2227,19.503,142.66,73.452
16,14,7.3253,19.457,138.34,68.895
16,14,5.9539,19.238,139.04,71.557
16,14,8.348,18.755,129.29,64.574
16,14,7.4936,19.442,140.27,72.098
16,14,7.2761,19.107,132.21,66.159
16,14,6.4064,19.178,135.06,68.348
16,14,8.458,19.046,132.17,66.825
16,14,6.1063,19.702,141.01,71.952
16,14,9.1635,19.482,142.33,73.591
16,14,6.9625,19.59,143.58,73.783
16,14,6.6117,18.691,125.35,62.843
16,14,7.4576,19.619,141.48,72.217
16,14,7.0706,19.459,136.46,67.881
16,14,5.7812,19.619,141.5,71.502
16,14,7.0923,18.887,134.39,69.471
16,14,7.6545,18.873,127.64,63.156
16,14,4.7151,19.631,143.64,74.174
16,14,8.5013,18.872,131.36,67.039
16,14,5.0239,19.344,138.42,69.796
16,14,6.5887,19.636,142.68,72.308
16,14,5.2296,19.687,142.91,72.775
16,14,6.7783,19.433,137.11,69.139
16,14,8.626,18.607,128.92,66.332
16,14,8.2077,19.034,131.78,65.605
16,14,6.5649,19.111,132.66,66.035
16,14,6.3446,19.43,139.06,70.398
16,14,6.7275,19.169,134.71,67.996
16,14,7.5413,18.771,132.11,68.449
16,14,7.0618,18.903,125.1,59.732
16,14,6.4626,19.118,136.03,70.013
16,14,6.914,18.853,125.87,60.645
16,14,5.7562,19.539,141.31,72.062
16,14,5.5866,19.587,139.01,70.177
16,14,6.6898,19.198,135.58,68.107
16,14,7.4112,18.737,127.66,63.801
16,14,7.6496,18.873,128.9,64.156
16,14,9.0906,19.681,147.04,77.219
16,14,6.7944,19.413,139.53,70.567
16,14,7.2438,19.801,142.71,71.232
16,14,4.9064,19.956,144.08,70.374
16,14,7.5213,19.198,131.32,64.759
16,14,5.2666,19.577,138.81,69.636
16,14,6.5082,18.633,131.4,67.965
16,14,5.4105,19.283,135.71,68.288
16,14,6.6009,19.27,135.18,66.884
16,14,5.5968,19.279,138.61,70.901
16,14,7.9443,18.928,129.77,65.22
16,14,6.5107,19.614,142.13,71.962
16,14,5.3272,19.104,129.52,63.493
16,14,8.099,18.747,127.12,64.559
16,14,6.075,19.206,137.53,71.485
16,14,7.7752,19.365,141.7,73.551
16,14,4.8407,19.489,139.69,70.993
16,14,6.8768,18.558,124.96,61.558
16,14,8.1932,19.078,135.54,69.884
16,14,5.59,19.184,134.73,67.189
16,14,5.7056,19.606,143.63,74.078
16,14,6.1985,19.647,146.79,76.327
16,14,8.6664,19.002,132.54,66.522
16,14,7.0574,19.256,139.45,71.552
16,14,5.1973,19.612,143.67,72.705
16,14,9.0253,18.656,124.64,60.96
16,14,8.2074,18.996,132.81,66.69
16,14,6.552,19.421,140.11,71.426
16,14,6.7641,19.365,137.44,68.691
16,14,6.9964,19.299,136.64,68.079
16,14,8.8707,18.717,128.55,64.573
16,14,7.6216,19.075,134.82,68.276
16,14,6.1989,19.186,134.16,67.904
16,14,5.9136,19.719,142.96,72.964
16,14,7.4015,19.354,139.82,71.249
16,14,7.2826,18.893,135.1,70.674
16,14,7.7344,19.068,131.58,66.529
16,14,8.3367,18.621,129.47,66.89
16,14,5.7507,19.489,136.56,66.329
16,14,7.2438,18.867,133.74,69.558
16,14,7.6815,19.309,135.97,68.26
16,14,5.1731,19.911,147.81,75.565
16,14,6.6259,18.985,131.48,66.058
16,14,6.3431,19.247,134.89,67.922
16,14,7.7138,19.208,134.08,66.344
16,14,6.8836,19.9,148.82,76.737
16,14,5.9606,19.26,134.43,67.771
16,14,7.0372,19.056,136.84,70.571
16,14,7.242,19.036,135.74,69.943
16,14,7.0938,18.976,130.54,64.589
16,14,5.0325,19.321,135.27,67.919
16,14,6.4759,19.597,139.03,69.049
16,14,7.2359,19.028,127.9,63.018
16,14,5.1812,19.31,138.97,72.406
16,14,7.0555,19.409,139.71,70.664
16,14,6.2942,18.903,132.35,66.925
16,14,5.6356,18.92,129.27,65.187
16,14,7.5298,19.185,132.52,66.676
16,14,5.8359,19.219,134.4,67.043
16,14,6.3107,19.538,141.32,71.654
16,14,5.3662,19.078,132.68,66.529
16,14,6.1784,18.904,132.1,67.659
16,14,5.6504,19.328,138.09,70.6
16,14,6.0999,19.206,133.87,66.949
16,14,4.5828,19.252,140.36,72.829
16,14,7.0995,19.198,137.13,70.179
16,14,5.8501,19.408,141.95,72.996
16,14,6.7993,19.345,135.02,67.252
16,14,8.2647,19.02,130.33,65.108
16,14,6.0318,19.528,139.37,69.977
16,14,6.7457,18.996,132.61,67.929
16,14,7.521,19.075,132.21,66.274
16,14,6.2284,19.444,141.38,73.827
16,14,5.4484,19.963,144.81,72.763
16,14,7.7328,18.866,132.26,66.942
16,14,5.0563,18.989,133.37,68.802
16,14,7.0459,19.768,141.21,70.255
16,14,6.2928,19.466,141.79,73.661
16,14,7.4893,18.906,131.71,67.121
16,14,5.43,19.923,144.07,71.333
16,14,6.2113,19.739,145.46,75.03
16,14,6.1721,19.712,144.64,74.735
16,14,6.0229,18.97,130.37,64.917
16,14,6.4752,19.186,135.08,68.073
16,14,6.9229,19.485,137.69,69.266
16,14,5.3573,19.106,132.1,66.05
16,14,6.8014,19.16,136.78,69.973
16,14,5.5853,19.235,137.95,70.323
16,14,6.1121,19.217,141.4,74.16
16,14,5.6714,19.512,139.33,69.533
16,14,6.1092,19.432,134.53,65.469
16,14,6.8929,18.636,125.71,61.442
16,14,7.1923,19.437,142.81,74.466
16,14,6.5575,19.616,142.53,73.138
16,14,5.8796,18.894,130.79,66.636
16,14,8.1996,19.431,140.65,72.164
16,14,6.6934,19.23,138.9,72.25
16,14,5.7219,19.606,141.55,70.826
16,14,6.511,19.12,134.58,68.822
16,14,6.7519,19.332,141.44,73.638
16,14,7.1967,19.476,138.99,70.511
16,14,8.2304,18.505,125.16,63.197
16,14,5.8799,19.551,142.22,73.348
16,14,6.1477,19.697,143.22,73.701
16,14,5.9607,19.455,140.52,71.433
16,14,6.9508,19.54,136.51,67.118
16,14,5.7002,19.284,139.62,73.06
16,14,7.9724,19.385,137.31,68.02
16,14,6.1308,19.436,139.42,70.983
16,14,6.3441,19.555,140.63,71.304
16,14,6.3764,19.176,138.71,72.756
16,14,5.485,19.49,140.79,72.272
16,14,5.9035,19.265,134.92,67.807
16,14,5.3279,19.389,134.86,67.212
16,14,8.6276,19.369,134.5,66.466
16,14,5.7901,19.364,139.57,71.277
16,14,8.1616,18.772,129.01,65.083
16,14,8.11,19.413,137.07,69.183
16,14,8.885,19.334,136.13,67.952
16,14,6.2227,19.629,141.57,72.886
16,14,8.7601,19.036,134.11,68.956
16,14,5.4482,19.997,146.16,72.932
16,14,6.739,19.549,138.72,68.667
16,14,6.09,19.711,141.58,71.721
16,14,6.0177,19.389,136.27,69.062
16,14,5.2786,19.843,147.92,76.795
16,14,5.2209,19.406,135.45,67.369
16,14,7.9854,19.381,134.06,65.593
16,14,6.6956,19.474,143.96,74.977
16,14,4.6627,19.745,142.58,71.095
16,14,5.7597,19.526,140.98,72.456
16,14,6.3098,19.396,139.36,71.049
16,14,7.2832,19.4,139.68,72.368
16,14,6.5136,19.31,135.09,68.071
16,14,5.3846,19.166,136.71,69.534
16,14,5.9898,19.508,137,67.24
16,14,7.0151,19.281,139.68,71.621
16,14,7.374,18.61,124.49,61.696
16,14,6.5709,19.27,134.61,67.234
16,14,6.5529,19.62,139.6,69.562
16,14,6.8592,18.989,126.86,61.422
16,14,5.3708,19.688,142.46,71.968
16,14,6.8379,19.156,135.61,69.588
16,14,6.394,19.471,140.57,71.536
16,14,4.9959,19.748,142.63,72.273
16,14,6.3288,19.016,127.9,61.183
16,14,6.8287,19.27,137.63,70.794
16,14,6.1169,18.881,129.73,65.281
16,14,6.2107,19.413,139.45,72.16
16,14,5.4211,19.889,150.27,79.552
16,14,4.717,18.767,128.58,64.599
16,14,6.9684,19.409,138.24,70.967
16,14,6.1063,19.353,138.03,70.713
16,14,6.9901,19.324,140.31,73.019
16,14,5.072,19.659,137.93,67.466
16,14,5.9333,19.24,139.41,72.823
16,14,6.2489,19.549,138.38,69.369
16,14,6.9505,18.678,125.97,62.86
16,14,5.9604,18.917,130.49,64.882
16,14,7.4349,19.584,141.89,72.89
16,14,6.4948,19.148,135.1,68.81
16,14,6.2151,19.414,141.2,73.036
16,14,6.2739,19.265,138.26,71.4
16,14,6.9702,19.234,139.06,72.036
16,14,7.0128,18.931,129.43,63.672
16,14,6.0842,19.304,137.06,68.66
16,14,5.6777,20.001,146.48,75.443
16,14,6.0304,19.555,140.56,71.977
16,14,4.7824,19.697,143.91,72.714
16,14,5.991,19.663,142.72,72.451
16,14,5.1851,18.748,127.88,63.845
16,14,5.6028,19.207,136.65,70.542
16,14,5.7872,19.725,147.73,77.177
16,14,6.0597,19.34,135.57,67.385
16,14,5.036,19.606,136.14,65.68
16,14,5.318,19.972,148.17,74.839
16,14,5.4614,19.48,144.33,76.577
16,14,5.7492,19.86,144.79,73.123
16,14,8.2949,19.164,137.68,70.621
16,14,6.5105,19.153,131.8,65.541
16,15,6.685,19.432,142.36,73.365
16,15,5.9044,19.836,147.26,76.824
16,15,6.0968,20.037,149.93,77.582
16,15,5.9543,19.722,143.92,72.884
16,15,7.8566,19.297,139.19,71.205
16,15,5.9469,20.009,150.38,78.01
16,15,5.8471,19.32,134.37,66.362
16,15,7.2045,19.421,141.02,72.062
16,15,7.0304,19.264,135.96,68.447
16,15,5.6594,19.487,141.37,71.029
16,15,4.6577,20.143,150.74,77.203
16,15,5.1699,19.721,145.31,74.973
16,15,7.9063,19.688,140.72,70.18
16,15,5.958,19.51,140.27,70.622
16,15,6.3145,19.86,148.77,77.524
16,15,5.4442,20.164,153.92,80.078
16,15,8.6419,19.389,138.28,69.878
16,15,5.1622,20.154,151.66,78.523
16,15,5.2323,19.739,143.16,71.851
16,15,8.9264,18.715,129.02,65.149
16,15,7.4123,19.665,148.65,78.633
16,15,5.2572,20.044,154.4,82.054
16,15,6.9924,19.305,134.48,68.114
16,15,5.3771,19.17,140.76,73.86
16,15,6.3362,19.107,130.54,64.938
16,15,7.4585,19.183,135.6,67.911
16,15,6.8891,19.141,137.46,70.238
16,15,5.5547,19.771,147.7,77.189
16,15,5.771,19.927,145.3,73.266
16,15,5.431,19.893,146.72,73.97
16,15,6.2914,19.53,144.72,75.365
16,15,5.5058,19.496,144.57,75.467
16,15,4.7371,19.902,149.5,78.237
16,15,10.831,18.789,130.78,67.382
16,15,6.9402,19.74,146.86,75.951
16,15,8.2288,18.906,133.24,68.883
16,15,5.3236,19.852,151.5,80.203
16,15,6.5745,19.325,134.31,66.427
16,15,6.3657,19.165,137.7,71.165
16,15,5.8473,19.832,148.59,77.176
16,15,6.7226,19.213,137.16,71.01
16,15,5.5073,19.938,147.81,74.968
16,15,6.2814,19.618,145.7,75.741
16,15,7.851,19.66,141.08,70.122
16,15,6.8306,19.704,145.73,74.801
16,15,5.9845,19.853,145.02,73.057
16,15,6.916,19.651,139.16,68.786
16,15,5.2068,19.756,148.72,78.629
16,15,7.4976,18.865,128.03,63.425
16,15,6.0843,19.646,142.73,72.197
16,15,6.8654,19.189,138.77,71.279
16,15,6.9762,19.127,135.43,69.485
16,15,5.5706,19.013,133.76,67.305
16,15,5.8034,19.813,146.23,75.003
16,15,4.3221,19.93,145.02,72.409
16,15,5.8906,19.527,144.02,75.094
16,15,8.2453,19.042,132.95,66.738
16,15,6.2088,19.634,144.36,74.033
16,15,7.5076,18.793,128.29,63.609
16,15,6.7894,19.287,138.53,71.691
16,15,7.0504,19.46,140,71.384
16,15,6.5333,19.711,146.02,76.033
16,15,5.4322,19.628,141.71,72.362
16,15,5.3697,19.716,142.58,71.788
16,15,6.6588,19.29,136.84,68.839
16,15,5.0011,19.488,147.99,79.252
16,15,5.9466,19.68,143.64,73.882
16,15,5.4654,20.392,153.67,77.083
16,15,7.564,19.257,138.46,71.4
16,15,6.5883,19.531,143.34,73.272
16,15,5.7018,19.798,147.97,76.458
16,15,5.2086,20.309,155.96,81.327
16,15,8.7473,19.009,133.72,68.332
16,15,6.6425,19.601,143.68,73.521
16,15,5.5464,19.396,138.68,70.425
16,15,6.4448,19.791,146.59,75.442
16,15,4.8922,20.183,150.07,76.183
16,15,8.5849,18.73,128.16,65.122
16,15,6.637,19.69,143.5,73.509
16,15,5.8771,19.775,140.52,68.542
16,15,6.1871,19.78,148.25,76.96
16,15,6.4792,19.846,147.04,76.124
16,15,6.2498,19.679,139.68,69.291
16,15,7.1971,19.566,141.77,72.608
16,15,8.5483,19.198,134.27,66.198
16,15,6.2465,19.238,137.24,70.68
16,15,5.7417,19.459,141.14,72.732
16,15,8.6859,18.951,135.53,70.549
16,15,5.0324,20.012,147.9,73.207
16,15,8.1898,19.034,135.19,68.245
16,15,6.8329,19.062,132.23,65.905
16,15,7.6459,19.45,140.22,71.157
16,15,5.9759,19.567,140.87,71.796
16,15,4.8914,19.618,146.66,76.535
16,15,7.0571,19.267,136.17,68.807
16,15,6.8258,19.816,144.62,74.764
16,15,5.9174,19.182,134.01,67.268
16,15,5.6606,19.301,141.76,73.385
16,15,5.6611,19.79,144.68,72.986
16,15,6.3335,19.126,136.74,70.414
16,15,6.8,19.847,144.36,73.005
16,15,5.8305,19.733,147.93,77.348
16,15,5.9938,19.282,140.2,73.4
16,15,7.109,18.904,132.37,68.198
16,15,6.089,19.133,134.48,67.564
16,15,7.6649,19.39,142.02,73.92
16,15,5.5508,20.118,149.17,75.533
16,15,6.1523,19.504,140.26,71.655
16,15,6.7901,19.694,146.44,76.137
16,15,4.7177,19.604,139.24,70.963
16,15,7.4008,19.355,136.72,68.817
16,15,5.9525,19.694,144.6,74.272
16,15,7.6587,19.513,141.49,71.909
16,15,5.9349,20.019,144.51,71.38
16,15,7.9188,18.983,132.37,66.725
16,15,6.2542,20.127,153.5,80.031
16,15,7.0389,19.835,145.59,73.897
16,15,5.9933,19.759,148.8,78.328
16,15,7.0874,18.962,131.28,66.704
16,15,5.5353,19.685,147.31,77.857
16,15,7.7956,19.551,144.59,75.699
16,15,6.0169,19.663,143.62,73.133
16,15,7.0882,19.571,142.44,71.744
16,15,5.0486,19.95,149.06,76.671
16,15,5.9674,19.853,146.82,75.548
16,15,8.6718,18.846,128.87,64.147
16,15,7.2411,19.297,138.21,70.748
16,15,10.074,18.862,130.58,65.894
16,15,5.3631,19.689,144.78,73.057
16,15,6.3779,19.789,147.95,77.846
16,15,6.3716,19.111,140.49,74.183
16,15,5.2096,19.597,141.25,71.625
16,15,4.8419,19.709,147.8,77.994
16,15,6.9979,20.07,148.32,75.466
16,15,5.6662,19.438,141.06,71.267
16,15,8.5077,19.293,138.15,69.924
16,15,5.4823,19.522,142.3,73.261
16,15,5.0894,20.28,155.53,81.016
16,15,7.0231,19.48,139.86,70.822
16,15,5.6849,19.9,144.64,72.467
16,15,5.4088,19.476,144.56,75.721
16,15,7.0904,19.549,142.94,73.563
16,15,7.4615,19.409,138.25,69.793
16,15,9.6469,19.541,139.94,70.501
16,15,5.2067,19.582,141.9,71.754
16,15,5.425,19.867,144.82,73.071
16,15,6.2699,19.753,145.73,73.786
16,15,7.0939,19.474,141.01,72.558
16,15,5.9992,19.492,139.44,70.425
16,15,5.2638,19.101,138.68,73.217
16,15,6.4941,19.453,140.44,71.475
16,15,7.9855,19.148,138.66,72.499
16,15,5.372,19.53,140.1,69.55
16,15,7.8423,19.783,145.65,74.327
16,15,4.6776,20.346,157.6,82.392
16,15,6.5059,19.099,136.18,69.434
16,15,8.1006,18.884,129.61,64.525
16,15,6.1731,19.859,144.34,73.163
16,15,6.6582,19.908,149.02,77.325
16,15,8.2688,19.472,137.88,69.251
16,15,5.7545,19.505,136.36,66.518
16,15,7.1524,19.509,143.33,74.124
16,15,6.0219,19.952,147.66,75.097
16,15,6.8975,19.364,141.54,73.036
16,15,5.532,19.407,141.47,73.199
16,15,5.3334,19.675,142.75,73.361
16,15,7.0488,19.516,145.33,76.786
16,15,7.3401,19.657,141.39,71.232
16,15,6.3556,19.454,142.13,73.405
16,15,7.4503,19.037,134.01,68.23
16,15,6.9416,19.402,140.39,71.313
16,15,7.1925,18.993,132.4,66.258
16,15,6.6634,19.071,133.76,67.646
16,15,6.8914,19.387,141.76,72.424
16,15,8.2097,19.398,136.93,68.509
16,15,7.4382,19.628,141.59,71.891
16,15,5.4991,19.591,141.65,70.759
16,15,7.8273,19.58,146.84,78.17
16,15,6.7106,19.534,141.91,73.501
16,15,6.0884,19.48,140.97,72.251
16,15,6.7783,19.68,143.36,73.723
16,15,8.333,19.192,139.78,73.487
16,15,4.7046,19.768,143.35,72.765
16,15,7.1596,18.745,130.77,66.388
16,15,7.143,19.262,138.84,70.036
16,15,6.397,19.684,146.26,75.59
16,15,7.5172,19.291,136.46,69.407
16,15,6.8026,19.732,148.3,78.356
16,15,5.5653,19.082,132.57,65.769
16,15,7.0211,19.363,135.04,68.075
16,15,8.6129,18.984,130.75,65.31
16,15,5.3748,19.28,137.08,70.135
16,15,5.7523,19.709,144.1,73.656
16,15,6.2988,19.571,144.96,75.473
16,15,8.5485,19.196,136.99,70.267
16,15,5.2715,19.977,146.85,74.366
16,15,5.8461,19.452,137.71,68.555
16,15,6.1685,19.809,146.76,76.206
16,15,6.3517,20.083,149.9,76.226
16,15,8.3074,19.175,134.42,68.154
16,15,6.9684,19.385,139.76,71.748
16,15,5.817,20.018,151.13,77.57
16,15,7.3481,19.65,141.72,71.101
16,15,6.5317,19.79,144.19,73.009
16,15,6.0884,20.081,150.43,76.494
16,15,5.2289,19.348,141.59,73.371
16,15,5.3511,19.502,142.64,73.723
16,15,5.7074,19.401,139.3,70.164
16,15,7.3568,19.134,137.04,69.88
16,15,6.4923,19.038,136.06,69.971
16,15,7.3803,19.504,140.22,71.568
16,15,5.2519,19.576,146.7,77.525
16,15,7.2617,19.658,140.99,70.314
16,15,5.9054,19.544,135.44,65.399
16,15,5.5928,19.856,142.08,70.054
16,15,7.0625,19.765,143.56,71.806
16,15,5.3341,19.807,148.98,78.262
16,15,7.0502,19.095,136.33,70.02
16,15,6.2252,20.01,153.07,81.106
16,15,6.0052,19.994,148.3,75.298
16,15,6.8189,19.656,146.03,76.416
16,15,7.101,19.633,144.76,75.08
16,15,7.2887,19.336,141.27,73.032
16,15,7.0062,19.656,146.76,76.905
16,15,8.2449,19.531,140.66,72.106
16,15,6.2759,19.547,142.72,73.814
16,15,8.9428,19.284,135.86,68.368
16,15,5.8919,20.24,149.19,75.393
16,15,6.4193,19.28,138.37,70.063
16,15,7.0463,19.351,138.6,69.665
16,15,6.5376,19.505,142.18,73.051
16,15,6.3985,19.026,134.63,69.17
16,15,5.4112,19.501,143.27,74.81
16,15,6.7964,19.621,141.7,72.884
16,15,7.1455,18.819,131.07,66.304
16,15,6.5284,19.51,138.76,69.557
16,15,8.3691,18.788,128.34,64.115
16,15,6.1801,19.861,148.2,76.369
16,15,6.8868,19.311,135.47,67.992
16,15,7.729,19.227,136.39,69.76
16,15,4.811,19.693,141.24,69.698
16,15,7.194,19.402,137.02,67.71
16,15,7.0321,19.514,141.03,71.868
16,15,4.8575,19.185,139.52,72.854
16,15,4.1815,19.966,153.36,80.099
16,15,5.5504,19.93,151,79.425
16,15,8.1728,19.417,138.18,69.47
16,15,6.0348,19.666,144,73.621
16,15,5.1807,19.896,149.86,77.461
16,15,5.3321,19.673,147.92,77.764
16,15,7.5323,19.316,136.08,68.245
16,15,5.8513,19.676,143.84,73.428
16,15,6.2028,19.693,144.98,75.526
16,15,4.3054,20.254,152.3,77.204
16,15,5.6372,19.617,146.88,77.466
16,15,6.9217,19.467,143.39,74.924
16,15,5.5293,19.334,137.17,68.902
16,15,5.43,19.434,140.69,72.299
16,15,8.4466,19.477,139.1,69.128
16,15,5.5282,19.742,149.11,78.85
16,15,6.1206,19.837,147.24,76.176
16,15,6.0736,19.445,146.33,77.949
16,15,4.7411,19.531,138.82,69.114
16,15,6.6694,19.492,144.06,75.336
16,15,5.1886,19.322,140.62,72.754
16,15,5.0684,19.95,149.58,77.955
16,15,6.7376,19.762,146.15,75.218
16,15,4.3629,20.244,157.12,82.911
16,15,7.7263,19.458,144.92,76.172
16,15,6.2213,20.04,148.75,75.353
16,15,6.8234,19.881,147.71,75.867
16,15,5.3711,20.101,156.84,83.653
16,15,6.2356,19.484,142.18,74.088
16,15,7.6863,19.741,145.21,74.407
16,15,7.1601,19.327,140.67,72.897
16,15,4.4073,19.82,146.1,75.023
16,15,5.4547,19.99,152.33,80.262
16,15,8.2411,19.621,141.35,71.44
16,15,8.4075,19.34,136.17,67.497
16,15,7.4754,19.574,143.39,73.8
16,15,6.7908,19.297,138.88,71.05
16,15,6.013,19.596,149.24,79.986
16,15,4.5487,20.293,160.49,85.305
16,15,6.7327,19.315,138.03,68.916
16,15,6.6312,19.064,134.59,68.573
16,15,7.5928,19.509,141.32,72.246
16,15,5.5091,19.86,146.54,74.933
16,15,7.1019,19.254,136.13,68.752
16,15,6.6575,19.432,138.21,69.839
16,15,5.2383,19.613,137.49,67.348
16,15,5.6538,19.623,143.99,75.019
16,15,5.5496,19.481,138.43,69.429
16,15,6.4339,19.587,144.19,73.927
16,15,6.0208,19.895,146.83,74.222
16,15,6.0777,19.904,146.61,74.014
16,15,5.2548,20.061,150.42,79.038
16,15,7.7253,19.276,137.63,69.712
16,15,4.8356,19.908,146.31,73.889
16,15,6.5107,19.186,138.01,70.837
16,15,6.6459,19.7,147.09,76.245
16,15,4.7912,20.073,144.64,70.969
16,15,7.9236,19.813,147.96,77.212
16,15,6.2463,19.614,144.91,75.065
16,15,6.9456,19.797,144.12,73.671
16,15,5.8192,19.826,144.46,73.235
16,15,7.0393,19.311,132.3,63.501
16,15,4.4858,20.032,148.17,75.391
16,15,8.0945,19.494,138.73,69.83
16,15,5.8919,19.903,150.72,78.614
16,15,7.2098,19.549,143.25,73.791
16,15,5.9741,19.586,141.34,70.583
16,15,5.9288,19.49,139.91,71.427
16,15,7.5579,18.859,128.92,64.472
16,15,6.6463,19.461,140.87,71.217
16,15,6.8455,19.945,145.6,73.123
16,15,7.157,19.061,131.72,66.785
16,15,5.0885,19.62,144.32,74.764
16,15,6.8947,19.308,143.29,75.789
16,15,6.0319,19.812,146.26,75.136
16,15,6.4537,19.225,138.19,71.595
16,15,7.0756,19.149,137.08,70.23
16,15,9.5237,18.748,130.81,67.43
16,15,6.2158,19.544,142.47,73.241
16,15,6.8727,19.421,140.2,72.343
16,15,6.2094,19.115,137.41,70.709
16,15,6.0744,19.475,138.19,68.738
16,15,8.1131,19.381,137.17,69.222
16,15,6.3901,19.608,145.75,75.46
16,15,5.749,19.707,144.57,73.757
16,15,5.461,19.647,140.33,70.961
16,15,5.1025,19.381,141.26,73.323
16,15,7.3306,19.212,138.11,71.474
16,15,5.2457,19.127,137.01,70.551
16,15,7.0425,19.432,140.83,71.887
16,15,5.6155,20.039,153.05,79.404
16,15,6.4479,19.215,134.69,68.062
16,15,6.4018,19.36,136.3,67.327
16,15,5.1226,19.978,151.32,78.921
16,15,7.188,19.445,140.99,72.239
16,15,5.1954,19.69,140.77,70.074
16,15,6.2865,19.35,141.47,73.02
16,15,7.7126,19.519,144.01,74.968
16,15,6.129,19.295,135.85,67.635
16,15,7.1316,19.295,140.05,73.115
16,15,8.0097,19.456,144.39,76.142
16,15,8.4688,19.362,139.41,71.825
16,15,4.2389,20.128,150.82,76.532
16,15,7.0237,19.476,140.03,70.669
16,15,7.0913,19.322,140.87,73.455
16,15,6.212,19.653,139.33,69.211
16,15,6.9793,19.376,138.81,71.097
16,15,7.2984,19.531,138.48,68.618
16,15,5.2378,19.548,138.51,69.179
16,15,3.9743,20.586,157.61,80.439
16,15,6.6965,19.562,145.8,76.082
16,15,7.1234,19.613,141.18,71.324
16,15,5.669,19.823,144.15,72.726
16,15,4.3649,19.681,144.65,74.579
16,15,7.7511,19.326,136.21,68.812
16,15,6.2323,19.874,147.22,76.332
16,15,5.3923,19.337,140.37,73.213
16,15,6.1565,19.297,135.51,67.092
16,15,5.5348,19.62,140.29,70.84
16,15,6.8127,19.775,142.73,71.663
16,15,7.1525,19.47,143.98,75.204
16,15,5.5757,19.733,148.28,77.566
16,15,7.6445,19.153,135.27,69.196
16,15,6.0881,19.641,143.8,73.889
16,15,6.3597,19.894,149.34,78.23
16,15,7.3215,19.355,141.67,73.771
16,15,7.6509,19.209,141.3,74.482
16,15,5.4859,19.341,140.68,72.941
16,15,7.9664,19.655,145.35,74.819
16,15,7.2927,19.654,145.13,74.52
16,15,6.7206,19.536,143.37,73.977
16,15,6.0025,19.727,146.38,75.027
16,15,6.7653,19.63,142.7,72.656
16,15,5.1961,19.707,145.8,74.793
16,15,6.1672,20.048,147.37,74.428
16,15,6.7574,19.569,136.66,67.024
16,15,7.8933,19.103,135.54,68.929
16,15,9.0189,19.046,131.55,65.173
16,15,5.8324,19.906,149.04,76.976
16,15,6.0643,19.613,144.52,74.461
16,15,5.2257,20.043,155.14,81.854
16,15,6.6037,19.45,141.78,73.512
16,15,4.991,19.668,143.48,72.64
16,15,5.601,20.359,156.83,80.737
16,15,7.4419,19.555,142.55,73.31
16,15,7.4557,19.337,142.32,74.902
16,15,5.2855,19.618,142.16,72.605
16,15,6.5688,19.436,140.21,71.034
16,15,7.4345,19.415,136.97,69.084
16,15,7.2904,19.747,145,74.424
16,15,6.1635,19.784,151.25,80.55
16,15,7.4915,19.552,141.7,72.086
16,15,7.6027,18.993,134.54,68.723
16,15,5.8568,20.091,148.29,73.369
16,15,6.7058,19.533,142.92,73.225
16,15,7.9036,19.315,135.4,67.286
16,15,6.0347,19.311,136.42,70.331
16,15,8.111,19.32,135.74,67.17
16,15,8.5771,19.243,137.67,70.323
16,15,6.4368,19.562,140.94,71.815
16,15,6.375,19.514,143.5,74.084
16,15,5.5869,20.101,146.94,74.192
16,15,8.1292,19.209,134.24,67.538
16,15,5.8615,19.975,150.4,78.854
16,15,5.531,19.976,147.12,74.882
16,15,5.6971,19.506,142.67,73.617
16,15,6.4535,19.209,139.31,72.428
16,15,7.2438,19.31,140.14,72.991
16,15,6.9321,19.363,138.68,71.115
16,15,5.3115,19.16,136.75,69.382
16,15,7.4886,19.194,138.09,71.074
16,15,5.0346,20.262,152.18,77.233
16,15,7.1821,19.389,139.62,72.296
16,15,5.182,19.407,140.32,71.427
16,15,6.2634,19.471,139.9,70.3
16,15,6.7881,19.33,137.27,69.14
16,15,5.7494,19.702,145.53,75.285
16,15,7.2025,19.567,141.72,71.765
16,15,6.812,19.21,140.05,73.266
16,15,8.3399,18.702,127.84,64.996
16,15,7.0914,19.526,142.99,73.965
16,15,6.6675,19.222,133.96,66.923
16,15,4.8364,19.92,151.65,79.039
16,15,6.2952,19.499,140.83,71.375
16,15,7.0446,18.912,129.88,63.741
16,15,7.6268,19.238,137.13,69.7
16,15,9.0758,19.102,132.48,66.472
16,15,6.2506,19.378,142.32,74.074
16,15,5.1723,19.836,145.82,73.665
16,15,8.8599,18.727,127.39,64.072
16,15,5.4087,19.759,143.96,73.338
16,15,7.7685,19.46,141.73,73.179
16,15,6.0452,19.549,143.91,74.526
16,15,4.1337,19.71,143.18,71.346
16,15,5.3614,19.393,140.54,72.298
16,15,6.8712,19.558,139.34,69.746
16,15,7.6316,19.794,148.06,75.577
16,15,6.1609,19.845,146.19,74.668
16,15,5.0268,19.978,150.81,77.778
16,15,5.2432,19.819,149.95,79.085
16,15,5.4885,19.558,141.12,71.629
16,15,4.8356,19.606,145.18,75.71
16,15,4.1817,19.407,140.07,71.444
16,15,5.2731,19.665,142.14,72.165
16,15,6.6034,19.489,145.48,75.438
16,15,5.4222,19.452,141.52,73.127
16,15,5.811,19.476,140.36,71.105
16,15,5.97,19.092,136.08,69.644
16,15,6.0083,19.952,147.01,75.428
16,15,5.5084,19.786,149.86,79.1
16,15,6.4932,20.077,151.83,79.098
16,15,6.9282,19.305,135.92,68.085
16,15,6.0877,20.049,153.37,80.536
16,15,5.4771,19.569,146.67,77.06
16,15,6.3694,19.717,148.72,77.355
16,15,4.8462,19.542,145.61,75.94
16,15,5.8842,19.844,147.17,76.194
16,15,5.9304,19.873,146.92,75.173
16,15,7.3479,19.314,141.85,73.612
16,15,6.8219,19.745,144.4,73.321
16,15,6.603,19.496,137.59,68.577
16,15,4.4848,19.527,141.34,71.445
16,15,6.6577,19.705,142.79,72.112
16,15,7.9921,19.244,139.45,73.172
16,15,8.3854,18.51,122.87,60.771
16,15,6.727,19.851,153.48,82.705
16,15,6.7003,19.28,139.69,72.174
16,15,5.7119,19.737,143.52,72.479
16,15,6.251,19.825,147.84,76.695
16,15,7.0691,19.612,145.62,76.241
16,15,6.9003,19.306,136.73,68.679
16,15,6.0859,19.487,144.64,75.233
16,15,6.3066,19.832,146.31,75.698
16,15,5.972,19.97,148.29,76.406
16,15,5.3547,19.752,143.05,71.503
16,15,5.4719,19.874,143.1,71.131
16,15,6.4946,20.125,147.53,75.066
16,15,6.5368,19.587,139.81,69.44
16,15,6.4602,19.79,147.26,75.796
16,15,6.4334,19.69,143.54,72.751
16,15,6.7933,19.582,141.88,72.922
16,15,6.5959,19.289,136.87,69.676
16,15,7.4139,18.953,133.87,67.785
16,15,6.1197,19.332,136.89,69.122
16,15,7.1171,19.628,140.9,71.326
16,15,6.1599,19.09,134.44,67.691
16,15,6.791,18.882,139.18,74.751
16,15,7.0639,20.005,150.13,76.677
16,15,6.5448,19.894,148.99,77.158
16,15,7.1082,18.72,129.19,65.535
16,15,6.6009,20.1,150.98,76.648
16,15,6.9956,19.447,133.54,64.165
16,15,7.0372,18.694,127.24,63.71
16,15,6.395,19.72,142.67,72.25
16,15,7.6755,19.202,139.66,72.948
16,15,4.4729,20.269,151.49,76.488
16,15,6.437,19.249,137.24,70.1
16,15,6.1278,19.486,140.84,73.021
16,15,5.2855,19.918,150.63,77.103
16,15,7.9328,19.429,141.77,72.06
16,15,6.6638,19.141,135.37,68.511
16,15,7.39,19.364,134.83,66.101
16,15,8.0591,19.447,143.15,74.479
16,15,5.1648,19.771,143.85,73.536
16,15,6.0712,19.865,145.51,74.184
16,15,6.3187,19.388,139.9,70.886
16,15,6.4023,19.404,142.57,73.705
16,15,6.4155,19.631,142.65,72.447
16,15,6.5558,19.716,144.12,73.429
16,15,8.4549,19.209,136.49,69.257
16,15,6.5806,19.618,144.35,74.005
16,15,6.9913,19.183,135.63,69.112
16,15,7.1768,19.603,144.73,75.24
16,15,6.7249,19.246,132.47,64.766
16,15,5.8362,19.752,143.4,71.706
16,15,6.2756,19.515,140.07,71.472
16,15,6.7714,19.161,134.5,68.48
16,15,5.5146,19.571,140.19,71.225
16,15,6.8344,19.559,138.9,68.274
16,15,4.9915,19.498,141.43,72.483
16,15,5.2065,19.462,141.2,71.866
16,15,4.3796,19.734,141.11,70.646
16,15,5.0985,19.771,146.33,74.166
16,15,5.4727,20.287,155.84,80.789
16,15,6.8078,19.682,143.6,73.87
16,15,6.9437,19.735,143.6,73.242
16,15,6.1709,19.892,148.78,76.978
16,15,8.2585,19.103,139.58,73.186
16,15,5.4137,19.387,140.3,71.88
16,15,8.06,19.171,132.3,66.225
16,15,6.7893,19.277,143.81,77.215
16,15,6.3476,19.844,143,72.042
16,15,6.2688,19.102,135.23,68.656
16,15,6.9202,19.619,144.52,75.319
16,15,7.3453,19.458,139.9,70.328
16,15,6.2633,19.686,149.58,79.553
16,15,5.9429,19.324,134.2,66.693
16,15,6.7322,19.617,140.5,70.862
16,15,8.1437,19.429,142.36,74.245
16,15,5.968,20.243,158.06,84.388
16,15,7.7048,19.417,137.85,68.953
16,15,5.6774,19.788,146.98,76.393
16,15,6.1423,19.164,135.37,68.407
16,15,6.3111,19.345,140.46,72.814
16,15,8.6735,18.868,131.57,67.108
16,15,5.454,19.733,150.39,80.03
16,15,6.6102,19.764,142.57,71.238
16,15,9.0546,18.815,130.04,66.305
16,15,8.4153,18.699,130.72,67.636
16,15,5.866,19.422,141.4,72.944
16,15,6.4905,19.474,136.61,67.724
16,15,7.8076,19.529,136.46,67.628
16,15,7.1624,19.543,140.74,70.309
16,15,5.2587,19.614,146.73,77.018
16,15,8.1997,18.974,132.45,66.996
16,15,6.7186,19.818,144.57,73.191
16,15,6.6189,19.178,132.53,67.142
16,15,6.0683,19.88,146.88,74.987
16,15,5.9409,19.286,139.45,71.952
16,15,5.2132,19.731,150.74,80
16,15,8.248,19.332,140.21,71.87
16,15,6.2047,19.163,137.32,70.07
16,15,4.9459,20.141,150.28,75.353
16,15,5.1283,19.37,139.31,70.631
16,15,6.4287,19.215,135.49,67.705
16,15,8.26,19.757,147.64,77.287
16,15,8.1,19.544,142.75,72.241
16,15,5.8357,18.965,133.81,67.798
16,15,7.6773,19.375,141.93,73.361
16,15,5.5859,19.743,143.89,73.677
16,15,6.7015,19.562,141.69,71.543
16,15,6.6431,19.517,139.96,69.081
16,15,6.4129,19.177,137.79,71.516
16,15,7.1648,19.086,135.64,69.413
16,15,8.4134,19.143,138.17,71.736
16,15,5.8278,19.508,144.27,75.499
16,15,6.0921,19.925,149.34,76.667
16,15,5.8069,20.204,152.54,78.231
16,15,6.8531,20.137,146.93,73.287
16,15,6.193,19.417,136.16,68.212
16,15,7.2888,18.999,134.59,69.356
16,15,7.9762,19.625,141.81,71.976
16,15,8.3529,19.078,135.38,69.745
16,15,7.2779,18.739,125.1,62.033
16,15,7.6935,18.884,131.02,66.515
16,15,5.8664,19.54,145.73,75.998
16,15,6.2551,19.527,143.18,73.639
16,15,7.3391,19.123,137.23,71.342
16,15,5.11,19.361,140.53,72.209
16,15,5.8977,19.181,134.16,66.94
16,15,5.7235,19.612,144.92,74.541
16,15,5.416,19.529,138.66,69.54
16,15,4.6967,20.042,154.4,81.684
16,15,7.7031,19.74,147.63,76.654
16,15,6.4654,20.058,149.24,76.575
16,15,6.8087,19.128,131.36,64.564
16,15,4.6014,19.984,151.85,79.518
16,15,6.6047,19.06,134.43,68.398
16,15,5.0517,19.453,144.04,75.176
16,15,5.7797,19.43,139.07,70.812
16,15,4.7388,19.721,141.63,71.855
16,15,6.5756,19.061,134.31,67.358
16,15,5.1429,20.209,151.27,76.187
16,15,7.0945,19.703,144.13,74.014
16,15,4.602,20.099,150.62,76.829
16,15,7.1839,19.439,137.82,68.721
16,15,5.4202,19.483,143.7,74.623
16,15,5.5178,19.356,141.95,74.237
16,15,6.1942,19.658,145.78,75.51
16,15,6.7882,19.675,143.34,71.8
16,15,6.8251,19.45,140.54,71.331
16,15,6.4498,19.605,141.23,70.75
16,15,7.1085,19.89,143.77,72.26
16,15,6.0585,19.09,138.09,72.075
16,15,6.1292,19.808,146.76,75.241
16,15,6.6568,19.324,140.68,73.051
16,15,6.4995,19.673,150.86,80.429
16,15,5.3194,20.289,158.05,81.739
16,15,5.6756,19.94,146.8,74.953
16,15,5.9244,19.963,154.88,82.894
16,15,6.1474,19.589,143.78,73.982
16,15,8.3431,19.383,137.08,68.496
16,15,7.4645,19.184,135.49,68.36
16,15,6.389,19.828,146.83,74.905
16,15,7.7121,19.004,133.1,67.12
16,15,6.7253,19.316,137.19,69.343
16,15,7.6538,19.708,142.96,72.464
16,15,6.8441,19.935,147.39,74.641
16,15,6.2196,19.874,147.28,75.632
16,15,4.7925,20.047,147.91,75.219
16,15,7.3653,20.011,142.52,70.378
16,15,6.8521,19.626,141.67,71.489
16,15,5.7122,19.984,147.17,74.844
16,15,6.5682,19.473,140.34,71.819
16,15,6.3053,19.838,142.11,70.269
16,15,5.5714,19.493,140.3,71.811
16,15,6.8647,19.286,134.77,67.027
16,15,8.0724,19.235,134.1,65.863
16,15,7.2383,19.395,138.98,71.73
16,15,7.8569,19.563,142.95,73.343
16,15,5.383,19.862,146.14,72.232
16,15,5.6117,19.842,149.83,78.67
16,15,7.3003,19.326,140.29,72.777
16,15,4.7124,19.638,142.78,72.362
16,15,7.3329,19.198,138.76,72.292
16,15,7.116,19.046,133.76,68.55
16,15,6.026,19.113,136.01,69.482
16,15,4.9715,20.105,150.58,77.606
16,15,6.1812,19.852,144.98,73.074
16,15,5.7022,20.1,150.35,76.403
16,15,8.102,19.439,136.95,68.102
16,15,6.6046,19.145,134.58,67.663
16,15,5.6447,19.965,147.64,75.452
16,15,6.8009,19.459,144.87,76.308
16,15,7.2659,19.542,139.75,70.454
16,15,6.517,18.876,134.55,69.766
16,15,6.9727,18.928,132.56,67.902
16,15,6.3315,19.806,148.13,76.272
16,15,7.741,19.083,133.6,67.753
16,15,6.4669,19.831,148.65,76.886
16,15,5.4463,20.261,154.34,78.869
16,15,5.7421,19.542,139.4,69.742
16,15,4.4036,20.207,153.98,79.165
16,15,6.5003,19.172,135.66,69.711
16,15,7.12,19.668,145.02,74.712
16,15,7.0847,19.342,138.75,71.887
16,15,8.6421,19.421,139.99,72.31
16,15,5.3112,19.652,146.75,76.971
16,15,8.3524,19.668,146.43,76.44
16,15,6.3073,19.52,140.01,70.928
16,15,6.8713,20.141,150.39,77.553
16,15,7.3129,19.677,143.5,74.022
16,15,7.4096,19.002,132.77,67.415
16,15,6.7254,19.391,136.3,68.52
16,15,5.439,19.818,142.54,71.015
16,15,9.3468,18.874,132.32,68.094
16,15,4.9963,19.62,146.42,76.828
16,15,5.8254,19.815,145.45,73.449
16,15,4.426,19.847,150.08,78.209
16,15,5.1019,19.9,150.62,79.351
16,15,5.0159,19.516,137.64,69.169
16,15,7.487,20.168,151.6,77.724
16,15,5.6548,19.624,145.2,76.129
16,15,7.037,19.366,140.74,73.311
16,15,6.5312,19.761,149.26,78.677
16,15,5.2241,19.82,146.37,75.589
16,15,4.779,20.013,150.53,77.649
16,15,6.749,19.847,144.33,71.347
16,15,6.2966,19.775,150.09,79.195
16,15,5.1067,19.789,147.27,75.698
16,15,5.5869,20.12,153.33,80.586
16,15,5.6708,19.289,141.62,74.336
16,15,7.5146,19.281,134.41,66.422
16,15,6.8025,19.432,138.92,69.822
16,15,6.4135,19.841,144.76,73.306
16,15,5.4111,19.44,143.51,74.727
16,15,6.3505,19.744,148.92,78.04
16,15,6.4039,19.52,139.83,69.419
16,15,5.2557,19.636,142.01,72.749
16,15,6.9034,19.301,135.81,67.787
16,15,7.4421,20.078,148.22,74.869
16,15,6.2088,19.338,138.74,70.591
16,15,7.0284,19.527,139.54,70.092
16,15,7.6032,19.601,141.03,70.709
16,15,5.8223,19.576,145.6,76.893
16,15,6.0639,20.152,150.52,75.722
16,15,7.6547,19.22,137.03,69.724
16,15,6.2302,20.064,151.45,77.158
16,15,7.3723,19.245,136.86,69.867
16,15,5.4371,19.568,141.27,71.77
16,15,7.2085,19.682,145.87,75.064
16,15,6.019,19.913,148.47,76.169
16,15,7.936,19.841,146.88,75.58
16,15,7.6646,18.81,132.46,67.469
16,15,5.8493,19.102,132.71,67.226
16,15,8.0101,18.823,131.52,67.668
16,15,6.5396,19.765,143.92,73.155
16,15,7.9807,19.129,133.69,67.219
16,15,5.427,19.451,140.23,71.465
16,15,7.6383,19.24,138.11,70.72
16,15,6.412,19.524,141.62,73.137
16,15,6.9776,19.37,136.52,68.966
16,15,4.5918,19.841,149.6,77.533
16,15,7.4476,19.074,136.4,71.25
16,15,6.6191,19.982,147.76,74.839
16,15,7.4617,19.4,142.76,73.754
16,15,5.7574,19.728,144.9,74.018
16,15,6.8454,19.524,142.23,72.381
16,15,4.6111,20.2,155.35,80.621
16,15,6.0001,19.495,140.75,72.048
16,15,5.5221,20.103,151.6,78.46
16,15,6.9441,19.217,134.66,68.126
16,15,4.9518,19.793,146.87,75.584
16,15,6.3234,19.518,140.02,70.525
16,15,6.4596,19.382,141.88,73.276
16,15,7.9584,19.163,132.58,65.633
16,15,5.9332,19.478,139.39,70.282
16,15,6.2468,19.199,134.48,66.556
16,15,7.9134,19.578,144.87,74.968
16,15,6.0658,19.766,143.72,72.332
16,15,7.2671,19.454,142.24,73.493
16,15,7.7568,19.127,134.94,68.664
16,15,6.8563,19.528,143.78,75.208
16,15,6.9136,19.555,140.56,71.221
16,15,4.7984,20.072,154.11,81.571
16,15,5.1137,19.561,143.45,74.334
16,15,5.3072,19.666,143.93,73.139
16,15,6.5366,19.228,136.58,68.986
16,15,5.682,19.688,145.79,75.952
16,15,5.8272,19.938,145.85,73.569
16,15,7.111,19.163,133.56,66.911
16,15,6.3966,19.245,133.1,65.76
16,15,6.6499,19.261,137.3,69.733
16,15,6.9682,19.441,140.23,71.626
16,15,4.6846,19.993,143.04,70.454
16,15,6.4898,20.036,147.56,74.331
16,15,7.5966,19.037,137.97,71.974
16,15,6.1831,19.705,140.24,69.568
16,15,7.3464,19.626,143.18,73.171
16,15,5.7717,19.383,139.86,71.865
16,15,5.772,20.093,151.7,77.873
16,15,6.821,19.815,147.52,76.068
16,15,5.6159,19.485,138.28,68.719
16,15,5.8596,19.862,147.41,76.142
16,15,9.8777,19.367,138.78,71.137
16,15,8.8819,18.848,131.9,67.162
16,15,5.5352,19.832,142.01,70.454
16,15,6.0392,19.582,140.68,71.363
16,15,4.7898,19.964,148.02,75.41
16,15,7.7629,19.916,146.32,75.129
16,15,5.5578,19.469,140.92,72.317
16,15,7.0845,19.469,140.1,71.096
16,15,8.7164,18.762,130.97,67.319
16,15,5.5695,20.247,150.18,76.816
16,15,5.1706,19.836,142.11,70.321
16,15,7.0254,19.832,151.1,79.287
16,15,5.7866,19.488,143.94,75.633
16,15,4.4645,19.971,151.71,79.669
16,15,6.3391,19.239,136.1,68.847
16,15,6.3018,19.314,136.92,68.823
16,15,6.5005,19.172,137.83,71.427
16,15,6.1759,19.676,139.01,68.983
16,15,6.6061,19.749,148.13,76.424
16,15,6.7991,19.624,143.18,72.376
16,15,6.3199,19.417,141.33,73.027
16,15,5.4707,19.585,144.39,75.196
16,15,6.7137,19.644,143.18,74.519
16,15,7.2161,19.588,142.46,72.355
16,15,5.8816,19.058,134,68.189
16,15,6.2391,19.897,149.78,77.857
16,15,5.3222,19.742,147.31,77.424
16,15,6.2882,19.528,140.36,71.402
16,15,6.0689,19.722,145.43,75.365
16,15,7.1257,19.578,145.95,76.959
16,15,5.7531,19.537,142.74,73.045
16,15,6.3609,19.54,144.67,75.124
16,15,8.4046,18.71,131.48,68.324
16,15,5.4241,20.175,153.45,79.298
16,15,5.1512,19.791,142.61,70.745
16,15,6.7577,19.624,142.51,72.318
16,15,5.623,19.725,145.79,75.394
16,15,7.5199,19.281,135.35,67.352
16,15,5.8896,19.39,138.61,70.023
16,15,5.186,19.843,149.55,77.021
16,15,7.3558,19.33,137.1,69.771
16,15,5.9616,19.467,139.52,70.795
16,15,5.8838,19.449,142.15,73.998
16,15,6.0366,19.789,143.61,72.639
16,15,8.7174,18.432,124.96,63.235
16,15,5.7883,19.718,143.83,73.025
16,15,6.3024,19.978,147.32,75.275
16,15,7.5796,19.037,134.73,69.339
16,15,6.0784,19.827,147.27,75.502
16,15,5.0926,19.82,147.06,75.747
16,15,4.1429,19.68,142.66,71.76
16,15,8.8116,19.175,135.08,68.63
16,15,8.319,18.946,126.87,61.227
16,15,5.1483,20.341,154.02,78.067
16,15,7.1118,19.492,141.9,72.662
16,15,7.9318,18.893,136.26,71.768
16,15,5.773,19.667,145.99,76.137
16,15,5.7647,20.014,148.83,75.348
16,15,6.7891,19.802,146,74.498
16,15,6.0645,19.672,140.04,69.593
16,15,6.9638,19.738,141.89,70.542
16,15,5.5788,20.038,152.7,79.972
16,15,5.886,19.582,139.73,70.048
16,15,6.8747,20.266,151.26,75.044
16,15,5.7746,19.86,152.6,80.216
16,15,5.8941,19.638,143.9,72.992
16,15,7.3401,19.12,134.6,69.182
16,15,5.7296,19.756,144.04,74.139
16,15,5.5167,19.653,144.21,73.807
16,15,5.9763,19.649,140.87,71.033
16,15,6.6435,19.567,140.68,72.133
16,15,7.2885,19.281,141.77,74.528
16,15,5.2596,19.571,140.59,71.191
16,15,6.3556,19.615,142.75,73.126
16,15,7.811,19.714,147.69,77.305
16,15,7.7287,19.511,140.71,70.623
16,15,5.7987,19.547,141.48,73.385
16,15,6.2538,19.204,136.37,69.618
16,15,5.5491,19.452,140.88,71.887
16,15,6.0243,20.278,154.72,79.456
16,15,5.2041,19.695,146.87,75.798
16,15,7.232,19.655,143.24,73.963
16,15,9.0503,19.602,143.75,74.581
16,15,6.034,19.741,146.16,75.513
16,15,7.8751,19.051,129.49,63.924
16,15,5.3376,19.631,142.07,71.843
16,15,8.1277,19.113,134.32,67.694
16,15,7.0994,19.213,136.29,68.818
16,15,6.5571,19.459,140.09,70.692
16,15,5.8826,19.442,138.8,69.707
16,15,5.8046,19.491,140.84,71.116
16,15,7.3464,19.093,134.18,68.258
16,15,4.8677,19.806,143.88,72.716
16,15,5.1221,19.593,142.92,73.225
16,15,8.8694,19.255,137.08,69.281
16,15,8.8889,19.518,140.82,71.459
16,15,6.7766,19.762,146.71,76.694
16,15,8.8131,18.859,128.76,64.873
16,15,5.7919,19.714,147.04,76.87
16,15,8.5192,19.191,135,68.541
16,15,5.1454,19.588,142.49,73.512
16,15,6.9682,19.375,140.28,71.647
16,15,6.0714,19.622,144.78,75.807
16,15,7.7546,18.932,131.5,65.884
16,15,7.5927,19.577,140.76,71.182
16,15,5.0943,19.824,146.82,74.787
16,15,6.7866,19.525,139.62,70.011
16,15,6.5826,19.256,135.37,67.793
16,15,5.945,19.646,145.64,74.935
16,15,5.8889,19.584,143.26,74.057
16,15,6.3521,19.074,134.36,68.712
16,15,6.0267,19.572,138.57,70.269
16,15,5.2691,19.941,147.52,74.712
16,15,5.6134,19.854,147.83,76.417
16,15,6.7076,20.072,150.63,77.455
16,15,7.228,19.816,146.17,75.54
16,15,6.4253,19.08,133.77,68.069
16,15,6.4115,19.225,134.37,67.147
16,15,5.8889,19.768,140.64,69.935
16,15,5.7631,19.735,145.39,74.39
16,15,7.1825,19.394,140.2,72.065
16,15,6.5942,19.537,147.64,77.724
16,15,6.1724,19.535,144.09,74.633
16,15,6.8633,19.285,138.61,70.56
16,15,4.8465,20.084,155.37,82.001
16,15,6.0416,19.828,145.32,72.82
16,15,8.4673,18.811,131.02,65.951
16,15,5.8087,19.661,143.92,74.315
16,15,7.1279,18.941,133.19,67.395
16,15,6.9903,19.687,139.7,68.932
16,15,8.0024,19.502,140.81,71.727
16,15,7.3254,19.273,138.58,71.74
16,15,6.4919,19.394,139.88,71.582
16,15,4.4233,19.626,141.94,72.394
16,15,6.2852,19.589,142.57,73.421
16,15,6.4541,19.625,142.45,71.75
16,15,5.991,20.033,150.09,77.173
16,15,6.107,19.62,145.06,75.362
16,15,6.3462,19.293,136.3,69.492
16,15,5.9133,19.243,140.67,73.746
16,15,5.734,19.468,140.52,72.312
16,15,7.2967,19.618,142.77,72.35
16,15,6.7811,19.669,142.56,72.702
16,15,7.1344,19.521,140.73,72.086
16,15,6.3722,19.226,137.05,70.721
16,15,7.2429,19.325,140.61,72.491
16,15,6.1746,19.753,148,77.304
16,15,7.9238,19.052,135.43,69.995
16,15,5.2741,20.072,151.62,79.331
16,15,5.2896,18.888,131.01,66.501
16,15,6.0538,19.856,148.6,76.647
16,15,5.9361,20.138,151.31,77.573
16,15,5.7216,19.201,138.74,72.134
16,15,5.6116,19.658,144.92,73.933
16,15,6.7867,19.68,140.34,69.801
16,15,6.5204,19.059,139.79,74.103
16,15,5.6519,19.498,139.52,70.509
16,15,5.0995,20.011,150.03,76.814
16,15,9.3481,19.057,134.28,67.96
16,15,6.771,19.882,148.6,76.594
16,15,6.133,19.21,137.38,69.891
16,15,5.7745,19.358,136.5,68.961
16,15,6.1631,19.962,147.25,74.85
16,15,7.454,18.917,132.53,67.604
16,15,7.033,19.309,135.25,67.724
16,15,6.5154,19.67,140.43,70.15
16,15,6.2098,20.136,148.19,74.807
16,15,4.8664,19.629,143.34,71.716
16,15,6.1191,19.319,140.56,72.451
16,15,6.1944,19.537,145.21,76.466
16,15,8.4776,19.187,133.69,66.909
16,15,6.2092,19.872,145.84,73.417
16,15,4.9745,19.921,150.15,78.29
16,15,7.2916,19.446,140.42,71.655
16,15,7.4308,19.262,135.8,68.308
16,15,5.5782,19.667,141.87,70.839
16,15,5.8143,20.123,151.29,77.695
16,15,6.4812,19.657,142.96,72.095
16,15,6.5505,19.575,140.15,70.784
16,15,5.0746,19.747,147.94,77.042
16,15,5.804,20.097,154.41,80.524
16,15,7.7464,19.294,137.77,69.194
16,15,7.9947,18.911,133.15,68.177
16,15,7.5814,19.02,133.84,68.477
16,15,5.6776,20.19,153.43,79.042
16,15,5.3363,19.328,139.66,72.036
16,15,5.727,20.1,152.78,79.85
16,15,5.8661,19.117,137.88,72.099
16,15,5.7816,20.092,148.85,74.547
16,15,7.3561,19.213,137.68,70.789
16,15,7.6707,19.149,135.35,68.713
16,15,7.3403,19.259,140.85,72.84
16,15,7.98,19.353,141.44,73.835
16,15,6.7323,19.742,144.04,73.438
16,15,7.3966,19.314,135.99,67.703
16,15,6.6135,19.621,141.03,70.116
16,15,6.1414,20.084,149.89,77.656
16,15,7.4199,19.277,134.59,67.563
16,15,7.1128,19.58,144.47,74.846
16,15,5.7214,19.597,144.58,74.861
16,15,6.1855,19.239,134.29,66.803
16,15,6.1581,19.312,139.32,71.994
16,15,5.9427,19.91,144.41,73.256
16,15,7.1382,19.511,139.93,70.967
16,15,4.6852,19.93,146.67,74.028
16,15,4.8001,20.49,157.18,80.88
16,15,6.4663,19.22,136.38,68.818
16,15,7.0042,19.348,138.45,70.718
16,15,4.8811,19.851,146.59,75.465
16,15,8.1681,19.296,139.64,72.028
16,15,5.1916,20.143,152.77,78.342
16,15,6.4867,19.464,141.97,73.594
16,15,7.2812,19.006,133.45,67.447
16,15,4.9285,20.251,155.79,82.148
16,15,6.818,19.569,141.67,73.058
16,15,4.996,19.622,144.33,75.016
16,15,6.5001,19.712,142.42,71.892
16,15,7.1649,19.295,136.32,69.077
16,15,5.6355,19.512,141.32,71.785
16,15,5.6056,19.646,141.35,72.042
16,15,4.988,19.817,150,79.35
16,15,6.7342,19.786,148.49,76.891
16,15,5.9855,19.812,142.24,70.112
16,15,4.6578,19.914,148.57,77.04
16,15,5.5826,20.029,149.61,77.035
16,15,5.9818,19.665,141.72,71.517
16,15,6.4907,19.645,142.35,71.782
16,15,7.3823,18.838,128.66,64.406
16,15,4.6959,19.582,145.55,76.713
16,15,5.2682,20.014,148.54,76.303
16,15,4.5692,19.963,148.48,75.153
16,15,6.0652,19.767,142.38,70.177
16,15,9.5336,19.551,138.29,68.323
16,15,5.7018,19.392,141.62,72.761
16,15,5.9773,19.488,141.74,72.235
16,15,5.4959,19.588,142.73,72.665
16,15,5.0887,19.723,143.08,72.553
16,15,6.1462,19.329,139.7,71.867
16,15,5.9304,19.475,141.66,72.255
16,15,6.0416,19.619,140.19,70.954
16,15,8.9097,19.121,136.16,70.638
16,15,6.9495,19.203,135.91,68.778
16,15,6.313,19.368,140.69,73.229
16,15,5.5875,19.999,145.38,72.711
16,15,5.1072,19.55,145.84,76.15
16,15,5.5368,19.979,150.96,78.388
16,15,6.9636,19.147,135.19,67.658
16,15,9.1899,18.456,127.76,65.741
16,15,4.6693,19.687,146.56,75.182
16,15,5.5698,19.519,141.37,72.505
16,15,8.3196,19.499,143.09,73.603
16,15,7.7601,19.185,136.34,68.816
16,15,6.0969,19.566,137.96,67.997
16,15,5.4979,18.955,137.66,72.378
16,15,5.8595,19.631,142.97,72.523
16,15,7.0858,18.706,126.86,63.838
16,15,6.7709,19.864,146.53,75.032
16,15,6.6857,19.603,142.36,72.991
16,15,6.7522,19.373,136.55,68.552
16,15,6.992,19.428,138.03,70.199
16,15,6.2334,19.915,150.79,78.706
16,15,5.3149,20.147,154.2,80.527
16,15,6.9462,19.604,142.36,72.331
16,15,7.1483,19.266,140.59,73
16,15,8.0107,19.612,137.7,68.11
16,15,5.2801,19.971,147.95,74.671
16,15,6.0768,19.659,148.07,78.018
16,15,7.3742,19.165,133.48,66.42
16,15,6.2827,19.209,134.24,66.911
16,15,7.0036,19.743,145.62,74.42
16,15,7.0259,19.033,132.47,65.305
16,15,5.7796,19.946,149.55,77.56
16,15,7.9007,19.645,140.53,69.695
16,15,7.2997,19.306,142.03,73.426
16,15,4.7874,19.764,144.98,75.508
16,15,6.7521,19.357,134.16,66.094
16,15,7.9728,19.463,141.06,71.882
16,15,5.697,19.635,144.43,75.009
16,15,5.0387,20.014,149.38,76.343
16,15,6.1438,19.263,138.34,71.152
16,15,5.8007,19.701,144.18,74.158
16,15,7.6462,19.174,136.01,68.573
16,15,6.4927,19.544,144,74.325
16,15,8.7847,19.284,138.42,70.277
16,15,6.5478,19.783,144.13,71.913
16,15,6.1832,19.458,143.45,74.225
16,15,5.9683,19.272,135.58,68.961
16,15,6.9417,19.406,141.24,73.558
16,15,9.3236,18.949,132.4,67.407
16,15,7.8612,19.125,137.24,70.248
16,15,6.8733,19.513,145.29,76.192
16,15,7.0666,19.093,134.68,68.11
16,15,5.8766,19.238,137.16,69.717
16,15,7.6273,19.434,141.85,71.903
16,15,5.6291,19.677,143.87,74.397
16,15,7.0667,19.278,138.63,70.691
16,15,6.6198,19.713,142.8,72.212
16,15,7.468,19.119,132.87,66.598
16,15,8.4814,19.602,145.79,76.24
16,15,6.2158,19.842,150.02,78.981
16,15,6.6828,19.849,148.12,76.353
16,15,5.785,19.75,140.95,69.923
16,15,7.6156,19.114,135.1,68.489
16,15,7.0239,19.125,133.63,66.598
16,15,6.7767,19.769,148.92,78.404
16,15,6.1136,19.885,147.16,74.962
16,15,7.7244,19.616,139.86,69.615
16,15,8.3582,19.514,137.52,67.451
16,15,5.3161,19.745,144.6,73.667
16,15,7.2547,19.081,133.76,67.097
16,15,4.9751,19.638,146.57,76.721
16,15,5.7892,19.765,144.7,73.46
16,16,6.1946,19.893,147.9,75.896
16,16,4.9721,19.886,144.94,72.893
16,16,6.5557,19.569,143.55,73.518
16,16,5.8485,19.773,146.97,75.235
16,16,7.6358,19.518,144.13,74.243
16,16,6.3854,20.041,145.73,71.957
16,16,5.6655,20.036,153.27,80.237
16,16,9.2824,19.473,143.66,75.283
16,16,6.2418,19.64,142.12,72.407
16,16,7.0834,19.303,139.81,72.048
16,16,7.1448,19.478,139.96,70.451
16,16,7.3753,19.147,136.97,70.847
16,16,6.1666,20.465,158.77,83.062
16,16,5.6659,19.796,147.8,76.412
16,16,7.5245,19.299,137.96,70.379
16,16,7.3294,19.634,144.96,74.466
16,16,6.4297,19.822,147.83,76.115
16,16,7.8612,19.873,151.85,79.854
16,16,6.2436,20.175,150.48,76.951
16,16,5.5975,19.784,142.57,70.468
16,16,5.3888,19.988,152.76,80.275
16,16,6.8118,19.967,146.83,74.604
16,16,7.4311,19.127,137.67,70.879
16,16,4.7338,20.284,152.79,78.61
16,16,5.9056,20.197,149.88,74.948
16,16,6.2328,19.543,142.92,73.486
16,16,6.3531,19.9,147.84,76.032
16,16,7.2379,19.745,147.33,76.23
16,16,5.136,19.974,156.66,84.98
16,16,4.7404,20.177,152.77,79.046
16,16,5.1471,20.223,161.02,87.104
16,16,8.3612,19.509,138.49,69.387
16,16,6.3239,19.527,145.13,75.603
16,16,4.8091,20.007,153.15,79.965
16,16,6.5753,20.051,153.27,80.544
16,16,6.6498,20.048,148.89,74.692
16,16,5.8902,20.1,151.73,78.316
16,16,6.4929,19.335,142.79,74.332
16,16,5.7495,19.838,149.19,77.525
16,16,6.0795,19.815,145.84,74.31
16,16,5.4045,19.226,133.32,65.756
16,16,6.6113,19.695,146,74.832
16,16,6.6843,19.507,142.63,73.442
16,16,4.879,20.534,162.02,84.579
16,16,6.53,19.772,147.51,76.181
16,16,5.2755,19.72,147.27,76.007
16,16,7.2729,19.406,140.52,71.707
16,16,6.1766,19.578,146.48,76.411
16,16,5.7186,19.585,139.79,69.854
16,16,6.4153,20.129,154.61,80.878
16,16,7.3996,19.659,144.51,74.254
16,16,7.2969,20.165,150.85,76.597
16,16,8.3489,19.468,141.2,72.375
16,16,6.1679,19.267,141.98,75.56
16,16,7.6324,19.509,141.87,71.291
16,16,8.3876,19.463,140.37,71.339
16,16,6.6548,20.183,150.4,76.874
16,16,6.1655,20.067,155.14,81.929
16,16,6.8887,19.943,151.96,78.418
16,16,6.0661,19.775,145.64,74.471
16,16,6.4965,19.872,148.12,76.591
16,16,6.6942,19.985,152.09,79.468
16,16,6.3816,19.682,146.67,76.133
16,16,5.3569,20.434,157.22,81.267
16,16,5.735,19.963,148.1,75.561
16,16,6.3129,20.004,150.93,78.132
16,16,7.114,19.654,143.7,73.44
16,16,8.8777,19.592,142.33,72.458
16,16,6.3664,19.723,148.27,76.548
16,16,8.6134,19.064,135.09,68.642
16,16,5.9142,19.471,141.35,72.813
16,16,7.1428,19.988,147.16,74.234
16,16,5.8278,20.11,154.22,80.409
16,16,7.0746,19.914,147.06,74.924
16,16,5.0406,19.957,154.54,82.371
16,16,5.5063,19.94,151.13,78.366
16,16,6.026,19.733,147.43,76.53
16,16,7.8852,19.638,144.8,74.247
16,16,6.767,19.801,150.44,79.592
16,16,7.2239,19.59,145.55,75.17
16,16,8.8333,18.973,131.62,65.041
16,16,6.5002,19.263,137.84,70.451
16,16,7.9126,19.41,143.29,75.246
16,16,4.5526,20.321,159.1,84.279
16,16,7.5863,19.428,141.15,72.778
16,16,6.6517,20.393,155.85,79.176
16,16,7.4473,19.829,147.18,74.59
16,16,6.3092,19.541,146.06,76.919
16,16,7.0313,19.599,140.25,70.666
16,16,8.5602,19.505,143.34,74.157
16,16,7.5849,19.64,144.78,74.796
16,16,6.0805,19.981,148.13,75.874
16,16,6.2127,19.323,138.61,70.536
16,16,5.9243,19.909,145.65,73.532
16,16,7.8526,19.597,140.92,71.201
16,16,4.485,19.96,150.65,77.851
16,16,6.0596,19.797,145.5,75.446
16,16,4.4148,19.96,150.41,77.711
16,16,6.8467,19.724,150.77,80.606
16,16,6.6811,20.187,151.33,77.224
16,16,7.7215,19.568,144.29,75.484
16,16,6.7549,19.517,142.66,73.581
16,16,7.1792,19.607,144.35,74.457
16,16,7.0693,19.701,144.83,74.308
16,16,6.7287,20.237,154.46,79.261
16,16,7.4047,19.807,146.28,76.04
16,16,6.9417,19.44,143.35,74.579
16,16,8.1092,19.257,135.51,68.411
16,16,6.608,20.104,151.28,78.657
16,16,6.2705,19.406,138.36,70.687
16,16,7.3936,19.79,148.34,76.741
16,16,6.9544,19.508,141.22,72.199
16,16,5.7009,19.943,151.85,79.21
16,16,4.7068,19.682,147.59,76.94
16,16,6.5911,20.022,146.64,73.488
16,16,6.2732,20.164,153.94,80.564
16,16,8.942,19.551,139.89,70.572
16,16,6.1632,19.874,148.68,77.735
16,16,5.4994,20.095,150.66,77.602
16,16,7.3247,19.398,141.32,72.619
16,16,5.3099,20.028,152.53,80.112
16,16,5.7421,19.87,146.74,74.859
16,16,4.9592,20.603,154.41,77.078
16,16,8.5948,19.179,135.79,68.805
16,16,4.4932,20.069,154.83,82.179
16,16,5.4177,20.147,152.97,79.454
16,16,6.7236,19.494,140.18,70.47
16,16,6.35,19.912,152.46,80.065
16,16,6.5569,19.637,141.48,71.684
16,16,6.8106,20.025,149.02,76.625
16,16,7.5407,19.536,145.13,75.832
16,16,5.7999,19.959,154.58,82.216
16,16,5.1787,19.684,143.9,73.938
16,16,6.0055,20.044,150.53,78.029
16,16,7.0205,19.946,145.95,73.64
16,16,5.0877,19.891,147.15,74.532
16,16,6.3672,19.907,148.57,76.704
16,16,6.6948,19.907,147.03,74.773
16,16,6.4214,19.327,138.51,70.272
16,16,5.7117,19.92,147.26,74.633
16,16,5.8526,20.164,151.05,78.025
16,16,7.2194,19.711,145.72,75.787
16,16,7.0262,19.736,148.01,77.437
16,16,5.8709,19.882,150.44,77.895
16,16,7.7872,19.512,139.21,69.667
16,16,7.2336,19.592,143.65,73.872
16,16,5.8825,19.798,151.62,80.565
16,16,7.0296,20.028,152.02,79.397
16,16,5.8515,19.775,150.11,79.095
16,16,7.4817,19.712,146.89,76.267
16,16,7.7331,19.711,143.95,73.762
16,16,8.1176,19.777,148.06,75.832
16,16,6.2123,19.731,143.05,71.46
16,16,6.0411,19.557,141.14,70.9
16,16,7.1161,19.158,136.29,68.833
16,16,7.3612,19.621,146.97,77.231
16,16,5.3318,19.621,145.22,75.493
16,16,6.682,19.895,143.72,71.607
16,16,5.4517,19.97,151.71,79.02
16,16,6.2825,20.08,153.41,80.408
16,16,7.0863,19.3,136.26,68.335
16,16,6.9485,19.5,141.41,72.352
16,16,8.4388,19.803,149.73,77.527
16,16,6.3857,20.063,151.98,78.965
16,16,6.1351,20.348,151.67,74.956
16,16,7.4196,19.911,150.9,78.563
16,16,6.9229,19.819,142.93,70.976
16,16,6.9542,19.665,144.87,74.382
16,16,4.9137,20.712,159.86,80.751
16,16,5.541,20.076,151.72,78.766
16,16,6.6335,19.902,151.34,79.061
16,16,6.9985,19.942,148.23,76.249
16,16,6.8778,19.85,151.7,80.174
16,16,6.7518,19.359,138.78,70.429
16,16,6.4499,19.732,147.81,77.588
16,16,8.7189,18.786,133.36,68.855
16,16,7.3475,19.276,138.33,71.104
16,16,6.5456,19.074,135.48,68.383
16,16,7.3176,19.444,144,75.071
16,16,7.6628,19.389,142.94,73.939
16,16,10.313,19.18,134.96,67.044
16,16,7.0891,19.612,147.66,76.52
16,16,5.2881,20.041,149.6,75.631
16,16,7.0162,19.108,133.44,66.172
16,16,6.9856,19.432,144.5,75.339
16,16,6.0132,19.583,144.82,74.028
16,16,5.4436,20.598,161.65,84.585
16,16,5.3051,20.124,148.87,75.979
16,16,7.3581,19.774,146.2,75.461
16,16,6.981,19.397,141.82,73.304
16,16,4.622,19.872,145.74,73.696
16,16,6.9484,20.197,152,79.409
16,16,6.1893,19.696,145.62,75.469
16,16,7.04,19.274,140.45,72.098
16,16,4.7959,20.699,161.81,84.727
16,16,6.0492,19.559,146.27,77.052
16,16,6.9324,19.229,137.51,69.948
16,16,6.8573,19.36,139.67,71.651
16,16,7.9074,19.529,141.69,72.403
16,16,7.7799,19.336,141.88,73.923
16,16,7.5801,19.488,141.99,72.869
16,16,7.5854,19.861,148.74,77.062
16,16,6.9754,19.481,138.72,69.256
16,16,6.7108,19.841,147.95,76.903
16,16,5.6224,20.308,158.84,84.186
16,16,6.1651,20.254,156.99,82.374
16,16,6.5701,19.698,145.86,75.035
16,16,6.5917,19.202,137.75,70.211
16,16,6.7392,19.331,139.56,72.124
16,16,5.2519,19.801,143.63,73.417
16,16,6.7409,20.014,146.92,74.498
16,16,6.5252,19.55,140.15,71.122
16,16,7.1444,19.991,148.99,76.051
16,16,8.4611,19.554,145.37,75.574
16,16,9.2672,19.294,140.28,72.478
16,16,6.3884,19.628,145.22,75.384
16,16,7.7817,19.711,144.37,74.353
16,16,7.6513,19.322,135.69,66.356
16,16,5.4511,20.378,152.26,76.379
16,16,5.4063,19.279,136.68,69.09
16,16,7.7289,19.316,143.43,74.709
16,16,6.6338,19.417,146.96,77.612
16,16,5.0638,20.029,155.16,82.591
16,16,5.8348,19.843,145.66,74.74
16,16,5.7518,19.84,150.23,79.366
16,16,8.3388,19.792,148.23,77.163
16,16,5.7079,20.127,149.78,76.976
16,16,6.9727,19.555,140.61,71.525
16,16,6.3456,19.978,151.56,79.127
16,16,6.6003,19.507,143.28,73.577
16,16,6.325,19.406,142.33,73.691
16,16,8.6352,19.428,141.79,72.822
16,16,6.1892,19.667,144.73,73.35
16,16,7.2078,19.297,140.77,72.598
16,16,5.8698,19.676,144.15,73.875
16,16,6.5099,19.638,144.14,73.164
16,16,7.0276,19.79,147.5,76.082
16,16,5.8601,20.163,154.81,80.541
16,16,6.5066,19.98,150.76,78.864
16,16,5.4316,20.113,153.57,80.044
16,16,7.4521,20.041,152.6,80.267
16,16,6.5317,19.88,155.1,83.018
16,16,7.171,19.191,137.93,70.542
16,16,7.3672,19.369,136.85,68.938
16,16,6.9499,19.642,142.8,73.342
16,16,7.0997,19.331,138.16,70.839
16,16,9.1707,19.024,136.79,71.594
16,16,6.2311,19.819,148.19,77.667
16,16,5.6929,20.049,155.01,81.977
16,16,6.5608,20.161,151.67,77.122
16,16,7.013,19.119,134.52,67.63
16,16,6.8002,19.781,145.57,73.859
16,16,9.8766,20.275,158.56,85.105
16,16,6.7908,19.957,147.61,74.019
16,16,5.2215,19.907,149.18,77.749
16,16,5.822,19.805,142.47,71.043
16,16,5.3491,19.303,138.86,71.284
16,16,5.037,20.124,152.03,78.283
16,16,6.6393,19.946,146.16,73.162
16,16,5.4495,20.306,158.06,82.874
16,16,6.6491,19.688,144.78,75.039
16,16,5.8089,19.263,143.6,76.974
16,16,6.555,19.909,149.53,77.238
16,16,5.8722,19.998,148.87,76.621
16,16,5.6987,20.156,156.08,81.231
16,16,7.0896,19.206,140.02,72.579
16,16,7.0394,19.54,140.59,70.948
16,16,6.5434,19.955,145.02,72.67
16,16,5.5024,20.031,153.55,79.949
16,16,7.3873,19.57,144.28,74.737
16,16,6.042,19.778,151.12,79.785
16,16,5.746,19.454,142.75,74.085
16,16,5.419,19.795,142.47,71.032
16,16,7.1365,19.565,141.47,71.228
16,16,5.9864,19.934,149,76.402
16,16,6.5356,19.438,144.07,75.809
16,16,7.1236,19.57,144.88,75.066
16,16,6.4605,19.452,140.14,69.46
16,16,5.6375,19.431,141.68,72.958
16,16,5.6285,20.116,154.74,81.174
16,16,5.3451,19.913,150.46,78.184
16,16,6.2134,19.685,144.34,73.656
16,16,6.7995,19.946,151.54,79.288
16,16,6.4255,19.919,149.47,77.294
16,16,5.7745,19.26,139.37,71.509
16,16,5.5968,19.82,150.79,79.412
16,16,6.3255,20.267,154.35,78.857
16,16,6.3061,19.984,149.07,76.461
16,16,5.9537,19.911,144.83,71.869
16,16,6.7864,19.819,147.62,75.613
16,16,7.0343,19.891,148.23,76.727
16,16,4.7188,20.293,154.1,78.839
16,16,7.1357,19.152,137.23,70.579
16,16,5.8736,19.689,143.47,73.021
16,16,5.7786,20.019,150.05,76.946
16,16,5.4451,19.882,145.94,73.629
16,16,6.4386,19.936,147.65,75.077
16,16,6.9977,19.469,142.84,73.679
16,16,6.8633,19.374,140.16,72.433
16,16,6.9205,19.688,142.81,72.13
16,16,7.7469,19.411,142.06,73.786
16,16,6.67,20.319,156.76,81.681
16,16,7.0091,19.436,145.14,77.085
16,16,5.794,19.749,147.89,77.832
16,16,4.9998,20.713,160.67,83.387
16,16,5.5124,20.039,149.77,76.087
16,16,5.8466,20.045,152.24,79.33
16,16,6.3122,19.819,144.93,73.252
16,16,6.9397,19.927,150.12,76.861
16,16,4.9626,20.217,155.94,81.728
16,16,6.8272,19.251,139.41,72.071
16,16,5.8593,19.89,145.36,74.266
16,16,7.554,19.335,137.79,69.76
16,16,6.0634,19.52,146.01,76.913
16,16,5.5841,19.589,143.43,74.011
16,16,7.5568,19.499,144.46,76.386
16,16,5.1088,20.09,156.51,84.516
16,16,4.7902,19.95,144.72,71.281
16,16,5.5717,19.568,143.62,72.885
16,16,6.0657,19.337,139.44,71.28
16,16,5.0372,20.126,154.1,80.597
16,16,6.0629,19.892,148.78,76.384
16,16,6.32,19.804,145.03,73.582
16,16,6.5167,19.388,141.1,72.126
16,16,6.049,20.018,148.64,75.815
16,16,7.2376,19.693,146.58,75.924
16,16,5.1375,19.876,146.92,73.893
16,16,4.8502,19.708,144.72,73.206
16,16,7.9426,19.354,139.64,71.835
16,16,5.8606,19.114,137.62,71.643
16,16,5.5307,20.173,152.62,78.371
16,16,5.6358,19.73,147.29,76.731
16,16,4.0247,20.358,160.16,85.024
16,16,6.1044,19.762,146,75.31
16,16,7.3612,20.109,152.5,79.592
16,16,5.2027,19.837,147.14,76.051
16,16,7.7952,19.443,144.06,75.385
16,16,5.4573,19.538,144.36,74.382
16,16,4.8535,20.022,150.11,78.103
16,16,7.7251,19.769,142.56,71.34
16,16,6.1357,19.885,151.28,79.217
16,16,9.0335,19.313,139.98,72.311
16,16,9.1297,19.495,144.29,75.393
16,16,6.9154,20.127,150.67,77.808
16,16,7.2626,19.857,150,78.357
16,16,6.0615,19.799,148.18,76.704
16,16,6.1711,20.2,152.76,77.785
16,16,6.3968,19.823,145.95,74.361
16,16,6.3337,19.998,147.56,74.909
16,16,5.9658,20.054,152.07,78.926
16,16,4.9648,19.873,151.28,78.752
16,16,6.696,19.722,143.13,72.339
16,16,4.486,20.316,153.82,78.589
16,16,6.9402,19.607,146.06,76.245
16,16,6.1728,19.234,137.85,70.718
16,16,5.2584,20.138,151.66,77.463
16,16,6.8105,19.819,146.14,73.523
16,16,5.6476,19.452,140.08,71.357
16,16,6.6391,19.926,148.8,76.705
16,16,7.2864,19.433,141.43,71.971
16,16,5.5071,19.881,150.68,79.219
16,16,4.8081,20.11,158.74,84.899
16,16,7.8326,19.079,133.1,66.479
16,16,5.9253,19.647,143.65,74.088
16,16,7.8314,19.574,145.23,75.446
16,16,6.9367,19.588,140.99,70.563
16,16,5.7168,19.868,145.94,73.953
16,16,6.2232,19.391,142.51,74.396
16,16,7.3723,19.013,134.21,69.154
16,16,5.7219,19.951,149.1,76.943
16,16,6.8048,19.602,143.66,73.782
16,16,7.7838,19.553,146.06,75.951
16,16,5.5578,19.685,141.79,71.294
16,16,6.7823,19.733,145.55,74.253
16,16,4.82,19.766,147.95,76.838
16,16,6.1127,19.474,143.3,74.097
16,16,6.9917,19.633,145.95,74.811
16,16,6.3265,19.889,145.03,74.009
16,16,7.0933,19.547,145.37,75.992
16,16,6.2587,20.208,158.18,83.986
16,16,6.0993,20.198,154.3,80.029
16,16,5.9912,19.915,148.35,75.3
16,16,6.7982,19.743,151.73,80.288
16,16,6.7549,19.382,143.34,74.895
16,16,6.5492,19.363,138.84,69.552
16,16,5.7935,19.311,142.53,75.006
16,16,5.9104,20.001,150.22,76.938
16,16,6.5743,19.936,150.04,77.699
16,16,5.0199,20.112,155.81,82.205
16,16,7.198,19.634,145.57,74.693
16,16,6.0051,20.276,158.52,83.43
16,16,6.6548,20.041,150.17,76.49
16,16,8.1448,19.381,143,75.019
16,16,7.91,19.597,145.39,75.628
16,16,4.8668,20.198,149.79,76.053
16,16,6.4991,20.204,150.85,76.748
16,16,6.2399,20.087,154.94,82.217
16,16,6.1335,19.64,142.11,72.192
16,16,6.6746,20.019,146.35,73.982
16,16,7.5882,19.403,143.93,75.06
16,16,7.0602,19.349,140.44,72.172
16,16,5.6628,19.683,149.29,78.568
16,16,5.9026,20.03,151.44,78.811
16,16,7.2694,19.585,145.54,76.513
16,16,5.4252,20.107,153.93,80.548
16,16,7.4331,19.469,140.16,71.633
16,16,7.0516,19.938,146.82,73.376
16,16,6.1088,19.96,154.2,82.234
16,16,7.2633,19.696,147.45,77.637
16,16,5.8501,19.513,143.49,73.491
16,16,6.0567,19.587,144.81,75.241
16,16,8.3722,19.168,135.85,68.339
16,16,7.2049,19.73,147.28,76.633
16,16,7.5316,19.277,137.79,70.687
16,16,5.9755,20.507,156.87,79.692
16,16,5.469,19.802,147.19,75.805
16,16,6.6597,19.618,144.2,73.817
16,16,6.2877,19.829,147.31,75.676
16,16,6.8681,19.382,139.93,71.499
16,16,7.3488,19.901,151.22,78.97
16,16,5.9517,20.06,147.92,74.782
16,16,5.6312,20.459,160.5,83.564
16,16,6.3518,20.08,149.99,76.278
16,16,5.9295,19.645,146.48,75.751
16,16,5.0514,20.018,149.33,77.188
16,16,7.8568,19.648,145.43,74.908
16,16,7.7911,19.545,144.72,74.609
16,16,6.3278,19.959,148.33,75.073
16,16,7.907,19.024,133.94,68.563
16,16,6.7561,19.461,140.32,72.17
16,16,7.1387,19.491,141.52,73.4
16,16,6.8423,19.907,146.08,74.018
16,16,4.7354,20.125,154.19,79.29
16,16,6.0978,19.689,144.34,73.713
16,16,5.9967,19.501,145.96,77.291
16,16,5.7563,19.925,150.4,78.794
16,16,8.1441,19.635,144.62,73.995
16,16,8.5672,19.498,138.64,68.977
16,16,6.0858,19.999,151.7,80.336
16,16,5.2872,19.754,144.92,74.189
16,16,6.8001,19.804,144.54,73.861
16,16,5.8803,19.878,146.31,73.985
16,16,8.9195,19.429,141.67,73.506
16,16,6.6186,19.587,143.19,73.432
16,16,6.9501,19.694,145.15,73.372
16,16,5.6818,19.664,144.69,73.774
16,16,7.4324,19.526,139.24,69.88
16,16,6.5583,19.539,140.01,70.123
16,16,7.0369,19.243,140.36,72.234
16,16,5.9211,19.66,141.1,71.578
16,16,5.0045,20.475,158.02,81.125
16,16,6.7391,20.226,155.86,81.248
16,16,5.7497,20.18,152.3,79.028
16,16,7.0705,19.724,147.03,76.428
16,16,5.1374,19.668,145.34,74.978
16,16,6.972,19.16,136.67,69.61
16,16,6.2269,19.656,142.49,72.673
16,16,6.9533,19.58,142.66,72.358
16,16,8.2067,19.565,145.04,75.43
16,16,5.5919,19.868,149.11,77.926
16,16,5.7106,19.54,142,72.628
16,16,6.6382,20.246,153.79,79.226
16,16,5.595,20.064,150.55,76.871
16,16,4.9612,20.244,153.58,78.571
16,16,7.0285,19.153,135.82,68.36
16,16,6.5438,19.552,143.91,75.102
16,16,4.891,19.903,148.68,76.727
16,16,5.3343,20.202,153.45,79.611
16,16,5.7821,19.465,142.83,74.973
16,16,6.5024,20.013,149.88,77.352
16,16,7.29,19.487,139.62,70.85
16,16,7.5444,19.296,137.42,70.45
16,16,8.9694,19.573,143.08,71.745
16,16,6.434,19.832,146.11,75.322
16,16,6.2258,19.4,140.17,71.412
16,16,6.6224,20.026,152.83,79.425
16,16,7.3901,19.37,139.54,70.308
16,16,6.352,20.015,149.35,76.933
16,16,5.8481,19.81,148.2,77.593
16,16,6.4268,20,150.21,77.734
16,16,4.9272,19.673,140.64,70.992
16,16,5.4845,20.748,162.68,85.172
16,16,4.5428,20.412,158.02,82.869
16,16,6.2161,19.152,139.63,72.989
16,16,6.9399,19.517,142.67,72.861
16,16,5.6066,19.897,148.4,76.352
16,16,7.6524,19.538,149.45,79.346
16,16,8.011,19.483,144.84,74.699
16,16,6.4973,20.13,149.47,75.201
16,16,5.9463,19.96,151.91,79.348
16,16,5.7147,19.612,142.95,73.768
16,16,6.1316,19.926,147.24,75.642
16,16,5.5619,20.186,152.5,78.595
16,16,6.876,19.472,147.55,77.779
16,16,6.3408,20.218,151.87,77.315
16,16,7.8105,19.582,143.92,74.373
16,16,5.7438,20.006,148.15,75.483
16,16,5.7891,19.72,143.49,72.612
16,16,5.8872,19.732,146.02,74.967
16,16,6.6179,19.85,152.33,79.887
16,16,7.8867,19.353,141.57,73.865
16,16,8.1965,19.225,136.93,69.647
16,16,8.1604,19.522,140.02,70.87
16,16,6.5699,19.616,148.32,77.7
16,16,7.9457,19.684,145.33,74.763
16,16,5.8877,19.9,144.27,72.005
16,16,5.9073,20.427,159.07,83.024
16,16,5.3633,19.784,148.03,78.212
16,16,7.0778,19.829,146.83,75.531
16,16,5.0714,19.9,151.86,79.577
16,16,5.1224,19.861,148.03,76.974
16,16,6.0408,20.288,156.51,82.015
16,16,7.6281,19.375,137.18,68.567
16,16,9.2833,19.768,146.55,74.749
16,16,4.7307,19.99,149.93,77.341
16,16,5.9345,19.874,146.36,75.181
16,16,8.6378,18.479,127.67,66.136
16,16,7.9378,19.545,140.74,71.878
16,16,7.265,19.984,151.03,78.161
16,16,9.1689,19.295,138.86,71.672
16,16,6.7951,19.211,138.26,71.12
16,16,4.789,20.254,154.89,79.838
16,16,6.3841,19.564,141.65,72.045
16,16,5.2858,19.533,145.95,77.214
16,16,7.7836,20,149.38,77.149
16,16,6.8577,19.896,146.08,73.95
16,16,5.792,20.074,149.98,76.889
16,16,6.3985,19.766,142.89,71.478
16,16,6.8178,19.583,146.59,76.237
16,16,7.6803,19.594,145.5,74.896
16,16,6.2765,19.911,146.72,74.761
16,16,6.0014,20.042,149.77,76.411
16,16,5.974,20.04,149.85,77.739
16,16,7.0403,19.528,144.28,74.343
16,16,5.4353,19.998,147.36,73.587
16,16,8.26,19.622,147.87,77.658
16,16,4.8512,19.959,148.58,76.057
16,16,6.8735,19.68,142.35,71.781
16,16,7.512,19.595,147.29,77.731
16,16,6.4786,19.647,146.4,75.865
16,16,5.8145,20.126,152.36,78.432
16,16,5.2263,20.058,153.31,80.168
16,16,6.5871,20.026,152.9,80.267
16,16,6.52,20.103,153.11,80.059
16,16,6.2483,19.268,139.32,71.925
16,16,8.6263,19.035,134.43,67.604
16,16,5.6208,19.519,145.63,75.623
16,16,7.2551,19.69,146.94,76.557
16,16,7.7512,19.646,146.42,76.665
16,16,4.799,20.6,156.26,80.221
16,16,7.0737,19.922,147.21,74.912
16,16,8.1898,19.247,139.01,71.698
16,16,7.7937,20.064,152.8,79.683
16,16,6.0009,19.903,148.52,75.991
16,16,6.7972,19.595,139.99,70.377
16,16,8.873,19.339,140.66,72.051
16,16,5.549,19.748,147.27,76.635
16,16,6.3634,19.577,145.64,75.623
16,16,5.48,20.49,158.23,81.474
16,16,5.886,19.802,150.77,79.677
16,16,7.4424,19.274,136.19,68.653
16,16,6.9043,19.772,149.45,77.874
16,16,8.5709,19.195,134.09,67.475
16,16,8.9109,19.283,140.93,73.089
16,16,4.4319,20.711,160.3,82.522
16,16,5.113,20.863,165.73,87.508
16,16,6.584,20.291,155.68,80.638
16,16,8.3494,19.554,139.26,69.606
16,16,8.1094,19.81,148.18,77.325
16,16,5.9189,19.923,146.38,74.125
16,16,6.961,18.856,133.13,68.346
16,16,5.6887,19.605,141.96,71.835
16,16,5.656,19.583,145.38,76.144
16,16,5.3828,20.356,155.03,78.983
16,16,6.0596,20.577,158.68,82.584
16,16,5.1949,19.717,148.87,78.945
16,16,5.9456,19.776,143.51,72.79
16,16,6.7976,19.395,141.23,72.101
16,16,5.2994,20.269,156.96,82.142
16,16,5.2794,19.79,147.76,76.742
16,16,6.4675,19.497,142.34,72.209
16,16,6.7908,19.513,142.82,74.132
16,16,7.6144,19.715,147.37,76.522
16,16,7.2152,19.438,143.23,74.079
16,16,6.9365,19.667,146.34,76.138
16,16,7.7731,19.328,139.97,72.007
16,16,6.2764,19.137,133.23,65.6
16,16,6.0001,19.41,141.28,72.322
16,16,5.2015,19.966,152.27,79.816
16,16,5.1646,20.114,153.31,79.249
16,16,5.9708,19.986,146.11,73.328
16,16,5.1495,19.843,145.99,75.089
16,16,6.3567,19.529,142.24,72.888
16,16,6.2559,19.809,148.21,77.043
16,16,6.3253,19.419,139.71,70.884
16,16,5.649,19.436,143.18,75.132
16,16,6.0636,20.042,151.02,77.65
16,16,7.0626,19.425,139.41,71.424
16,16,6.9892,19.667,147.09,76.972
16,16,5.8964,19.917,152.26,80.086
16,16,6.6675,19.634,141.41,71.366
16,16,6.5255,19.56,140.35,70.107
16,16,6.8138,19.869,151.26,79.714
16,16,8.9284,19.782,150.28,79.802
16,16,7.5614,19.901,148,75.597
16,16,6.0172,19.972,149.18,76.905
16,16,4.6483,19.9,148.5,77.05
16,16,6.1798,20.376,161.02,86.198
16,16,5.2745,20.011,150.03,77.54
16,16,5.8715,19.95,149.24,76.237
16,16,6.021,19.797,149.42,77.954
16,16,5.9351,19.817,145.84,73.984
16,16,7.0165,19.79,148.2,76.672
16,16,6.3354,19.812,146.87,75.629
16,16,6.571,19.651,145.31,74.428
16,16,5.8879,19.699,141.44,70.683
16,16,7.0997,19.767,145.75,74.131
16,16,5.0997,20.108,154.4,80.047
16,16,8.2076,19.749,148.51,78.642
16,16,5.9581,19.931,149.24,77.869
16,16,5.3046,20.262,155.42,80.711
16,16,6.5444,19.882,148.12,76.568
16,16,5.6167,20.383,157.11,81.304
16,16,6.4282,19.924,147.63,76.048
16,16,5.4057,20.584,158.09,81.345
16,16,4.3693,20.187,157.34,83.375
16,16,5.506,19.484,141.96,72.297
16,16,8.1554,19.14,134.94,68.08
16,16,6.6176,19.721,146.72,75.53
16,16,5.6424,19.716,147.78,77.186
16,16,6.387,19.592,141.27,71.328
16,16,6.0965,20.01,148,76.225
16,16,5.0235,20.051,151.48,78.298
16,16,4.8924,20.358,157.24,81.032
16,16,7.6317,19.325,139.22,70.945
16,16,6.6362,19.755,149.2,78.482
16,16,7.0569,19.395,140.49,71.542
16,16,5.5002,20.049,153.97,81.155
16,16,5.695,19.981,149.93,77.503
16,16,7.6004,19.266,138.65,70.735
16,16,7.7993,19.376,140.53,71.731
16,16,6.1066,19.871,145.78,73.794
16,16,5.7605,19.565,148.25,78.909
16,16,8.9668,19.65,142.4,72.433
16,16,6.227,19.95,149.13,76.661
16,16,6.9727,19.51,141.01,72.149
16,16,9.0183,19.236,136.74,69.564
16,16,6.3238,19.502,145.99,77.892
16,16,5.6013,19.993,151.08,77.629
16,16,6.2389,19.357,140.49,71.821
16,16,7.4462,20.007,154.43,81.682
16,16,6.2785,19.567,145.94,76.162
16,16,6.9326,19.709,142.7,70.921
16,16,6.8615,19.843,146.17,74.811
16,16,5.8099,19.97,151.34,78.48
16,16,5.6577,19.872,149.71,78.777
16,16,5.4468,20.047,149.04,75.206
16,16,7.3054,19.559,139.24,69.239
16,16,5.0476,19.694,148.51,77.914
16,16,5.5488,19.762,147.36,76.987
16,16,5.4242,19.821,151.18,79.853
16,16,6.4722,20.246,153.72,79.339
16,16,7.5527,19.317,132.18,64.445
16,16,5.3764,20.055,153.21,80.156
16,16,6.0957,20.131,151.13,76.372
16,16,5.6039,19.754,148.02,77.426
16,16,5.7911,20.22,151.28,77.184
16,16,6.3082,20.326,158.08,82.394
16,16,5.5091,19.906,145.88,72.719
16,16,5.8183,19.948,151.98,78.491
16,16,6.2169,19.908,149.49,77.976
16,16,7.6887,19.989,150.87,78.066
16,16,5.3949,20.291,155.85,80.535
16,16,6.9824,19.436,140.6,72.257
16,16,7.988,19.292,141.29,73.108
16,16,4.925,20.101,149.75,76.55
16,16,4.6629,20.376,159.34,83.681
16,16,6.0246,19.351,140.89,72.99
16,16,5.7322,20.12,150.36,76.007
16,16,8.2899,19.687,139.15,67.615
16,16,6.839,19.496,140.18,71.349
16,16,5.7117,19.771,144.11,73.061
16,16,7.6107,19.384,141.57,72.879
16,16,6.9884,19.517,143.41,73.478
16,16,7.574,19.497,141.21,71.174
16,16,6.4771,19.423,138.07,67.936
16,16,7.058,19.601,140.61,70.279
16,16,5.0691,20.224,153.76,79.219
16,16,8.2813,19.292,138.05,70.137
16,16,7.4592,19.84,144.51,73.569
16,16,5.8377,19.482,142.84,73.087
16,16,4.7328,19.817,149.79,78.943
16,16,6.5833,19.463,141.17,73.301
16,16,5.5839,19.813,146.26,74.939
16,16,7.0886,20.303,158.48,84.282
16,16,8.1058,18.483,128.36,66.304
16,16,7.7915,19.365,140.28,72.003
16,16,5.9932,20.134,152.06,79.073
16,16,5.4234,19.678,148.48,78.658
16,16,7.3848,19.523,142.49,73.402
16,16,6.0296,19.627,144.63,74.013
16,16,6.5275,19.297,137.49,68.897
16,16,6.5892,19.745,146.45,75.924
16,16,5.3659,19.956,150.15,77.435
16,16,5.689,19.6,141.3,72.561
16,16,6.3464,19.821,148.96,76.878
16,16,7.5429,20.079,151.5,78.324
16,16,7.3973,19.723,151.11,80.563
16,16,5.8732,19.631,142.16,71.344
16,16,6.9404,19.383,143.61,76.399
16,16,6.1125,19.517,143.29,74.717
16,16,10.368,18.499,126.26,64.272
16,16,6.4042,19.521,143.15,74.604
16,16,7.7681,19.886,152.36,80.771
16,16,6.2915,20.103,150.8,77.282
16,16,7.4057,19.563,144.01,74.748
16,16,5.6702,19.819,150.09,77.773
16,16,6.3673,19.971,148.25,75.365
16,16,7.1067,19.487,145.46,75.801
16,16,6.1595,19.468,136.64,67.149
16,16,7.6281,19.163,137.06,69.161
16,16,9.1463,19.155,137.04,70.442
16,16,7.0944,19.309,139.76,72.275
16,16,6.139,20.176,154.95,80.898
16,16,6.8281,19.753,146.95,76.06
16,16,6.3459,19.556,141.34,71.863
16,16,5.8712,19.648,140.88,70.761
16,16,7.0327,20.264,155.76,81.385
16,16,4.9704,20.131,148.5,74.263
16,16,7.2112,19.427,141.16,72.171
16,16,7.3035,19.451,139.06,70.38
16,16,5.1265,19.871,147.2,75.696
16,16,7.8052,19.559,143.96,74.273
16,16,6.6944,20.115,154.44,80.919
16,16,8.3312,19.393,141.4,72.258
16,16,6.3884,19.847,149.92,77.913
16,16,6.6436,19.722,145.9,74.734
16,16,7.0027,19.85,145,73.077
16,16,5.9779,19.493,147.5,78.709
16,16,7.4302,19.537,148.37,79.03
16,16,5.3827,19.853,147.91,76.915
16,16,7.274,19.002,134.46,68.124
16,16,5.1331,20.331,151.85,75.836
16,16,6.719,20.182,155.97,82.283
16,16,6.7463,19.831,143.19,72.202
16,16,7.2964,19.465,145.03,75.949
16,16,6.9269,19.718,144.47,74.436
16,16,8.3146,19.055,133.72,67.536
16,16,6.7296,19.778,146.81,75.637
16,16,6.9812,19.835,148.69,76.446
16,16,7.3407,19.822,145.18,74.187
16,16,6.4633,19.729,149.48,78.832
16,16,5.6992,19.645,146.84,76.701
16,16,6.4101,19.289,139,71.739
16,16,6.8761,19.201,138.1,72.126
16,16,5.4771,19.731,142.85,71.814
16,16,5.3403,20.061,148.39,75.667
16,16,6.3548,19.981,149.53,76.732
16,16,5.249,19.697,141.31,70.995
16,16,6.043,19.474,141.71,71.871
16,16,8.4143,19.095,139.62,73.349
16,16,6.9088,19.604,147.99,77.479
16,16,6.6146,19.718,145.08,74.489
16,16,8.8426,19.226,138.43,70.902
16,16,6.7269,19.368,143.16,75.839
16,16,6.7159,20.031,149.33,75.905
16,16,7.1402,19.78,145.14,73.013
16,16,5.803,20.084,152.42,78.347
16,16,7.2892,19.977,148.09,75.459
16,16,6.3052,19.688,147.61,77.616
16,16,5.161,20.019,149.78,76.396
16,16,6.9966,19.506,140.51,71.771
16,16,7.4599,19.151,140.81,74.356
16,16,5.9372,20.07,151.85,79.309
16,16,8.1276,19.718,146.69,74.885
16,16,5.6276,20.21,153.78,79.279
16,16,6.3391,19.831,146.93,74.072
16,16,6.7396,20.29,154.93,79.616
16,16,6.7821,18.965,132.67,67.358
16,16,6.01,20.111,153.06,78.764
16,16,5.7643,19.789,150.42,79.202
16,16,6.8039,19.591,144.59,75.472
16,16,6.5408,19.74,145.89,75.302
16,16,4.986,20.127,154.42,81.494
16,16,7.2578,19.781,147.03,76.149
16,16,6.621,19.862,148.69,76.445
16,16,8.1785,19.63,142.09,72.835
16,16,8.7239,19.449,141.19,71.81
16,16,5.8741,19.917,152.69,80.463
16,16,6.4044,19.593,144.08,74.163
16,16,8.2008,19.849,145.44,74.03
16,16,6.1282,20.074,151.77,78.995
16,16,6.9396,19.125,137.27,70.832
16,16,8.9824,19.152,138.48,72.248
16,16,6.3519,19.707,153.21,82.212
16,16,9.4363,18.998,136.66,70.567
16,16,6.9136,19.926,154.45,82.804
16,16,5.1403,20.13,153.48,80.069
16,16,6.8491,19.386,136.85,68.054
16,16,8.7042,19.049,136.15,70.569
16,16,8.0907,19.554,136.38,66.613
16,16,5.2546,19.721,149.72,78.317
16,16,6.7907,19.778,146.6,74.806
16,16,6.8376,20.057,148.79,76.986
16,16,5.8685,19.888,147.96,76.064
16,16,6.6848,19.613,142.62,72.713
16,16,5.744,20.002,152.94,80.952
16,16,6.1854,19.516,142.13,72.482
16,16,5.6193,19.607,140.72,71.163
16,16,6.1616,20.29,156.68,81.557
16,16,6.1255,19.564,140.58,71.31
16,16,4.867,20.077,151.64,78.339
16,16,7.6489,19.292,133.98,65.906
16,16,5.633,20.182,154.1,80.796
16,16,8.4386,19.496,142.04,72.448
16,16,5.1889,20.044,152.21,79.492
16,16,4.911,19.688,143.36,72.064
16,16,4.6266,19.885,145.61,74.985
16,16,7.7818,19.474,142.39,74.542
16,16,7.7061,19.067,133.27,66.969
16,16,5.4737,20.313,150.63,76.008
16,16,6.4672,19.794,146.59,75.17
16,16,6.3067,20.16,158.52,85.728
16,16,4.8953,20.338,156.18,80.532
16,16,5.8619,19.524,142.51,73.094
16,16,5.6612,19.713,145.24,73.729
16,16,5.5996,20.157,154.37,81.308
16,16,5.7796,19.515,143.37,74.093
16,16,5.5067,20.133,152.92,79.73
16,16,6.1963,19.8,150.76,79.366
16,16,7.1695,19.781,147,76.402
16,16,6.5218,19.077,134.63,69.73
16,16,5.6533,19.567,144.13,74.93
16,16,5.3381,19.608,143.79,73.217
16,16,5.4273,19.603,145.22,74.804
16,16,8.0186,19.438,140.42,70.511
16,16,6.3311,19.921,152.43,80.498
16,16,7.0683,19.577,140.36,71.354
16,16,7.7723,19.747,145.27,74.725
16,16,6.0029,20.095,150.66,76.473
16,16,5.952,19.846,148.1,76.175
16,16,5.6019,19.69,142.21,71.961
16,16,5.1202,19.918,151.22,79.444
16,16,5.1206,19.942,150.44,78.45
16,16,5.7411,19.547,147.31,77.382
16,16,6.9833,19.333,139.2,71.621
16,16,4.3655,20.042,152.31,79.622
16,16,5.9838,20.025,149.22,75.323
16,16,5.6191,20.13,155.03,82.568
16,16,4.7531,19.569,142.69,73.156
16,16,5.8793,19.536,143.31,74.343
16,16,5.1206,20.038,154.38,82.021
16,16,5.7494,19.645,142.32,71.873
16,16,7.8895,19.305,138.03,70.636
16,16,6.452,19.494,143.24,74.191
16,16,6.4676,19.378,139.42,70.98
16,16,6.1298,19.852,146.88,74.439
16,16,6.5434,19.551,144.28,75.374
16,16,6.3159,19.869,152.41,82.285
16,16,6.288,20.098,150.14,76.157
16,16,5.5168,19.944,148.6,74.732
16,16,6.8543,19.33,138.73,70.952
16,16,5.7522,19.79,145.63,73.865
16,16,6.9684,19.703,147.77,77.16
16,16,5.3751,19.893,145.36,73.109
16,16,5.3581,19.829,148.65,77.314
16,16,4.9973,20.104,153,78.778
16,16,6.7583,18.945,131.24,65.244
16,16,6.7267,19.962,150.52,78.906
16,16,6.9775,19.813,148.06,76.479
16,16,6.9015,19.577,142.42,73.072
16,16,5.0389,19.788,148.91,77.333
16,16,5.6498,19.419,143.31,75.307
16,16,4.91,20.216,156.86,81.866
16,16,5.8654,19.866,147.33,76.217
16,16,4.336,19.917,147.32,76.058
16,16,4.8502,19.762,147.56,76.731
16,16,6.0271,20.003,152,79.187
16,16,6.2443,19.828,144.06,71.898
16,16,7.9829,19.867,148.8,76.791
16,16,4.5589,20.186,154.87,80.869
16,16,5.2888,20.186,157.13,82.736
16,16,7.47,19.755,148.55,78.195
16,16,5.9602,19.618,148.56,78.924
16,16,8.0906,19.692,145.5,74.932
16,16,6.889,19.515,141.88,72.006
16,16,5.838,20.043,153.12,79.917
16,16,5.8778,19.963,149.56,77.865
16,16,6.7536,19.521,141.77,72.804
16,16,4.2972,19.875,147.68,75.743
16,16,8.0208,19.285,140.75,71.976
16,16,6.4143,19.843,150.39,78.352
16,16,7.0382,19.438,145.21,76.451
16,16,7.0267,19.23,138.19,70.998
16,16,6.9327,19.593,141.2,70.963
16,16,6.111,19.527,142.48,72.817
16,16,6.9066,19.559,144.03,73.765
16,16,8.2697,19.709,144.11,73.654
16,16,5.975,20.45,161.4,85.612
16,16,6.1203,19.223,134.4,66.993
16,16,6.9428,19.657,145.58,74.851
16,16,6.0598,19.765,146.41,75.361
16,16,6.7473,19.602,141.28,70.767
16,16,7.872,19.293,142,74.016
16,16,8.1483,19.813,147.29,75.005
16,16,7.3972,19.7,145.84,75.819
16,16,7.8174,19.478,142.34,74.312
16,16,5.6677,20.177,154.81,80.192
16,16,4.7358,20.424,157.97,82.355
16,16,6.7336,19.918,149.54,76.706
16,16,5.1091,20.463,157.99,81.93
16,16,6.5183,20.327,156.51,81.164
16,16,6.4029,19.818,147.39,75.638
16,16,7.6291,19.768,142.83,72.51
16,16,5.9468,19.716,141.25,70.299
16,16,7.6306,19.249,139.56,72.636
16,16,5.4207,19.527,146.52,77.768
16,16,5.3477,19.767,143.2,71.569
16,16,6.7534,19.804,144.9,73.984
16,16,5.2047,19.949,148.76,75.982
16,16,9.9099,18.839,130.59,65.341
16,16,6.6472,19.732,147,76.897
16,16,7.9229,19.574,140.81,71.836
16,16,7.3766,19.3,138.83,70.968
16,16,7.7954,19.852,152.46,80.625
16,16,8.7766,19.212,134.96,68.654
16,16,7.7809,19.326,140.49,72.039
16,16,5.5883,19.515,141.11,72.357
16,16,4.6511,20.116,151.13,77.4
16,16,8.0639,20.012,148.52,75.94
16,16,6.4561,19.823,150.92,79.365
16,16,5.6593,19.343,142.2,74.014
16,16,4.9886,19.945,149.33,76.281
16,16,7.0942,19.505,141.06,71.905
16,16,6.1556,19.525,143.22,72.439
16,16,4.7791,19.657,142.87,72.101
16,16,7.0042,19.456,141.85,72.846
16,16,5.4939,20.056,151.42,79.494
16,16,6.5921,19.318,135.23,67.932
16,16,6.8898,20.001,147.01,74.376
16,16,6.8355,19.445,142.49,73.633
16,16,4.635,20.036,147,74.533
16,16,4.7678,19.95,155.87,83.15
16,16,6.0154,19.687,149.91,79.713
16,16,5.8314,20.069,153.59,79.86
16,16,6.2638,19.751,145.02,73.15
16,16,6.4119,20.225,155.2,81.158
16,16,6.824,19.702,143.19,72.418
16,16,8.1655,19.76,145.27,73.629
16,16,6.2551,20.146,150.46,77.095
16,16,4.7993,20.131,154.28,81.859
16,16,4.4911,20.215,157.03,83.667
16,16,5.8219,19.695,144.84,73.753
16,16,5.0816,20.424,155.72,79.538
16,16,6.6091,19.43,139.69,70.288
16,16,6.7835,19.505,143.95,74.498
16,16,5.1424,20.19,149.05,75.473
16,16,7.5636,19.265,139.45,71.37
16,16,5.7756,20.423,158.4,82.501
16,16,5.9524,19.641,143.51,74.094
16,16,7.4952,19.221,138.54,70.528
16,16,6.1699,19.292,137.95,70.106
16,16,6.5137,19.654,143.21,72.094
16,16,6.9112,19.522,140.68,71.937
16,16,5.5236,19.76,150.37,79.224
16,16,4.4278,20.103,155.51,80.989
16,16,5.1207,20.416,156.09,80.857
16,16,5.0468,20.328,156.67,82.182
16,16,4.9577,20.07,154.19,80.461
16,16,6.3585,19.984,154,81.42
16,16,7.7176,19.289,138.88,71.176
16,16,5.8631,19.45,140.67,72.494
16,16,9.006,19.316,139.31,71.689
16,16,5.8468,20.265,156.89,83.449
16,16,6.961,19.345,136.91,68.585
16,16,4.864,20.202,157.23,82.686
16,16,6.8839,19.688,144.85,74.859
16,16,7.6663,19.705,146.46,75.172
16,16,8.057,19.895,144.12,71.443
16,16,6.8449,19.696,147.14,76.284
16,16,7.2337,19.936,147.24,74.024
16,16,5.2988,19.875,147.16,75.069
16,16,7.8097,19.537,143.66,74.41
16,16,7.9013,19.173,136.94,70.805
16,16,5.9912,19.64,146.29,76.045
16,16,6.9129,19.813,146.76,76.078
16,16,7.0683,19.696,144.34,73.835
16,16,6.5518,19.67,138.74,67.99
16,16,4.8718,20.144,153.62,80.209
16,16,6.6945,19.605,147.13,76.597
16,16,6.9983,19.432,142.52,74.396
16,16,5.259,19.583,144.82,74.788
16,16,5.3744,20.034,151.61,78.818
16,16,6.871,19.656,145.71,74.728
16,16,7.0057,19.503,140.94,72.57
16,16,7.419,19.068,134.22,68.847
16,16,5.0765,19.238,138.9,70.114
16,16,5.3667,19.816,146.99,76.273
16,16,5.9578,19.892,147.86,75.015
16,16,6.2319,19.711,146.73,77.218
16,16,6.9277,19.718,145.67,75.575
16,16,7.0222,19.627,144.03,74.138
16,16,6.0335,19.916,143.91,70.974
16,16,7.2577,19.556,140.34,70.983
16,16,6.5857,19.897,148.36,75.356
16,16,6.9657,19.931,149.35,76.981
16,16,6.592,19.579,146.27,76.295
16,16,6.8166,19.683,149.44,79.015
16,16,6.6215,19.402,136.43,67.426
16,16,6.1223,19.895,148.39,76.856
16,16,6.1986,19.723,144.55,73.434
16,16,6.8386,19.727,145.93,75.213
16,16,8.2771,19.522,144.14,74.262
16,16,5.5849,19.603,145.52,74.664
16,16,6.2604,19.508,144.44,75.073
16,16,5.7078,20.307,157.18,82.362
16,16,5.7393,20.172,152.11,77.577
16,16,6.1657,20.065,148.84,76.603
16,16,6.1317,19.612,144.95,74.454
16,16,6.3211,19.636,141.94,71.663
16,16,6.0108,19.443,141.81,73.903
16,16,8.3958,19.799,148.41,76.585
16,16,7.1521,19.374,138.24,70.891
16,16,5.5787,20.207,155.77,81.091
16,16,5.4238,19.642,146.95,75.819
16,16,5.6047,20.446,156.19,79.955
16,16,6.5632,20.082,153.73,79.852
16,16,6.109,19.773,149.38,78.291
16,16,6.7881,19.341,141.92,73.869
16,16,5.5754,19.877,145.36,72.72
16,16,5.0422,19.439,140.72,72.176
16,16,5.7169,20.061,151.3,77.574
16,16,6.5473,19.839,146.95,75.038
16,16,6.4643,19.854,143.75,70.756
16,16,4.8722,19.955,151.71,79.486
16,16,7.3901,19.607,144.14,74.386
16,16,5.6953,20.286,154.26,79.056
16,16,6.6078,19.7,142.98,73.218
16,16,4.9492,19.932,152.69,80.326
16,16,5.6036,19.608,143.73,74.223
16,16,6.6595,19.594,140.11,70.41
16,16,7.2465,19.493,145.13,75.64
16,16,5.704,20.104,151.35,78.304
16,16,6.7343,19.396,140.81,70.731
16,16,6.3716,19.762,146.94,75.996
16,16,5.5686,20.054,150.98,77.909
16,16,6.4862,19.55,141.96,72.686
16,16,5.6278,19.575,145.88,76.469
16,16,5.935,19.862,154.22,82.896
16,16,5.9523,19.975,149.17,76.695
16,16,5.7179,19.873,148.14,75.717
16,16,7.1417,19.147,134.4,67.382
16,16,7.4906,19.426,140.13,70.664
16,16,5.4737,20.057,152.97,81.597
16,16,5.1322,19.87,148.15,75.761
16,16,7.2819,19.483,146.03,76.368
16,16,8.1018,19.624,143.21,72.299
16,16,7.118,20.024,151.04,77.835
16,16,6.5069,19.683,143.07,72.285
16,16,5.2473,19.882,145.68,74.004
16,16,7.2106,19.28,139.36,72.295
16,16,6.8255,19.507,144.72,75.369
16,16,7.3113,19.211,138.27,70.893
16,16,5.5599,20.319,155.53,79.655
16,16,5.5158,20.155,157.16,83.853
16,16,5.7212,19.739,146.39,74.42
16,16,7.6118,19.395,140.08,71.248
16,16,7.5429,19.312,142.09,73.585
16,16,7.4922,19.945,149.02,76.308
16,16,6.4685,20.02,153.06,80.397
16,16,7.8218,18.865,129.36,64.17
16,16,5.6473,19.734,148.46,77.931
16,16,5.971,20.417,156.43,80.482
16,16,7.9182,19.783,146.48,75.245
16,16,5.7726,20.374,158.8,83.033
16,16,6.929,19.129,136.98,70.695
16,16,5.0833,20.118,153.87,79.603
16,16,5.4079,19.803,149.21,77.545
16,16,7.7198,19.513,141.63,72.578
16,16,7.3561,20.125,154.63,81.432
16,17,5.6577,19.968,147.68,74.762
16,17,6.3398,20.032,149.39,77.732
16,17,5.8877,19.91,150.95,79.223
16,17,7.4562,19.393,143.4,74.924
16,17,7.803,19.286,137.64,70.309
16,17,8.4826,19.576,144.57,74.269
16,17,5.843,20.416,156.44,80.28
16,17,6.5875,19.484,141.59,72.783
16,17,6.7615,19.69,144.62,74.873
16,17,5.9247,20.249,156.27,81.43
16,17,6.941,20.366,155.06,79.852
16,17,7.4845,19.899,146.61,74.539
16,17,6.742,20.301,150.58,75.603
16,17,7.2987,19.621,145.97,75.442
16,17,5.2203,20.056,152.53,79.779
16,17,7.2685,19.799,147.37,75.594
16,17,5.6756,20.363,157.44,82.018
16,17,6.3815,20.042,151.76,77.64
16,17,6.1122,19.838,149.87,78.143
16,17,4.8911,20.238,155.31,80.978
16,17,6.6604,20.021,151.22,78.467
16,17,7.0078,19.433,140.49,71.593
16,17,5.0402,20.512,161.47,85.378
16,17,5.4876,20.358,154.79,80.467
16,17,5.4225,19.792,144.51,72.842
16,17,4.8321,20.379,153.5,77.904
16,17,6.6898,19.916,148.59,75.452
16,17,5.651,19.879,147.99,77.424
16,17,5.805,19.515,145.22,76.396
16,17,8.3394,19.749,148.95,77.917
16,17,6.3638,19.864,149.71,78.038
16,17,6.8443,19.811,147.69,76.638
16,17,6.1062,19.92,149.67,78.128
16,17,6.6553,19.853,148.27,76.173
16,17,6.2119,19.918,151.16,78.504
16,17,6.3366,20.311,152.91,76.834
16,17,6.6537,19.644,144.17,73.967
16,17,5.8482,19.721,147.76,76.314
16,17,6.5581,20.069,147.29,73.69
16,17,6.5493,20.148,152.62,79.019
16,17,6.0627,19.933,149.64,77.352
16,17,8.9975,19.635,144.74,74.287
16,17,6.0201,19.655,145.18,74.646
16,17,7.906,19.756,146.78,75.779
16,17,6.2454,20.216,159.22,83.96
16,17,6.579,19.978,150.9,78.461
16,17,8.0133,19.6,147.03,77.861
16,17,5.8972,19.73,149.33,78.347
16,17,5.633,19.922,151.24,79.174
16,17,4.8433,20.827,163.73,83.986
16,17,6.1217,19.623,143.68,73.346
16,17,5.2328,20.132,151.82,78.414
16,17,6.1369,20.164,152.56,78.489
16,17,5.6379,19.966,151.49,78.885
16,17,5.3761,20.339,157.69,82.223
16,17,5.4981,20.164,156.6,82.712
16,17,8.5603,19.821,149.96,78.311
16,17,7.2139,19.552,143.65,74.185
16,17,5.5054,19.838,149.4,78.051
16,17,6.6597,20.273,159.8,84.921
16,17,6.4483,20.215,154.2,80.049
16,17,7.8502,19.957,147.46,74.897
16,17,7.6334,19.384,139.47,70.009
16,17,9.4017,19.519,142.86,73.637
16,17,7.3822,19.422,142.65,73.573
16,17,6.5172,20.073,153.06,79.863
16,17,6.5141,20.042,151.25,78.408
16,17,5.6592,19.759,146.48,75.598
16,17,5.164,20.216,157.2,82.263
16,17,6.853,19.704,146.85,75.868
16,17,6.3811,19.42,140.62,71.801
16,17,6.4586,20.327,152.15,77.043
16,17,8.8678,19.306,139.47,71.338
16,17,7.3746,19.67,146.99,76.21
16,17,6.1496,20.128,152.96,78.758
16,17,7.5079,19.672,142.01,71.719
16,17,6.8029,19.84,146.83,75.936
16,17,5.3138,20.351,154.84,79.736
16,17,6.5147,19.773,145.67,73.934
16,17,8.8579,19.573,143.66,74.092
16,17,5.5391,19.959,152.08,79.829
16,17,7.0698,19.773,148.31,76.808
16,17,4.8153,20.41,161.06,86.107
16,17,6.6711,19.287,139.25,71.97
16,17,5.6197,19.952,150.38,77.877
16,17,6.1573,20.282,156.02,81.122
16,17,7.2038,19.897,151.63,79.87
16,17,6.3,20.342,155.59,81.581
16,17,6.6063,19.613,145.02,75.276
16,17,6.5878,19.994,152.25,79.259
16,17,6.8908,19.923,151.43,79.097
16,17,6.2414,19.599,149.85,80.403
16,17,6.1656,19.959,146.5,74.077
16,17,7.5221,19.573,145.47,76.422
16,17,5.9956,20.23,154.4,80.658
16,17,6.1749,20.454,159.33,83.498
16,17,5.8503,20.087,155.91,82.629
16,17,5.1064,20.251,154.79,80.295
16,17,5.3684,19.892,150.23,77.842
16,17,5.5275,19.801,150.5,79.219
16,17,7.0468,19.902,150.85,79.036
16,17,7.31,19.838,145.86,74.415
16,17,6.5845,20.098,151.53,77.467
16,17,6.1914,19.587,145.86,75.547
16,17,5.4421,19.995,148.28,75.159
16,17,4.6395,19.827,149.49,76.972
16,17,7.0789,18.935,132.53,67.453
16,17,5.5729,20.493,157.38,80.383
16,17,7.2843,19.842,147.36,75.529
16,17,6.1217,19.243,140.54,73.787
16,17,7.3504,19.057,134.32,68.937
16,17,5.8916,19.636,144.08,74.308
16,17,9.5559,19.734,148.14,76.859
16,17,6.2581,19.685,147.46,76.634
16,17,5.7562,19.851,148.17,76.308
16,17,7.1755,19.966,155.1,82.968
16,17,6.4276,19.68,145.34,74.536
16,17,6.7597,20.376,159.68,83.62
16,17,5.889,19.924,149.63,77.431
16,17,7.3445,19.442,139.18,71.13
16,17,7.2679,19.001,134.21,69.83
16,17,6.9627,20.051,153.39,81.032
16,17,7.4663,19.93,150.8,79.101
16,17,7.0458,19.494,139.85,70.012
16,17,8.3884,19.681,152.17,81.451
16,17,5.281,20.036,151.99,78.937
16,17,5.2491,19.478,148.05,79.771
16,17,6.5173,20.012,153.75,79.732
16,17,7.8535,20.09,156.22,83.057
16,17,5.7457,20.176,152.86,77.671
16,17,6.6508,20.07,152.23,78.978
16,17,7.0442,20.449,157.68,81.687
16,17,6.7234,20.286,154.56,79.757
16,17,4.2659,20.526,160.27,85.027
16,17,5.8785,20.21,156.02,81.906
16,17,7.7327,20.324,160.61,84.669
16,17,4.8737,20.217,152.66,77.833
16,17,5.356,20.094,153.35,80.092
16,17,7.1222,20.065,157.08,84.636
16,17,6.7937,19.877,152.26,80.518
16,17,7.2468,19.705,148.47,77.403
16,17,6.9626,19.741,151.23,80.05
16,17,5.0729,20.533,161.69,84.452
16,17,7.0532,20.043,154.1,80.715
16,17,6.2231,19.801,154.14,82.58
16,17,4.8102,20.309,157.72,81.747
16,17,5.7738,19.785,148.5,77.726
16,17,5.6023,20.236,153.98,79.171
16,17,6.0623,20.52,156.23,80.062
16,17,6.5405,19.718,147.69,77.188
16,17,7.3885,19.433,139.85,70.77
16,17,7.0229,19.679,145.36,75.692
16,17,5.9256,19.928,151.78,79.636
16,17,6.2249,20.661,159.6,82.203
16,17,6.1288,20.319,160.91,85.977
16,17,5.6796,20.251,159.66,83.807
16,17,6.2365,19.905,149.3,77.939
16,17,6.2367,20.081,154.77,81.243
16,17,6.4245,20.257,158.53,84.164
16,17,5.4074,19.857,151.91,80.173
16,17,4.9308,20.029,154.29,81.891
16,17,7.1219,19.967,150.82,77.595
16,17,5.3839,20.734,165.44,87.32
16,17,6.0027,20.269,155.78,81.11
16,17,7.0926,19.492,141.27,72.407
16,17,7.9256,19.862,152.34,82.16
16,17,5.3145,20.055,150.15,77.087
16,17,4.7485,20.087,151.57,77.885
16,17,5.3014,20.03,153.02,79.964
16,17,5.4351,19.801,147.59,76.478
16,17,7.1015,20.282,158.29,84.296
16,17,5.6326,20.04,155.6,83.149
16,17,6.7445,20.349,161.97,85.92
16,17,6.8404,20.143,152.24,78.129
16,17,6.2928,19.636,145.84,76.452
16,17,5.807,20.095,157.09,84.263
16,17,6.6378,19.67,143.18,73.777
16,17,6.8732,20.301,156.08,80.738
16,17,5.8343,20.076,153.67,79.862
16,17,6.9148,19.694,141.63,70.449
16,17,7.0159,19.892,150.73,78.769
16,17,7.1989,20.029,157.59,84.32
16,17,5.1227,20.375,161.42,85.819
16,17,5.2226,20.259,156.87,81.897
16,17,5.9808,19.747,147.46,76.459
16,17,8.0302,19.83,149.67,78.938
16,17,5.3821,20.381,158.02,83.123
16,17,6.8166,20.068,152.48,79.951
16,17,6.6499,20.306,156.53,81.473
16,17,5.4255,20.141,156.61,83.623
16,17,5.6764,19.84,143.98,70.028
16,17,5.9841,19.921,152.21,79.469
16,17,7.1526,19.961,150.14,76.866
16,17,5.3142,19.823,144.95,73.75
16,17,7.6728,19.603,143.79,73.918
16,17,7.156,20.395,159.64,84.12
16,17,6.8153,19.591,143.03,72.335
16,17,5.4872,20.068,157.57,85.226
16,17,5.7198,19.48,139.89,70.881
16,17,6.7651,20.113,154.67,81.222
16,17,4.8909,19.881,148.75,77.126
16,17,7.0899,20.133,155.57,82.143
16,17,6.0376,20.042,154.2,80.402
16,17,7.3972,19.822,145.99,74.233
16,17,7.2521,19.813,145.9,74.398
16,17,7.331,20.283,154.48,79.632
16,17,6.8673,19.746,145.2,74.222
16,17,5.9174,20.172,153.23,79.09
16,17,4.6932,20.731,165.53,87.025
16,17,6.3508,20.138,155.02,81.754
16,17,6.286,19.492,146.22,77.023
16,17,5.886,20.484,157.61,81.515
16,17,6.6181,20.388,164.95,89.027
16,17,6.8886,19.924,152.58,80.643
16,17,7.6315,19.369,140.02,71.892
16,17,6.4379,19.621,144.9,74.122
16,17,5.8166,19.564,141.06,70.474
16,17,4.7793,20.596,156.94,79.833
16,17,5.1246,19.93,155.11,83.986
16,17,6.4705,20.181,152.92,79.188
16,17,6.7237,19.661,148.14,78.578
16,17,8.6423,19.445,143.01,74.541
16,17,6.2851,20.413,159.75,82.986
16,17,5.705,20.419,159.39,82.859
16,17,6.0755,20.268,154.92,79.326
16,17,7.7004,19.817,150.1,78.375
16,17,5.0081,20.03,151.21,77.65
16,17,5.8354,19.714,147.66,75.992
16,17,6.2654,20.646,166.99,89.103
16,17,7.0276,20.106,152.89,79.865
16,17,5.899,19.609,140.91,70.284
16,17,6.744,19.788,147.27,75.984
16,17,5.7984,20.036,153.9,80.609
16,17,8.9331,19.392,143.4,74.627
16,17,7.0839,19.434,143.53,74.914
16,17,7.2127,20.242,156.37,81.243
16,17,5.6956,20.218,155.68,80.946
16,17,7.491,19.756,147.96,76.682
16,17,6.6131,19.794,148.55,77.111
16,17,4.6798,21.067,169.14,88.118
16,17,5.0989,20.249,159.2,84.14
16,17,5.4536,20.094,154.74,80.829
16,17,7.0232,19.693,147.73,76.815
16,17,5.4018,20.15,151.57,77.574
16,17,7.6561,19.871,148.01,75.714
16,17,5.5583,20.416,160.61,85.295
16,17,6.9189,19.984,154.15,81.379
16,17,7.5787,20.077,151.39,78.007
16,17,7.2054,19.803,144.02,72.356
16,17,5.2999,19.845,148.49,76.949
16,17,4.9934,20.161,155,81.732
16,17,5.4203,20.425,155.06,77.282
16,17,6.9592,20.242,155.45,81.733
16,17,6.6715,20.171,154.48,80.641
16,17,6.326,19.935,148.04,76.038
16,17,6.3545,19.662,144.17,73.457
16,17,6.1839,19.82,148,75.776
16,17,5.5139,20.046,155.94,81.893
16,17,9.9589,19.426,143.64,74.457
16,17,4.5005,19.971,151.39,79.66
16,17,5.7582,19.616,141.33,70.082
16,17,6.1351,20.016,151.74,79.487
16,17,7.1687,19.926,148.58,75.694
16,17,6.7326,20.073,156.21,82.68
16,17,5.5774,19.669,146.75,75.48
16,17,7.2769,19.662,146.85,75.898
16,17,5.5092,20.284,156.51,81.373
16,17,4.7751,20.283,150.63,76.305
16,17,7.5617,20.154,152.69,79.181
16,17,6.9515,20.369,150.71,75.105
16,17,5.844,20.068,154.78,82.408
16,17,5.9184,19.561,141.91,71.656
16,17,6.0349,19.957,150.32,77.728
16,17,4.9315,20.089,148.52,74.726
16,17,8.6381,19.902,145.75,73.381
16,17,6.7807,19.939,150.23,78.283
16,17,6.7536,19.826,152.15,80.372
16,17,6.2149,20.2,153.44,78.547
16,17,6.3258,19.878,149.5,77.894
16,17,6.0089,20.179,152.79,79.059
16,17,7.2356,20.065,155.37,82.156
16,17,6.5047,20.002,150.76,78.935
16,17,7.2244,19.804,153.28,81.562
16,17,7.9201,19.715,145.98,76.163
16,17,5.385,20.396,157.66,82.496
16,17,6.379,20.47,162.27,85.713
16,17,7.4629,19.386,138.06,69.511
16,17,7.3125,19.971,151.26,78.85
16,17,6.4945,19.562,139.35,70.011
16,17,6.3216,20.706,164.65,85.82
16,17,6.1569,20.03,149.26,76.99
16,17,5.4077,20.593,158.86,81.303
16,17,7.109,19.699,150.97,81.236
16,17,5.9427,20.153,154.24,79.593
16,17,7.4129,19.848,149.7,77.969
16,17,5.0706,20.162,149.53,76.476
16,17,5.5936,19.693,149.26,78.943
16,17,6.579,19.521,145.44,75.685
16,17,6.4529,19.974,152.98,80.44
16,17,7.1914,19.438,138.66,69.268
16,17,6.6086,20.247,152.21,77.163
16,17,5.9253,20.265,157.07,81.736
16,17,7.0554,19.831,148.86,76.678
16,17,5.6728,19.787,143.49,72.923
16,17,6.4889,19.31,138.88,71.279
16,17,6.5227,20.111,154.28,80.195
16,17,6.2494,19.856,149.91,78.447
16,17,5.7244,20.029,152.73,78.607
16,17,6.2899,19.904,150.4,78.875
16,17,6.6194,19.711,146.69,76.051
16,17,8.3266,19.655,144.66,73.117
16,17,6.8054,20.075,150.78,76.616
16,17,6.7055,19.839,149.86,78.289
16,17,5.4616,20.39,162.89,86.957
16,17,6.7695,20.192,156.37,82.607
16,17,5.5254,20.214,154.57,80.648
16,17,5.5863,19.961,150.92,77.689
16,17,7.6738,19.876,154.73,83.602
16,17,6.9636,19.871,148.39,75.805
16,17,6.0495,20.079,153.13,78.884
16,17,5.8629,19.898,146.17,75.38
16,17,6.584,19.834,149.22,78.383
16,17,8.0566,19.815,148.48,76.848
16,17,6.6517,20.119,154.43,80.586
16,17,7.9863,19.721,149.91,78.787
16,17,7.2614,20.022,157.14,84.371
16,17,5.4256,20.065,148.77,76.458
16,17,7.2328,19.628,143.25,73.087
16,17,6.9203,20.329,157.54,82.055
16,17,7.1401,19.554,138.42,68.611
16,17,7.9567,19.425,140.93,71.708
16,17,5.245,20.61,160.03,82.852
16,17,6.1288,20.061,154.9,81.49
16,17,4.8628,20.578,159.56,82.696
16,17,6.5512,19.333,138.82,71.4
16,17,5.6894,20.26,152.89,77.027
16,17,6.1161,19.941,148.55,76.079
16,17,5.5238,20.184,159.32,85.356
16,17,5.82,21.101,173.02,92.417
16,17,6.5086,19.593,143.01,73.518
16,17,6.7136,19.469,147.45,78.919
16,17,6.2266,19.924,148.99,75.709
16,17,5.5949,20.364,155.14,79.788
16,17,8.1223,19.572,143.83,73.824
16,17,6.0025,20.018,148.6,75.242
16,17,6.9058,19.403,143.34,74.689
16,17,4.7747,19.915,150.19,78.889
16,17,6.6723,19.894,150.3,78.359
16,17,5.3584,20.295,158.27,83.064
16,17,7.709,19.676,144.71,74.806
16,17,6.7691,19.807,152.26,81.148
16,17,6.9456,20.095,153.45,79.837
16,17,5.1771,20.058,153.31,78.838
16,17,6.6662,19.934,146.75,74.858
16,17,7.5088,19.954,151.79,80.391
16,17,6.7146,19.893,149.86,78.808
16,17,6.2093,20.111,154.32,81.641
16,17,5.5439,20.163,151.1,77.501
16,17,7.9001,19.629,143.21,71.952
16,17,9.1422,19.21,141.53,73.963
16,17,6.9306,19.709,148.57,77.82
16,17,6.5227,19.52,142.25,73.437
16,17,9.4655,19.408,141.32,73.263
16,17,7.9997,19.48,140.8,71.622
16,17,5.2176,20.249,154.97,79.776
16,17,6.9546,19.997,150.84,78.702
16,17,5.0889,19.758,143.14,71.983
16,17,7.6999,20.194,155.22,80.605
16,17,5.3517,20.434,160.15,84.084
16,17,4.8717,20.127,153.94,78.854
16,17,7.2041,19.898,150.43,78.348
16,17,5.1727,20.276,154.46,80.389
16,17,6.5584,19.539,143.85,73.077
16,17,5.7041,19.841,152.64,80.923
16,17,6.3481,19.964,150.03,77.427
16,17,6.1939,20.125,148.69,74.614
16,17,6.3562,19.862,148.42,75.87
16,17,6.162,20.555,161.11,84.31
16,17,6.8213,19.791,146.78,75.457
16,17,7.5312,19.627,143.58,72.976
16,17,5.8494,19.713,144.88,74.513
16,17,6.0529,19.854,149.78,78.387
16,17,5.9252,20.033,152.87,79.765
16,17,6.9173,20.035,152.54,79.232
16,17,6.2728,19.622,147.33,76.679
16,17,6.3325,19.852,153.03,81.508
16,17,4.7194,20.338,153.21,77.57
16,17,7.1126,19.678,145.19,74.626
16,17,6.61,19.962,149.98,76.157
16,17,6.4791,20.181,154.41,80.117
16,17,6.6841,19.923,151.87,79.665
16,17,5.6096,20.323,157.82,82.297
16,17,7.1573,19.956,150.94,77.682
16,17,6.54,20.107,150.99,77.82
16,17,5.0276,20.567,160.92,83.651
16,17,6.1304,20.245,160.66,86.586
16,17,6.3069,20.004,152.26,79.771
16,17,6.2425,19.904,151.1,78.72
16,17,4.7543,20.272,158.1,83.611
16,17,7.7877,19.762,146.42,74.621
16,17,7.1475,19.704,149.26,77.365
16,17,5.9335,20.341,162.93,87.607
16,17,6.511,19.748,145.11,74.516
16,17,6.053,20.431,160.89,85.122
16,17,6.0406,19.979,150.15,77.633
16,17,6.9069,19.549,143.62,74.269
16,17,5.7185,20.302,157.6,83.049
16,17,5.619,20.533,162.18,85.983
16,17,5.5332,20.264,157.26,83.032
16,17,7.642,19.434,146.28,77.181
16,17,6.2494,20.027,149.88,77.517
16,17,5.705,19.838,150.09,77.972
16,17,6.402,20.326,158.67,82.721
16,17,6.7235,19.99,152.38,80.165
16,17,6.4465,19.709,149.13,78.29
16,17,5.9663,20.157,153.16,79.154
16,17,6.1446,20.281,152.79,77.536
16,17,5.4746,20.373,159.06,83.824
16,17,8.4584,19.973,150.05,77.528
16,17,8.1246,19.5,143.02,72.453
16,17,8.0271,19.981,149.03,76.132
16,17,7.5976,19.649,144.94,74.862
16,17,7.0764,19.757,145.36,73.997
16,17,6.5553,20.651,160.05,82.336
16,17,6.3636,19.738,139,67.73
16,17,6.4916,19.868,150.02,77.061
16,17,8.0925,19.756,149.18,77.857
16,17,6.8488,19.901,149.1,75.752
16,17,7.683,19.625,147.08,77.689
16,17,6.8898,20.37,159.61,84.205
16,17,5.0151,20.434,157.89,81.328
16,17,7.6303,19.86,147.49,75.446
16,17,5.284,19.923,152.97,81.39
16,17,6.7316,20.01,149.46,76.651
16,17,4.7064,20.047,153.1,79.324
16,17,5.3761,20.965,170.92,91.489
16,17,6.2471,20.311,153.25,79.242
16,17,7.9724,19.352,141.5,73.383
16,17,6.0959,19.738,148.87,77.198
16,17,7.3513,19.68,145.96,75.649
16,17,5.2934,20.006,154.61,82.408
16,17,7.1063,19.916,152.12,80.585
16,17,5.9711,20.288,150.03,74.113
16,17,7.7381,19.724,144.78,74.03
16,17,5.8243,20.396,158.11,82.399
16,17,8.2912,19.956,150.67,78.031
16,17,10.331,19.549,146.03,75.909
16,17,8.2277,19.662,145.07,73.658
16,17,5.986,20.202,155.35,81.498
16,17,5.9375,19.649,146.52,76.275
16,17,6.4758,19.394,142.12,73.081
16,17,8.5341,19.475,136.23,67.421
16,17,6.575,19.7,146.41,75.899
16,17,6.3268,20.464,161.64,85.957
16,17,5.2797,20.367,162.1,85.938
16,17,7.1868,19.796,149.97,78.924
16,17,5.0925,20.103,156.52,82.531
16,17,6.9525,20.216,152,78.036
16,17,5.988,20.02,149.94,76.816
16,17,7.6821,19.742,150.43,79.298
16,17,5.7374,20.039,149.57,74.782
16,17,7.0437,19.537,138.85,70.789
16,17,5.48,20.978,165.21,84.82
16,17,5.6121,20.09,152.59,79.713
16,17,7.5477,19.76,147.47,77.25
16,17,5.7462,19.744,146.92,75.458
16,17,6.97,20.002,149.7,77.252
16,17,6.8287,19.865,147.45,75.908
16,17,7.3138,19.349,140.14,71.873
16,17,6.3838,19.871,150.9,79.085
16,17,6.1201,19.628,143.94,73.418
16,17,7.134,19.697,143.3,73.29
16,17,6.8163,19.876,148.58,77.284
16,17,6.1036,19.785,147.11,75.502
16,17,4.9544,20.22,157.87,82.957
16,17,5.537,19.955,149.09,76.371
16,17,5.94,20.396,158.87,82.854
16,17,6.4349,20.185,153.64,79.149
16,17,6.4901,20.29,159.25,84.802
16,17,7.0604,20.268,160.58,85.426
16,17,5.9908,19.923,148.42,76.738
16,17,5.5154,20.462,158.51,82.508
16,17,7.1017,19.877,149.24,77.14
16,17,7.2475,19.797,150.55,78.686
16,17,7.7291,19.324,138.78,71.044
16,17,7.0328,20.053,151.7,78.089
16,17,7.3543,19.743,144.38,73.999
16,17,6.44,20.308,160.29,85.954
16,17,7.9211,19.479,146.18,76.741
16,17,6.8949,20.005,153.07,80.088
16,17,8.3217,19.878,150.55,78.723
16,17,5.2909,20.443,151.35,75.247
16,17,6.8032,20.473,159.1,83.261
16,17,6.0988,20.301,155.5,80.559
16,17,6.5355,20.327,158.69,83.07
16,17,5.2396,20.184,154.52,80.711
16,17,6.0671,19.746,150.19,78.891
16,17,6.4534,19.959,145.81,72.704
16,17,4.2701,20.105,153.74,79.579
16,17,5.6277,19.447,139.88,70.936
16,17,6.2853,19.825,149.28,78.505
16,17,5.5982,20.435,153.75,77.742
16,17,6.481,20.145,153.13,78.568
16,17,6.8585,19.622,145.73,76.491
16,17,6.4847,19.781,148.7,77.227
16,17,6.0147,20.269,157.61,83.532
16,17,6.2657,20.058,156.75,83.143
16,17,5.9554,19.771,148.73,77.735
16,17,6.0784,19.657,144.85,74.229
16,17,6.657,19.364,141.93,72.45
16,17,6.3109,19.565,139.85,70.491
16,17,6.1238,19.956,150.94,78.331
16,17,6.0674,20.125,152.63,78.379
16,17,5.6628,19.762,146.92,76.276
16,17,8.3285,19.519,145.37,75.504
16,17,8.651,19.691,146.96,75.99
16,17,6.8553,20.001,151.47,78.378
16,17,5.1192,20.151,160.22,85.649
16,17,8.0013,19.863,151.13,79.251
16,17,4.8267,20.784,166.05,87.867
16,17,4.7425,20.568,164.11,87.106
16,17,7.1856,20.133,159.37,85.405
16,17,5.7571,20.451,157.1,80.893
16,17,5.7979,19.771,149.46,77.459
16,17,6.7157,19.79,149.55,78.614
16,17,5.2926,20.39,153.81,77.286
16,17,8.2604,19.404,142.48,74.034
16,17,7.4134,19.766,146.65,75.8
16,17,8.2413,19.609,138.19,68.479
16,17,5.557,20.163,156,82.393
16,17,4.9672,20.092,155.03,81.137
16,17,7.6509,19.905,150.55,79.208
16,17,6.699,19.6,144.86,75.22
16,17,5.3928,19.78,149.4,78.012
16,17,6.924,19.982,151.84,79.739
16,17,6.3087,19.903,151.27,78.738
16,17,7.1867,19.968,157,84.563
16,17,6.0827,19.584,144.95,75.742
16,17,7.6008,19.91,147,74.437
16,17,5.9418,20.199,155.1,80.79
16,17,4.9896,20.025,150.44,76.678
16,17,6.2411,20.298,156.61,81.923
16,17,6.4308,19.8,150.84,79.117
16,17,6.227,20.011,151.22,77.988
16,17,4.6864,20.975,167.24,88.182
16,17,6.4795,19.285,140.56,72.439
16,17,6.7313,19.313,143.03,74.767
16,17,6.2184,19.36,141.49,73.512
16,17,6.329,20.122,152.26,78.465
16,17,5.5545,19.915,150.25,78.064
16,17,7.0692,20.112,155.06,82.076
16,17,7.3712,19.512,140.46,70.592
16,17,4.5383,20.147,157.34,83.209
16,17,4.9237,20.324,155.99,80.557
16,17,7.3967,19.989,151.36,78.361
16,17,7.9416,19.962,149.46,76.852
16,17,6.9379,20.089,149.51,75.684
16,17,6.18,20.124,154.66,80.566
16,17,6.9502,20.695,165.77,88.554
16,17,6.3777,19.772,144.17,72.389
16,17,4.8704,20.356,158.15,82.626
16,17,5.0865,20.742,164.98,86.776
16,17,6.5935,19.876,147.32,75.765
16,17,5.9658,19.667,145.14,75.005
16,17,5.8951,20.39,157.5,80.585
16,17,8.4856,19.355,135.51,67.314
16,17,6.441,20.373,155.72,79.523
16,17,6.9524,19.452,141.47,72.291
16,17,7.709,19.699,145.65,74.724
16,17,6.9787,19.796,145.33,73.716
16,17,7.0465,20.205,155.97,82.353
16,17,5.14,19.695,145.54,74.928
16,17,7.5041,19.991,148.16,75.275
16,17,8.0398,20.379,158.54,82.634
16,17,5.555,20.178,153.37,78.714
16,17,6.0701,20.136,152.82,78.871
16,17,5.5064,20.19,153.82,79.211
16,17,7.6153,19.708,142.47,71.931
16,17,7.3717,19.562,142.48,73.153
16,17,7.0679,19.753,148.22,77.103
16,17,5.0821,19.742,151.08,80.369
16,17,6.8486,20.111,151.88,77.932
16,17,6.2389,19.904,148.8,76.491
16,17,9.4866,19.724,142.73,72.059
16,17,5.7455,20.366,153.5,77.504
16,17,6.5237,19.734,145.2,74.086
16,17,6.0647,19.562,147.05,76.804
16,17,6.6394,19.723,145.05,74.299
16,17,7.3824,19.922,147.88,75.262
16,17,7.496,19.94,147.96,76.042
16,17,5.3656,20.166,155.81,81.781
16,17,8.9512,19.146,138.28,71.643
16,17,6.0937,20.125,152.86,78.634
16,17,6.1933,19.894,149.63,77.28
16,17,6.1463,19.76,150.58,78.985
16,17,8.4097,19.984,152.29,79.273
16,17,6.1605,19.856,152.29,80.479
16,17,6.598,19.834,145.83,74.466
16,17,6.8197,19.877,149.23,76.371
16,17,4.4272,20.439,161.03,85.237
16,17,7.1885,20.215,152.84,77.496
16,17,5.5759,20.242,155.05,80.821
16,17,5.9983,20.091,150.94,76.43
16,17,6.3632,19.705,146.57,75.69
16,17,7.8171,19.338,139.67,71.996
16,17,7.2232,19.708,148.71,78.028
16,17,6.4827,19.848,148.89,77.423
16,17,5.4974,20.431,158.93,82.36
16,17,5.8199,20.221,154.8,80.677
16,17,4.8392,20.176,154.34,79.884
16,17,5.921,20.025,152.77,80.712
16,17,4.9372,20.354,157.09,80.785
16,17,6.9198,19.92,149.26,77.065
16,17,4.6444,20.14,155.83,82.316
16,17,5.5748,20.202,154.61,81.541
16,17,5.6317,20.118,149.69,76.283
16,17,7.6352,19.95,147.84,74.565
16,17,7.2048,19.254,138.38,68.859
16,17,7.9306,19.539,145.36,77.177
16,17,5.5991,20.747,166.33,88.204
16,17,6.174,20.034,153.28,80.419
16,17,7.7695,19.621,146.62,76.153
16,17,5.2223,20.25,158.14,84.475
16,17,6.2284,19.87,145.95,73.395
16,17,6.4439,20.152,147.88,73.896
16,17,6.074,20.334,154.96,79.654
16,17,5.4319,20.269,154.99,79.982
16,17,7.6168,19.68,141.94,72.04
16,17,7.3158,20.361,158.81,83.409
16,17,6.006,19.946,151.8,79.77
16,17,5.1051,20.167,160.17,85.851
16,17,7.4314,19.799,146.94,74.176
16,17,6.0484,19.834,149.91,78.044
16,17,6.0771,20.135,156.35,82.387
16,17,5.4386,20.357,156.3,81.29
16,17,7.2993,19.8,147.98,77.371
16,17,8.4693,19.463,141.1,72.357
16,17,6.0442,20.09,151.92,78.397
16,17,6.9461,20.169,153.11,79.806
16,17,5.4621,20.088,155.18,82.488
16,17,5.5595,19.666,144.93,74.603
16,17,5.4196,20.34,159.91,85.077
16,17,6.1459,20.306,154.91,79.124
16,17,5.2846,20.283,159.6,85.703
16,17,6.8907,19.282,135.74,67.688
16,17,7.1295,19.779,147.88,76.64
16,17,6.2978,20.62,162.46,85.366
16,17,7.3621,19.53,142.32,71.527
16,17,6.8965,20.193,151.11,76.26
16,17,5.5557,20.118,151.41,77.521
16,17,6.0315,20.229,156.92,81.104
16,17,5.7255,20.327,162.03,87.181
16,17,7.1703,19.577,145.18,75.545
16,17,5.6914,19.561,141.66,72.15
16,17,5.138,20.324,158.34,83.348
16,17,6.8047,19.778,146.71,75.279
16,17,4.7605,19.976,150,77.773
16,17,6.0942,20.126,151.94,78.782
16,17,5.1765,20.054,151.44,78.609
16,17,5.9711,19.808,147.94,77.283
16,17,6.093,20.251,155.21,80.751
16,17,5.6958,20.165,152.82,79.088
16,17,6.5521,20.047,154.17,80.616
16,17,6.8286,19.591,147.73,78.111
16,17,6.0665,20.159,153.13,79.49
16,17,7.8436,19.841,151.31,79.16
16,17,7.5377,19.643,142.64,72.376
16,17,5.0609,20.45,155.87,79.628
16,17,6.2418,19.256,136.74,69.713
16,17,7.8787,19.619,145.19,76.033
16,17,7.6133,19.869,149.21,78.101
16,17,6.934,19.653,146.26,75.778
16,17,5.8901,20.312,161.62,86.456
16,17,5.5955,20.191,153.12,79.417
16,17,5.4626,20.608,160.77,83.472
16,17,5.1946,20.189,154.91,81.548
16,17,6.6582,19.838,151.92,80.672
16,17,6.6505,19.806,145.94,75.293
16,17,8.1351,19.577,145.08,75.591
16,17,7.4612,20.116,154.28,80.495
16,17,5.9162,20.176,153.45,79.342
16,17,6.0523,19.947,152.33,81.107
16,17,7.7217,19.554,141.56,71.409
16,17,7.1289,19.911,149.26,76.773
16,17,7.0073,20.027,152.12,79.394
16,17,5.5124,20.774,164.06,85.52
16,17,4.4552,19.859,146.77,75.05
16,17,7.8794,19.509,142.96,74.117
16,17,5.8545,20.125,154.92,80.147
16,17,5.8808,20.187,151.86,79.631
16,17,7.5904,20.113,152.86,80.434
16,17,5.6072,20.037,149.72,76.608
16,17,5.9887,20.046,154.7,81.906
16,17,6.7412,20.042,153.09,80.041
16,17,5.5007,20.068,150.75,76.818
16,17,6.403,20.152,149.88,76.5
16,17,6.7002,19.691,148.27,77.504
16,17,6.1998,19.793,148.09,76.509
16,17,4.983,20.785,158.54,80.636
16,17,5.9429,20.044,154.38,81.418
16,17,8.2477,19.483,138.97,69.592
16,17,7.2594,19.846,148.92,78.064
16,17,5.1329,20.551,159.14,83.108
16,17,7.1786,19.701,143.68,73.967
16,17,5.341,20.421,161.21,84.833
16,17,6.7762,20.031,151.2,78.234
16,17,5.773,20.018,151.28,79.348
16,17,7.7538,19.633,141.99,70.87
16,17,6.6683,20.006,150.92,78.12
16,17,7.9155,19.925,150.36,77.712
16,17,7.4921,19.451,139.33,70.748
16,17,7.8395,19.581,148,77.83
16,17,6.4113,20.292,155.97,81.523
16,17,4.7311,20.591,166.73,90.662
16,17,6.5863,20.143,152.19,76.793
16,17,5.7329,20.247,152.26,77.957
16,17,6.3876,19.506,138.1,68.767
16,17,5.8292,20.102,148.79,75.14
16,17,6.7969,19.991,154.58,82.509
16,17,5.0114,20.19,157.8,83.134
16,17,7.4658,19.856,151.52,78.322
16,17,6.7097,20.181,153.26,78.819
16,17,6.157,19.688,147.68,77.57
16,17,5.6861,20.42,157.32,80.494
16,17,5.0539,20.556,164.84,89.161
16,17,7.1173,20.242,153.69,80.178
16,17,5.8671,20.061,149.27,75.606
16,17,6.3989,19.827,147.86,76.165
16,17,7.9971,19.459,143.89,75.22
16,17,5.0461,20.434,159.14,84.023
16,17,5.3609,20.067,154.89,82.221
16,17,5.9212,19.463,143.88,75.483
16,17,7.5482,19.721,143.07,72.641
16,17,6.6797,19.744,147.32,76.078
16,17,7.7442,20.168,155.59,80.857
16,17,5.8554,20.107,154.98,81.026
16,17,6.1078,20.249,155.56,81.017
16,17,5.9797,19.947,150.62,79.383
16,17,5.7218,19.956,151.8,79.989
16,17,6.6785,19.996,151.18,77.229
16,17,8.4037,19.308,140.38,72.78
16,17,5.785,20.173,155.23,81.106
16,17,6.8263,20.259,151.03,76.611
16,17,6.9815,19.96,151.71,79.103
16,17,5.306,20.497,161.23,85.642
16,17,6.7537,19.838,152.19,80.673
16,17,5.2898,20.136,153.06,79.166
16,17,7.5682,19.59,146.85,77.594
16,17,6.517,20.091,154.47,80.087
16,17,9.0441,20.154,148.12,74.056
16,17,5.9912,20.033,156.78,83.805
16,17,6.3885,20.328,158.41,83.287
16,17,6.5854,19.902,147.26,74.927
16,17,5.2164,19.835,148.56,76.141
16,17,6.1876,19.703,145.28,75.037
16,17,7.9206,19.982,151.45,79.217
16,17,7.9745,19.714,149.95,79.389
16,17,7.3299,19.228,138.26,71.729
16,17,7.8697,19.261,143.38,76.282
16,17,7.2169,19.783,143.96,72.795
16,17,6.0608,19.677,145.14,75.078
16,17,5.2982,19.814,149.09,76.602
16,17,6.861,20.002,152.21,79.256
16,17,7.1653,19.736,149.71,79.096
16,17,5.4756,19.777,145.77,74.302
16,17,7.0998,19.584,146.61,76.399
16,17,8.4304,19.902,147.06,74.67
16,17,5.9806,19.759,146.22,75.794
16,17,6.1659,19.72,147.48,77.064
16,17,6.415,20.272,153.05,79.434
16,17,8.287,19.816,145.17,73.805
16,17,6.6732,19.754,146.51,75.379
16,17,6.5837,20.147,155.43,81.848
16,17,4.2829,20.015,152.78,79.511
16,17,6.0515,20.075,150.68,76.961
16,17,6.6645,19.274,139.07,70.488
16,17,5.4541,19.961,151.08,79.001
16,17,5.8502,20.291,155.42,81.505
16,17,6.5723,19.853,151.39,80.275
16,17,7.1215,20.054,154.35,81.13
16,17,7.0079,19.398,141.84,73.777
16,17,6.3812,20.061,152.86,80.534
16,17,5.6743,19.694,147.32,76.521
16,17,5.139,20.76,165.3,87.391
16,17,6.0922,20.025,151.92,79.871
16,17,7.8897,19.985,153.39,81.151
16,17,6.1848,20.403,154.76,79.441
16,17,6.0224,19.727,146.47,75.378
16,17,4.8541,20.38,160.02,84.58
16,17,6.9886,20.051,150.27,76.689
16,17,5.0635,20.615,161.41,83.996
16,17,7.0375,19.439,143.99,75.259
16,17,5.5444,20.167,157.09,83.13
16,17,6.6367,19.657,147.6,78.514
16,17,7.0162,19.53,141.87,71.873
16,17,5.653,19.864,148.58,76.325
16,17,6.641,20.084,146.24,73.003
16,17,5.9507,20.124,152.47,78.991
16,17,6.3854,20.053,148.22,75.498
16,17,6.8971,19.387,142.24,74.08
16,17,5.7913,19.787,147.73,76.106
16,17,6.1349,19.898,149.04,77.164
16,17,6.5956,19.676,149.31,78.842
16,17,8.4134,19.689,146.85,75.935
16,17,6.419,19.728,151.26,80.693
16,17,6.7353,20.459,157.92,81.634
16,17,5.3087,20.492,159.24,82.579
16,17,8.1953,19.642,146.32,75.826
16,17,7.2353,19.941,149.72,77.79
16,17,5.4981,20.117,155.62,82.07
16,17,7.6831,19.656,143.21,73.61
16,17,7.2006,19.817,147.92,76.806
16,17,6.9024,20.1,155.89,81.665
16,17,5.846,20.242,156.02,80.711
16,17,6.7632,20.715,160.19,82.58
16,17,5.4872,19.995,151,77.998
16,17,7.7857,19.674,143.01,72.929
16,17,6.8737,19.759,149.2,78.582
16,17,8.3179,19.42,144.6,76.306
16,17,7.9263,19.353,142.65,74.06
16,17,7.7044,19.35,144.02,74.972
16,17,7.2231,19.998,149.43,75.801
16,17,5.9875,20.351,157.32,81.597
16,17,6.0744,20.333,157.82,82.222
16,17,6.1327,20.338,157.03,82.02
16,17,6.5086,20.256,157.37,82.484
16,17,6.8489,19.673,147.69,77.32
16,17,6.9436,19.463,145.46,76.526
16,17,5.379,20.048,150.95,78.276
16,17,5.6518,19.824,152.15,80.861
16,17,8.5486,19.702,151.37,79.739
16,17,4.8034,20.446,157.31,79.808
16,17,6.296,19.488,143.88,74.055
16,17,6.2944,19.804,147.3,75.606
16,17,5.7556,20.279,158.51,83.887
16,17,6.1259,20.081,154.45,82.105
16,17,5.1715,19.963,148.3,75.969
16,17,6.6803,19.783,146.74,76.864
16,17,6.2613,19.92,148.74,77.08
16,17,6.7174,19.81,152.58,81.185
16,17,7.5401,19.706,140.82,70.673
16,17,5.4315,20.012,150.36,77.897
16,17,6.2853,20.1,152.09,78.448
16,17,5.1935,19.785,148.42,77.694
16,17,6.152,20.057,157.07,84.156
16,17,6.0123,20.113,152.16,78.978
16,17,4.2089,20.344,157.16,81.995
16,17,6.2226,20.299,154.13,79.274
16,17,6.8705,19.719,147,75.655
16,17,5.2434,20.348,158.61,83.677
16,17,6.0645,19.985,153.73,81.306
16,17,6.98,19.98,148.72,76.806
16,17,6.9972,19.712,145.11,74.184
16,17,5.5269,19.836,147.09,74.686
16,17,5.7697,20.05,146.64,73.481
16,17,5.4403,19.87,150.48,78.23
16,17,5.9365,19.887,152.93,80.882
16,17,7.129,19.736,143.62,71.566
16,17,7.2634,20.09,158.33,85.636
16,17,6.4475,20.078,148.19,75.298
16,17,6.2973,20.022,147.69,75.296
16,17,5.0908,19.893,150.71,78.423
16,17,6.6064,19.851,146.38,73.854
16,17,5.4308,19.841,147.32,76.722
16,17,8.3629,19.66,149.82,78.602
16,17,6.2204,20.17,159.76,85.602
16,17,6.8941,19.471,140.06,69.942
16,17,7.8559,19.309,142.1,74.425
16,17,6.5121,20.087,153.92,79.863
16,17,6.6125,20.01,153.97,81.033
16,17,5.5593,20.189,156.73,82.235
16,17,8.6807,19.2,137.84,70.13
16,17,6.8865,20.591,159.97,83.489
16,17,6.321,19.789,147.59,76.729
16,17,6.3917,19.534,143.93,73.686
16,17,7.4639,19.531,144.51,74.887
16,17,5.532,20.2,155.65,81.762
16,17,7.5411,20.021,152.72,79.758
16,17,4.7799,19.925,155.22,82.74
16,17,7.2781,19.846,148.7,76.466
16,17,7.4392,20.129,158.01,84.511
16,17,5.3244,20.031,153.12,79.485
16,17,5.6766,19.839,150.13,78.207
16,17,6.5304,19.942,150.31,78.574
16,17,7.9732,19.539,143.9,75.039
16,17,8.1299,19.202,140.32,73.325
16,17,6.2713,20.064,154.53,81.319
16,17,5.9709,19.936,148.41,76.686
16,17,7.5481,20.056,152.16,79.277
16,17,4.3531,20.379,166.11,90.501
16,17,8.125,20.264,155.85,80.725
16,17,6.1217,19.709,145.13,74.733
16,17,5.5809,20.372,156.07,80.996
16,17,6.9288,19.812,150.2,78.297
16,17,6.2862,20.392,157.84,82.737
16,17,7.2442,19.455,142.78,73.966
16,17,6.8749,19.93,149.95,77.326
16,17,5.7712,19.896,145.64,74.041
16,17,7.4642,20.065,152,79.643
16,17,6.182,19.953,155.24,83.14
16,17,5.5147,19.607,147.57,78.014
16,17,7.0464,20.008,153.56,80.237
16,17,6.3743,19.791,148.88,77.524
16,17,6.1264,19.724,144.38,73.593
16,17,6.2923,20.842,167.19,88.972
16,17,5.5938,20.536,162.85,86.14
16,17,5.461,20.468,160.76,84.644
16,17,5.4122,20.502,157.33,80.765
16,17,7.4341,20.016,153.62,80.514
16,17,6.0573,20.214,155.55,81.037
16,17,4.8195,20.349,154.73,79.297
16,17,7.3043,19.702,145.01,74.015
16,17,5.7668,20.385,154.09,78.794
16,17,6.4249,19.9,148.06,75.187
16,17,5.0098,20.452,160.48,84.466
16,17,5.8895,19.541,144.35,75.439
16,17,6.0208,20.269,159.68,85.482
16,17,6.6373,19.616,145.28,74.79
16,17,8.3154,19.902,148.92,77.745
16,17,6.5574,20.002,148.24,75.496
16,17,6.1832,20.002,149.76,76.462
16,17,7.0278,20.482,155.86,80.389
16,17,6.0963,20.353,153.36,78.113
16,17,6.6188,19.893,152.22,79.589
16,17,5.8698,19.875,152.09,79.75
16,17,7.3345,19.954,150.07,77.195
16,17,5.4283,20.737,163.27,85.405
16,17,5.8155,20.161,153.35,80.468
16,17,7.7894,19.988,153.86,80.998
16,17,8.5809,19.619,145.19,73.853
16,17,4.4292,20.143,150.83,77.217
16,17,6.5395,20.245,155.62,81.276
16,17,4.6624,20.258,158.86,84.969
16,17,6.6618,19.56,143.32,73.863
16,17,7.1821,20.105,156.61,83.058
16,17,7.7008,19.529,145.48,76.16
16,17,8.3384,19.324,142.11,74.485
16,17,6.1571,20.415,156.09,79.794
16,17,6.6985,20.389,161.42,86.074
16,17,6.768,20.455,160.88,84.951
16,17,7.8769,19.734,146.4,75.743
16,17,6.6319,19.54,143.91,74.133
16,17,5.8414,20.028,151.44,78.806
16,17,7.3845,19.691,147.45,76.682
16,17,5.8852,20.094,153.1,78.905
16,17,7.4554,20.288,154.35,79.663
16,17,7.5932,19.453,144.29,75.955
16,17,6.7429,20.16,150.76,77.406
16,17,7.9228,19.442,141.29,72.585
16,17,6.3885,19.661,144.33,74.402
16,17,6.7452,19.682,143.61,72.422
16,17,6.0752,20.152,158.75,85.85
16,17,4.3133,20.472,159.79,84.198
16,17,6.3031,20.497,160.39,83.775
16,17,6.8315,20.163,154.28,79.761
16,17,5.6302,19.996,150.47,77.361
16,17,7.1489,19.426,140.63,71.256
16,17,6.7752,20.014,154.78,82.035
16,17,5.6829,20.137,153.24,79.725
16,17,6.6702,20.092,155.98,81.886
16,17,6.681,20.273,153.06,79.09
16,17,5.4548,19.993,158.37,84.76
16,17,6.4838,19.683,145.49,74.685
16,17,5.6613,19.894,144.57,70.835
16,17,7.0411,19.682,144.35,73.754
16,17,7.9257,19.007,133.72,68.078
16,17,5.6847,20.328,158.36,83.98
16,17,6.1434,20.077,146.67,72.95
16,17,6.7299,19.957,150.83,78.656
16,17,5.4755,20.137,157.12,83.113
16,17,6.7885,19.555,147.1,77.287
16,17,6.2561,19.712,144.25,74.419
16,17,5.8433,20.005,149.29,76.658
16,17,6.7227,19.155,136.66,69.405
16,17,6.8729,19.512,146.28,77.733
16,17,6.5875,19.771,146.04,74.35
16,17,5.8755,20.539,157.05,80.745
16,17,6.5428,19.814,144.71,73.089
16,17,6.3336,20.195,149.78,76.851
16,17,6.4928,20.072,147.86,74.879
16,17,7.0869,19.782,147.25,76.102
16,17,7.6183,19.9,148.38,76.347
16,17,7.8169,19.954,149.29,76.54
16,17,6.9697,19.34,140.53,72.4
16,17,4.9931,19.681,148,77.086
16,17,5.3511,20.592,161.44,83.674
16,17,7.8056,19.499,139.67,70.37
16,17,6.5349,19.735,146.29,75.755
16,17,6.0492,19.759,144.06,73.017
16,17,6.6126,19.841,144.86,73.118
16,17,8.1473,19.27,135.33,67.66
16,17,6.5926,19.809,151.15,80.028
16,17,8.7838,19.503,135.95,65.567
16,17,5.3322,20.048,155.08,82.085
16,17,5.6906,19.938,150.23,77.774
16,17,6.2029,20.711,160.62,82.878
16,17,4.4369,20.666,166.7,89.287
16,17,5.1639,20.316,157.93,82.151
16,17,8.7957,19.009,129.63,64.092
16,17,6.9299,20.149,150.6,76.647
16,17,6.4173,19.972,149.55,76.949
16,17,4.986,20.255,158.2,83.636
16,17,7.4884,19.994,148.36,75.621
16,17,6.6637,19.835,151.06,78.101
16,17,5.8823,20.07,153.16,79.78
16,17,6.9188,19.897,145.39,73.416
16,17,5.3696,20.094,153.3,80.623
16,17,5.6641,19.67,146.45,75.687
16,17,4.839,20.177,154.57,80.21
16,17,6.6615,20.182,156.14,82.508
16,17,7.425,19.888,149.74,78.299
16,17,6.2826,19.647,146.24,75.469
16,17,7.0158,19.232,141.04,73.022
16,17,5.3946,20.31,157.33,82.37
16,17,7.3202,19.517,146.25,76.617
16,17,6.2185,19.84,148.04,75.887
16,17,6.4238,19.166,138.56,72.637
16,17,6.5241,19.86,145.52,73.862
16,17,5.3265,20.352,153.42,78.281
16,17,6.2712,19.961,150.46,78.518
16,17,6.3648,20.114,153.23,79.404
16,17,7.4055,19.837,143.93,72.136
16,17,5.8406,19.923,148.48,75.714
16,17,5.8023,19.786,141.58,70.414
16,17,5.6498,19.721,149.36,79.174
16,17,8.3265,20.033,152.05,78.399
16,17,5.9058,20.138,153.74,79.611
16,17,7.2208,19.262,139.1,71.164
16,17,5.549,20.154,155.61,81.209
16,17,6.9452,19.336,139.13,70.682
16,17,6.2189,19.508,140.7,70.684
16,17,9.1024,19.958,151.69,78.378
16,17,5.6955,19.714,142.92,71.739
16,17,8.4304,19.629,144.6,74.188
16,17,6.6205,20.117,147.48,74.029
16,17,7.4844,20.002,150.83,78.39
16,17,7.513,19.645,149.17,78.792
16,17,5.0564,19.966,148.08,75.242
16,17,5.6694,20.136,153.36,80.112
16,17,5.8416,20.131,155.43,81.229
16,17,5.7262,20.115,154.23,80.457
16,17,6.3039,19.867,145.41,74.307
16,17,8.925,19.93,150.1,77.954
16,17,7.5977,19.793,144.53,73.166
16,17,8.6988,19.361,141.52,72.686
16,17,6.441,19.979,151.96,78.649
16,17,6.1111,20.31,157.77,83.645
16,17,6.6183,19.581,141.11,71.69
16,17,6.6301,20.334,155.93,81.258
16,17,6.4883,19.767,147.94,75.953
16,17,7.4229,19.793,144.51,73.687
16,17,5.6203,20.127,158.17,84.966
16,17,5.5936,20.114,153.13,80.238
16,17,6.7214,19.912,146.12,75.01
16,17,6.6152,19.811,149.75,77.917
16,17,6.3901,19.638,147.09,76.498
16,17,6.9654,19.971,152.25,80.522
16,17,6.904,19.282,142.22,74.578
16,17,6.1478,20.048,152.07,78.26
16,17,9.4065,19.004,135.53,70.04
16,17,6.8798,19.629,142.89,72.442
16,17,7.5308,19.585,144.62,75.073
16,17,7.3062,19.533,142.38,72.771
16,17,5.9288,20.01,148.57,75.055
16,17,5.7627,20.189,155.81,80.675
16,17,6.7156,19.654,145.45,74.946
16,17,6.2803,20.788,164.32,85.758
16,17,6.3184,20.221,156.87,82.515
16,17,7.4821,19.809,150.59,79.675
16,17,7.4351,19.818,145.9,74.979
16,17,6.3063,19.707,145.11,74.9
16,17,6.1721,19.973,153.13,81.138
16,17,8.0507,19.818,148.98,77.11
16,17,5.4627,19.593,140.01,70.657
16,17,7.3527,19.768,146.26,75.412
16,17,6.9622,20.006,144.24,71.865
16,17,6.6312,19.784,150.19,79.273
16,17,7.3514,19.363,138.39,70.626
16,17,7.3517,19.226,138.31,70.444
16,17,6.1718,20.286,155.65,80.742
16,18,6.7572,20.014,145.6,72.501
16,18,7.301,19.918,150.54,77.82
16,18,5.7652,19.925,151.04,78.31
16,18,5.4097,20.607,165.22,86.558
16,18,5.3782,20.207,155.86,81.463
16,18,6.3099,20.202,155.35,81.391
16,18,6.3019,20.293,156.35,81.166
16,18,6.1907,20.084,157.19,84.705
16,18,6.1094,20.365,163.16,86.959
16,18,7.0584,19.949,150.4,78.167
16,18,7.3219,20.013,151.47,78.219
16,18,5.8613,20.201,159.23,85.911
16,18,5.3328,20.141,152.88,78.457
16,18,8.2511,20.007,153.91,80.805
16,18,6.8335,19.451,140.35,70.73
16,18,4.9222,20.074,153.44,80.727
16,18,6.2473,19.827,148.06,76.265
16,18,4.9993,20.348,161.99,86.306
16,18,7.0989,19.887,149.94,78.314
16,18,6.0029,19.741,145.95,73.627
16,18,6.1961,20.65,167.19,89.472
16,18,5.4612,20.451,159.47,82.448
16,18,6.7923,19.669,142.05,71.896
16,18,8.1745,19.954,151.46,79.688
16,18,6.9189,20.207,155.83,81.587
16,18,6.1702,19.944,151.72,78.746
16,18,7.0835,19.927,153.24,80.164
16,18,6.1048,20.154,155.26,81.532
16,18,6.4241,19.896,151.7,80.807
16,18,5.0637,20.454,158.18,81.928
16,18,6.5366,20.209,153.82,79.948
16,18,5.9773,19.434,148.44,79.82
16,18,7.3543,20.022,150.97,77.272
16,18,4.6978,21.016,171.1,91.822
16,18,6.401,19.978,153.68,80.284
16,18,7.8248,19.882,153.48,80.737
16,18,5.3152,20.32,155.82,81.284
16,18,7.1706,20.035,154.52,81.963
16,18,4.954,20.553,161.1,83.561
16,18,5.2076,20.111,157.06,83.222
16,18,6.8574,20.062,156.86,83.861
16,18,6.7387,19.978,151.51,78.694
16,18,6.1717,20.748,163.24,84.452
16,18,5.9469,19.689,146.32,75.197
16,18,5.4164,19.715,146.9,76.683
16,18,6.4873,19.928,150.69,78.225
16,18,7.4879,20.181,154.24,78.279
16,18,7.7968,19.889,154.15,82.336
16,18,7.7376,19.19,138.25,71.317
16,18,8.1651,20.123,150.63,76.027
16,18,6.1858,19.899,151.39,80.078
16,18,6.1859,20.39,158.79,82.939
16,18,7.4398,19.546,143.3,72.842
16,18,7.8439,19.76,145.32,74.418
16,18,7.2357,19.76,147.02,75.31
16,18,5.9928,20.394,156.33,79.958
16,18,5.6568,20.039,152.79,79.621
16,18,4.7731,20.531,160.44,84.41
16,18,5.6957,19.81,149.77,78.676
16,18,5.9828,19.949,150.59,77.754
16,18,6.0776,19.837,145.43,73.115
16,18,6.5023,20.306,156.85,82.3
16,18,4.5772,20.483,160.83,83.022
16,18,4.5779,21.012,169.93,89.442
16,18,6.8176,19.96,150.19,77.872
16,18,6.5584,19.771,148.73,77.51
16,18,6.0819,19.396,141.56,73.013
16,18,7.5273,20.182,153.68,79.096
16,18,5.3578,19.971,151.09,79.271
16,18,7.3249,20.381,159.74,84.355
16,18,5.8086,20.038,154.25,81.43
16,18,6.9699,20.176,150.5,76.891
16,18,5.5336,19.863,146.91,74.782
16,18,5.8665,20.215,154.79,80.047
16,18,6.758,20.206,156.78,83.822
16,18,5.3615,20.424,158.99,82.306
16,18,6.8535,20.014,152.74,80.797
16,18,5.6033,20.388,158.53,82.708
16,18,7.4022,19.942,148.79,76.065
16,18,6.8422,19.521,143.52,73.276
16,18,7.5195,19.78,144.25,73.461
16,18,7.5955,19.65,145.26,75.748
16,18,5.6209,20.88,169.55,91.007
16,18,8.1053,19.642,143.71,73.537
16,18,6.2151,19.926,149.46,77.193
16,18,6.8447,19.903,152.23,80.03
16,18,7.0104,20.112,153.4,80.259
16,18,6.3374,20.547,163.07,86.522
16,18,5.8003,20.279,155.52,80.297
16,18,7.9702,19.829,148.44,76.709
16,18,5.9698,20.352,159.53,84.008
16,18,7.6024,19.873,149.22,77.202
16,18,6.2558,19.503,145.74,77.533
16,18,5.0039,20.521,158.17,81.223
16,18,4.6463,20.629,165.62,87.494
16,18,5.1449,20.272,158.4,83.292
16,18,7.2032,19.69,144.62,73.59
16,18,7.3311,19.986,151.13,78.234
16,18,6.5683,19.785,150.92,79.107
16,18,6.7251,20.139,156.54,82.914
16,18,5.1252,20.343,158.41,82.131
16,18,7.0968,20.288,153.76,78.51
16,18,7.3752,20.043,154.14,80.434
16,18,5.2088,20.51,160.6,83.726
16,18,5.6391,20.373,157.85,83.266
16,18,6.3854,19.779,146.69,74.718
16,18,6.3989,20.252,152.9,77.073
16,18,5.9764,19.896,151.36,78.979
16,18,5.6636,19.913,146.05,74.124
16,18,4.185,20.025,151.72,78.62
16,18,6.1886,20.322,161.83,86.299
16,18,7.2062,20.108,151,77.344
16,18,8.311,19.917,147.91,75.504
16,18,6.9856,20.169,155.31,81.066
16,18,5.6583,20.243,154.43,79.553
16,18,7.7762,20.006,144.07,71.381
16,18,5.5974,19.411,140.74,71.62
16,18,7.0182,19.897,149.46,77.499
16,18,5.2907,20.426,155.7,79.404
16,18,6.1815,20.233,155.54,79.669
16,18,6.7225,20.029,152.73,79.383
16,18,6.0039,20.168,156.17,81.516
16,18,7.6668,19.944,148.1,76.108
16,18,5.2776,20.607,163.91,87.062
16,18,8.419,19.883,148.68,75.025
16,18,5.715,20.228,157.69,83.394
16,18,6.7225,19.787,152.23,80.668
16,18,6.912,19.823,149.75,78.253
16,18,6.9512,19.459,142.59,73.712
16,18,6.5072,20.18,159.09,84.761
16,18,6.9423,19.746,142.86,72.174
16,18,6.458,20.442,159.6,83.288
16,18,5.737,20.258,159.08,84.942
16,18,7.3386,19.932,151.68,78.647
16,18,7.3635,19.78,145.76,73.988
16,18,5.87,20.4,152.9,76.333
16,18,6.7332,20.495,158.08,82.074
16,18,5.9524,20.008,146.4,74.058
16,18,8.2232,19.784,146.53,74.837
16,18,6.442,19.424,139.27,70.739
16,18,7.4275,19.817,150.43,79.321
16,18,7.4711,19.771,152.06,81.338
16,18,5.1305,19.883,150.58,78.692
16,18,7.4705,19.862,154.09,82.724
16,18,5.3662,20.768,165.92,86.859
16,18,5.2262,20.274,157.67,82.192
16,18,6.9381,20.081,154.77,81.818
16,18,4.4518,20.362,158.3,83.218
16,18,6.7898,19.618,148.85,79.266
16,18,7.2176,19.959,152.35,79.816
16,18,7.5729,20.053,155,83.183
16,18,7.3009,19.752,147.42,76.403
16,18,5.8534,20.4,156.34,80.403
16,18,6.399,20.135,161.76,87.553
16,18,6.3837,20.414,158.52,81.903
16,18,5.886,20.222,157.9,83.956
16,18,6.805,19.854,148.61,76.391
16,18,6.6144,19.734,145.04,73.646
16,18,6.8995,19.724,148.9,77.943
16,18,5.6182,20.32,155.01,79.981
16,18,5.9307,20.319,160.58,85.605
16,18,4.8922,20.344,156.91,82.145
16,18,5.1054,20.346,155.63,79.467
16,18,7.5647,20.291,154.36,79.275
16,18,6.3932,19.735,147.15,75.858
16,18,5.7085,19.893,146.34,74.817
16,18,7.6555,19.659,147.35,76.535
16,18,6.7988,19.854,149.08,78.113
16,18,6.3338,20.048,153.02,79.694
16,18,5.8633,19.875,152.77,80.414
16,18,6.1737,20.205,149.38,74.768
16,18,6.6445,19.854,144.86,73.553
16,18,6.1626,20.298,154.96,81.379
16,18,6.9138,20.139,151.44,76.428
16,18,5.6948,20.603,161.59,84.485
16,18,6.0174,20.387,161.1,84.408
16,18,5.3736,20.412,161.08,85.68
16,18,6.1741,19.998,158.16,85.945
16,18,6.9125,19.991,152.94,79.373
16,18,6.6082,20.257,154.06,79.344
16,18,6.8668,19.938,154.45,81.42
16,18,7.7299,19.782,148.13,77.207
16,18,6.1384,20.79,163.22,84.186
16,18,6.6453,19.798,147.71,77.634
16,18,6.2998,19.998,151.12,78.177
16,18,7.5981,19.747,148.88,77.124
16,18,4.376,20.896,166.67,87.306
16,18,5.8001,20.439,159.3,83.158
16,18,6.9222,20.168,152.69,78.455
16,18,4.5681,20.13,156.78,82.898
16,18,6.461,20.317,158.81,83.971
16,18,5.6953,19.748,145.19,72.167
16,18,7.1893,20.316,156.99,82.026
16,18,6.4954,19.927,152.46,79.946
16,18,5.3746,20.038,152.88,79.937
16,18,6.2628,20.513,162.82,85.911
16,18,8.5658,20.077,155.81,81.7
16,18,5.146,20.829,162.21,84.798
16,18,7.1821,19.855,152.77,80.358
16,18,5.3818,20.248,153.66,78.642
16,18,5.2368,20.369,157.29,81.459
16,18,7.244,20.31,161.21,85.865
16,18,7.0159,20.146,155.58,82.493
16,18,4.8541,20.402,159.64,83.147
16,18,6.3086,20.847,160.47,80.558
16,18,5.7661,20.488,157.42,80.831
16,18,7.1873,20.508,160.01,83.201
16,18,7.6201,19.572,146.21,76.091
16,18,5.1763,20.702,166.57,88.582
16,18,8.2238,19.474,142.92,74.258
16,18,6.6903,20.524,159.41,83.266
16,18,5.6281,20.491,164.01,86.322
16,18,6.0779,20.337,159.54,85.554
16,18,7.4784,19.687,149.28,78.4
16,18,6.2002,20.122,153.95,80.23
16,18,7.3919,20.197,153.9,80.062
16,18,5.7685,20.229,155.06,81.195
16,18,7.3679,20.097,155.59,82.284
16,18,5.8891,20.497,164.02,88.354
16,18,6.3973,20.095,156.76,83.038
16,18,6.2459,20.531,163.16,85.496
16,18,8.4085,19.6,144.75,75.061
16,18,4.8907,20.4,154.11,78.898
16,18,5.4333,19.916,147.69,75.817
16,18,4.7268,20.061,153.73,80.119
16,18,5.6579,20.147,153.88,79.557
16,18,7.9359,19.648,140.92,70.566
16,18,6.9547,19.873,149.19,77.463
16,18,6.5668,20.193,151.17,76.715
16,18,6.823,19.917,146.74,74.243
16,18,5.7982,20.461,158.66,81.64
16,18,6.0347,19.645,149.74,80.16
16,18,6.6367,19.759,146.59,75.312
16,18,6.4404,20.02,155.78,82.857
16,18,5.8958,20.451,154.99,80.481
16,18,5.4498,19.793,148.15,76.969
16,18,5.9505,20.192,157.71,83.18
16,18,7.5323,19.717,148.28,77.79
16,18,4.7598,20.088,153.61,81.085
16,18,6.3373,19.971,148.92,75.795
16,18,6.6838,19.814,146.33,74.881
16,18,7.4087,19.533,141.83,72.74
16,18,6.7341,19.944,151.21,79.251
16,18,5.7538,19.906,149.58,77.346
16,18,6.5052,20.145,150.47,76.493
16,18,5.7724,20.426,157.08,80.471
16,18,6.2205,20.452,152.66,76.57
16,18,5.7857,19.931,149.66,77.807
16,18,5.3136,20.547,160.21,83.422
16,18,5.8079,19.589,148.29,78.683
16,18,5.5904,20.627,158.41,80.971
16,18,6.1008,20.074,147.4,74.198
16,18,5.7704,20.564,159.89,82.37
16,18,5.9624,19.694,149.05,78.227
16,18,6.4656,19.787,150.04,79.133
16,18,5.7945,20.497,162.72,86.241
16,18,7.5898,19.923,151.92,80.171
16,18,5.2853,20.486,156.41,79.663
16,18,6.6937,19.901,152.57,80.433
16,18,5.642,20.211,154.35,80.311
16,18,6.4998,19.915,152.14,79.786
16,18,7.4412,19.765,145.92,74.972
16,18,5.2552,20.456,159.29,82.992
16,18,5.8253,19.949,155.63,83.759
16,18,7.4268,20.351,156.51,81.3
16,18,7.0116,19.705,144.82,73.54
16,18,6.3616,20.545,158.37,81.808
16,18,6.2741,20.058,153.08,79.322
16,18,5.3322,20.47,161.93,85.375
16,18,6.1247,20.063,152.8,78.979
16,18,6.4721,20.1,152.35,78.233
16,18,5.0302,20.25,155.08,81.028
16,18,6.8397,20.008,150.01,77.118
16,18,7.7335,20.099,155.16,81.514
16,18,8.4415,19.874,151.76,79.967
16,18,8.274,20.067,150.97,77.002
16,18,7.5087,20.216,152.84,77.074
16,18,6.4501,19.776,152.01,81.134
16,18,6.7931,19.759,147.78,77.118
16,18,5.1355,20.054,152.73,79.318
16,18,7.44,19.48,143.62,73.687
16,18,6.007,19.778,147.52,74.969
16,18,8.0818,19.575,144.96,75.497
16,18,6.2754,19.952,151.54,79.857
16,18,5.5444,20.507,167.39,90.966
16,18,5.3897,20.194,156.93,83.003
16,18,5.7764,20.002,149.49,77.921
16,18,5.5377,20.65,161.62,84.569
16,18,5.063,20.07,152.04,78.294
16,18,6.0511,19.757,145.94,74.929
16,18,6.7234,20.174,155.67,81.355
16,18,6.1686,19.805,144.61,72.393
16,18,6.7239,20.196,154.41,80.769
16,18,5.5955,20.47,162.26,86.089
16,18,7.0598,19.552,142.42,71.549
16,18,6.203,19.504,143.13,72.726
16,18,5.8465,19.957,151.23,79.818
16,18,8.0175,19.667,143.86,73.399
16,18,6.422,20.256,158.01,83.474
16,18,6.7301,19.92,148.45,77.335
16,18,7.311,19.435,144.37,75.423
16,18,8.8238,19.574,148.07,78.246
16,18,5.6419,20.179,153.52,79.878
16,18,7.2841,20.371,156.78,80.199
16,18,6.0228,20.507,160.12,83.387
16,18,7.0932,20.039,152.69,79.352
16,18,7.6501,20.046,151.88,78.174
16,18,6.7488,19.766,149.83,77.8
16,18,5.5519,20.153,153.07,78.839
16,18,6.1522,20.286,153.03,78.94
16,18,4.3472,20.662,165.14,87.641
16,18,5.987,20.288,155.37,80.124
16,18,5.4945,19.746,145.06,74.773
16,18,6.9559,20.483,160.88,84.987
16,18,6.6012,20.661,166.31,88.632
16,18,6.9499,19.759,149.02,78.478
16,18,6.2943,20.043,152.14,78.44
16,18,5.6117,20.313,156.2,80.429
16,18,6.0294,20.26,154.63,79.435
16,18,7.9629,19.836,146.93,75.031
16,18,7.3852,20.348,156.83,80.98
16,18,8.118,19.714,143.11,72.081
16,18,6.6513,19.788,150.48,79.248
16,18,4.9758,20.045,150.71,77.659
16,18,6.241,20.268,157.02,81.766
16,18,6.7564,19.48,143.02,73.416
16,18,5.3796,19.786,150.91,80.27
16,18,6.1409,19.72,149.92,78.777
16,18,6.0215,19.841,149.67,77.903
16,18,5.7606,20.095,150.99,77.066
16,18,6.1072,20.611,166.25,88.653
16,18,8.3857,19.648,146.3,76.141
16,18,9.738,19.475,144.82,75.625
16,18,6.5703,20.412,159.37,83.485
16,18,8.6305,19.809,150.14,78.486
16,18,6.506,20.255,157.32,83.164
16,18,5.3225,20.086,154.16,81.121
16,18,6.4101,19.787,147.11,76.094
16,18,5.5392,20.296,159.02,84.557
16,18,6.148,20.099,150.14,76.566
16,18,6.2254,20.063,154.01,81.465
16,18,6.163,19.802,151.86,80.603
16,18,6.5788,19.629,147.32,77.352
16,18,7.2943,19.843,148.35,75.749
16,18,7.3235,19.594,143.93,73.861
16,18,7.2691,19.812,151.46,80.557
16,18,6.397,19.79,147.27,74.893
16,18,6.918,20.439,164.49,88.858
16,18,4.9298,20.132,157.59,84.035
16,18,7.5061,20.566,157.71,80.292
16,18,6.0834,19.846,147.59,76.351
16,18,6.0964,20.096,152.01,77.977
16,18,6.991,20.433,159.99,83.737
16,18,6.318,20.564,161.08,84.887
16,18,7.2283,20.084,154.84,82.101
16,18,6.1104,19.892,151.44,79.479
16,18,7.1933,20.069,151.38,78.708
16,18,7.5799,20.086,156.12,82.81
16,18,6.9388,19.818,149.33,78.115
16,18,6.8287,19.491,144.41,75.899
16,18,6.5934,19.853,152.57,80.633
16,18,6.0968,19.835,148.62,76.963
16,18,5.9613,19.754,150.52,79.564
16,18,5.6296,20.379,159.14,83.12
16,18,8.2505,19.298,138.63,71.442
16,18,6.4915,19.981,148.91,74.836
16,18,6.1143,20.315,158.33,83.297
16,18,7.4388,20.081,154.93,81.534
16,18,7.7453,20.144,151.47,76.853
16,18,5.9598,20.259,153.42,79.434
16,18,6.5378,19.895,150.49,78.748
16,18,6.4833,20.075,151.51,77.927
16,18,5.5754,20.835,167.56,88.612
16,18,6.6823,19.428,144.84,75.715
16,18,7.3546,19.734,146.35,76.261
16,18,6.5433,20.026,148.75,74.833
16,18,6.2537,20.584,160.41,84.104
16,18,6.3514,19.601,147.37,77.421
16,18,7.4116,19.884,149.17,76.041
16,18,5.2785,20.788,166.46,87.882
16,18,6.0933,20.336,158.82,84.273
16,18,9.7457,19.257,137.57,69.711
16,18,5.7062,20.301,158.02,83.999
16,18,5.9139,20.216,159.83,85.829
16,18,6.0278,19.759,151.46,80.714
16,18,5.3844,19.969,148.76,75.794
16,18,5.5757,20.289,155.89,80.721
16,18,8.0854,20.023,154.9,81.556
16,18,5.8466,20.461,159.53,83.001
16,18,6.0192,20.366,156.07,80.23
16,18,6.292,20.142,149.63,76.914
16,18,7.0505,19.652,145.21,74.586
16,18,6.8483,20.225,156.38,82.182
16,18,6.9093,20.105,154.35,80.06
16,18,7.3891,19.887,151.19,79.035
16,18,5.2462,20.069,150.28,77.392
16,18,6.3124,20.331,156.78,81.076
16,18,8.2439,19.54,142.63,72.867
16,18,6.553,20.227,155,79.958
16,18,5.7347,20.391,157.39,81.029
16,18,6.3053,20.321,154.05,78.413
16,18,6.433,20.201,155.67,80.773
16,18,6.8795,19.842,145.26,74.23
16,18,4.9737,20.101,153.54,79.592
16,18,7.3891,20.324,153.28,77.798
16,18,5.3827,20.619,162.48,85.61
16,18,6.1966,20.177,155.45,81.133
16,18,8.7815,20.039,152.89,79.221
16,18,7.5557,19.782,149.72,77.253
16,18,5.7396,20.438,161.57,85.339
16,18,6.6009,19.891,151.78,80.526
16,18,5.5515,20.179,159.15,84.667
16,18,4.272,20.533,165.66,89.513
16,18,6.9953,19.956,154.32,81.255
16,18,9.1711,20.389,162.5,87.125
16,18,6.4655,20.421,159.43,82.891
16,18,6.4268,19.594,144.42,74.317
16,18,5.8448,20.182,153.71,79.339
16,18,5.9389,20.137,154.29,80.467
16,18,6.2277,19.885,150.34,78.323
16,18,6.2557,20.062,151.06,77.505
16,18,5.6124,20.38,157.74,82.759
16,18,6.124,20.354,157.67,82.427
16,18,6.2291,20.204,156.58,82.69
16,18,7.654,19.635,145.44,74.46
16,18,5.65,20.354,156.28,80.636
16,18,5.3898,20.738,165.71,87.331
16,18,6.8961,19.532,145.3,76.027
16,18,6.2063,19.588,144.1,74.299
16,18,7.1197,19.809,147.59,76.403
16,18,6.5971,20.154,153.66,79.18
16,18,5.7585,20.194,154.4,80.103
16,18,6.4128,19.766,151.37,79.62
16,18,6.6237,20.102,155.95,83.1
16,18,7.5635,20.069,150.46,76.833
16,18,6.5257,19.989,152.31,79.386
16,18,5.6262,20.079,150.93,77.38
16,18,5.1249,20.383,159.69,83.669
16,18,8.0285,20.008,149.64,76.689
16,18,6.661,19.934,150.98,79.051
16,18,7.2813,20.021,151.59,78.616
16,18,5.017,20.453,159.28,81.793
16,18,7.0444,19.591,142.07,72.609
16,18,7.0463,19.955,151.29,78.211
16,18,5.3521,20.179,154.56,80.66
16,18,5.6972,20.502,161.11,84.706
16,18,7.0507,19.572,139.13,69.375
16,18,7.1716,19.969,151.35,79.458
16,18,5.1045,20.541,160.47,84.238
16,18,5.4235,20.425,159.69,83.832
16,18,6.313,20.078,153.71,79.749
16,18,5.9932,20.311,162.78,87.399
16,18,4.2482,20.454,157.98,81.805
16,18,5.3978,20.36,161.18,85.681
16,18,6.1819,20.225,155,81.526
16,18,5.7113,20.121,152.39,79.056
16,18,5.9528,20.133,153.66,79.882
16,18,7.1084,20.044,151.13,77.174
16,18,7.3291,19.623,143.99,73.181
16,18,5.2964,20.434,157.98,82.247
16,18,7.4271,19.578,147.63,77.599
16,18,5.9137,20.138,155.57,82.132
16,18,5.5019,19.788,149.89,78.306
16,18,9.3085,19.487,144.16,74.633
16,18,5.807,20.091,156.07,82.575
16,18,7.1264,19.886,150.26,78.28
16,18,6.1327,20.667,162.18,83.687
16,18,6.3062,20.151,154.13,78.807
16,18,6.5104,20.509,163.14,86.151
16,18,6.1382,20.476,159.65,83.715
16,18,5.0191,19.928,149.92,78.698
16,18,5.5421,20.88,167.71,86.903
16,18,5.8763,20.382,155.46,79.921
16,18,7.8914,19.454,143.17,74.163
16,18,6.9353,19.82,149.16,78.041
16,18,7.3634,19.983,154.35,81.401
16,18,6.7433,19.984,148.44,75.265
16,18,6.8875,20.474,158.61,81.79
16,18,7.0027,19.898,149.05,76.677
16,18,6.4552,20.311,157.39,82.401
16,18,5.6044,20.275,164.52,89.728
16,18,5.4585,19.97,153.55,80.931
16,18,6.2417,20.276,151.43,77.054
16,18,6.2596,20.129,158.86,84.936
16,18,5.8686,20.013,150.87,78.128
16,18,6.4065,19.761,146.27,74.774
16,18,6.5543,20.024,152.42,79.704
16,18,4.6484,20.323,152.66,76.692
16,18,7.4483,20.092,154.31,81.302
16,18,6.8185,19.795,148.65,77.071
16,18,6.4971,20.197,157.14,82.813
16,18,7.5278,20.006,154.73,82.712
16,18,6.4061,19.745,148.01,77.847
16,18,6.3194,19.812,148,76.576
16,18,8.7032,19.307,141.66,74.327
16,18,5.6267,20.413,161.63,86.063
16,18,5.3807,20.216,158.19,83.125
16,18,6.3056,20.452,157.35,80.477
16,18,5.6204,20.189,153.42,78.955
16,18,6.4414,19.852,145.75,75.301
16,18,7.2664,20.099,152.85,79.713
16,18,6.5255,20.529,160.6,83.52
16,18,5.1099,20.495,163.42,87.268
16,18,6.3338,20.127,157.19,83.358
16,18,6.7884,20.029,150.5,77.115
16,18,6.1996,20.383,157.12,81.338
16,18,7.2974,19.334,140.48,72.833
16,18,6.7499,20.768,162.93,84.612
16,18,6.9786,19.775,150.26,79.467
16,18,7.6454,20.033,147.87,73.267
16,18,6.7171,19.684,145.21,73.724
16,18,6.7585,20.337,152.68,76.411
16,18,5.4048,20.374,162.64,87.16
16,18,6.0857,19.435,139.83,71.092
16,18,6.9628,19.765,147.72,76.647
16,18,5.9707,19.842,150.85,79.124
16,18,5.3111,20.064,156.41,82.808
16,18,6.3514,20.287,155.51,80.813
16,18,6.9194,19.934,152.45,80.482
16,18,8.0431,20.103,154.7,80.45
16,18,5.7132,20.633,159.11,80.821
16,18,5.4651,19.923,149.48,76.406
16,18,8.1318,19.693,147.85,77.455
16,18,6.0815,20.387,163.26,88.663
16,18,6.236,20.154,154.82,80.311
16,18,6.9911,20.126,157.88,84.427
16,18,5.7042,20.605,161.19,84.116
16,18,5.1397,20.871,164.16,85.261
16,18,7.3177,19.486,143.07,74.407
16,18,5.542,20.268,156.8,82.199
16,18,7.0958,20.034,153.57,80.211
16,18,5.1503,20.339,156.15,81.148
16,18,5.8783,20.586,162.83,85.264
16,18,7.1375,20.069,151.13,77.495
16,18,6.9184,20.151,152.67,79.288
16,18,8.0676,19.86,147.74,74.635
16,18,8.6856,19.882,148.13,76.286
16,18,6.6168,20.592,165.92,89.07
16,18,7.7701,20.112,148.75,75.187
16,18,8.3607,19.198,135.59,67.858
16,18,7.9463,20.263,154.9,78.909
16,18,5.2185,20.099,154.52,81.905
16,18,6.2908,19.684,143.99,73.906
16,18,5.9648,20.107,151.49,76.679
16,18,6.4821,20.039,151.81,78.666
16,18,5.799,20.084,154.11,80.059
16,18,7.0017,19.797,146.8,75.859
16,18,6.8419,19.691,146.58,76.145
16,18,6.2633,20.03,152.29,79.001
16,18,7.3068,19.967,151.1,78.23
16,18,4.952,20.724,165.51,86.659
16,18,4.7603,20.98,171.15,90.228
16,18,5.8494,19.967,151.79,78.536
16,18,4.6827,20.618,160.77,83.731
16,18,6.1257,20.137,152.64,78.618
16,18,7.0474,20.203,153.66,79.451
16,18,5.7764,20.495,158.43,81.6
16,18,6.4155,20.273,156.65,82.314
16,18,7.0089,20.074,150.61,78.075
16,18,7.4392,19.733,146.71,75.667
16,18,6.2495,19.888,151.52,80.225
16,18,6.1002,20.11,152.53,79.85
16,18,4.9537,20.72,163.23,85.896
16,18,6.1678,20.245,153.04,78.857
16,18,7.2954,20.113,151.97,77.457
16,18,5.1843,20.403,157.63,80.812
16,18,7.6468,20.174,155.35,81.52
16,18,4.8927,20.164,156.8,83.459
16,18,7.0975,19.759,147.02,76.456
16,18,6.2451,19.853,146.82,75.014
16,18,4.9853,20.886,164.81,85.631
16,18,7.5992,19.225,138.61,71.794
16,18,5.6535,20.395,160.86,85.084
16,18,7.1007,20.293,159.3,84.91
16,18,6.3803,19.86,146.3,74.65
16,18,6.3745,19.744,152.7,81.172
16,18,6.8214,19.678,147.44,77.171
16,18,5.8179,20.355,157.28,82.843
16,18,7.1164,20.414,156.22,81.07
16,18,5.8465,20.194,155.64,81.005
16,18,4.7905,20.307,159.14,84.466
16,18,4.9602,20.17,153.75,79.051
16,18,5.6613,20.186,158.63,84.706
16,18,6.8834,20.304,154.77,79.319
16,18,4.7883,20.26,159.37,85.214
16,18,7.4614,20.251,160.86,86.499
16,18,8.1017,19.605,147.35,77.666
16,18,6.407,20.118,156.74,82.55
16,18,5.2068,20.482,156.08,79.398
16,18,5.9563,20.086,150.67,77.471
16,18,5.9916,20.21,154.68,81.19
16,18,5.7528,20.243,162.35,88.802
16,18,6.1411,19.609,146.13,76.268
16,18,7.5107,20.116,156.6,81.596
16,18,6.401,20.415,158.44,82.59
16,18,6.5022,19.565,143.98,74.358
16,18,7.0334,19.908,147.57,75.014
16,18,5.1967,20.954,170.06,89.18
16,18,5.2859,20.246,154.84,80.79
16,18,4.9692,20.451,158.41,81.902
16,18,6.2731,19.957,151.55,79.46
16,18,8.3057,19.639,145.26,75.088
16,18,5.8196,20.516,162.36,85.877
16,18,4.9711,21.065,168.4,87.499
16,18,6.6024,20.178,153.64,78.856
16,18,5.7642,20.009,153.28,80.326
16,18,7.8794,19.714,147.62,76.884
16,18,5.9188,20.38,155.71,79.901
16,18,5.2697,20.638,164.03,86.188
16,18,6.2724,19.756,147.15,76.437
16,18,6.3896,20.147,156.29,82.462
16,18,7.3904,19.894,150.36,78.479
16,18,6.8669,19.777,149.29,78.268
16,18,8.3616,19.639,147.76,77.449
16,18,4.813,20.514,157.13,80.755
16,18,5.4244,20.565,160.94,84.956
16,18,5.8903,20.589,164.79,87.829
16,18,6.0105,20.026,149.11,75.827
16,18,7.4055,20.099,151.12,77.226
16,18,6.7609,19.841,152.25,79.165
16,18,7.588,20.03,151.91,79.99
16,18,7.4197,20.253,158.3,84.079
16,18,7.9812,19.715,146.17,74.97
16,18,7.9206,19.689,147.21,76.808
16,18,5.7817,19.485,144.03,75.258
16,18,6.6408,20.259,156.18,80.307
16,18,6.4153,20.059,152.81,80.369
16,18,5.9113,20.257,153.32,78.874
16,18,6.1992,20.383,157.63,81.418
16,18,5.7795,19.93,147.95,75.435
16,18,4.7149,21.037,170.5,90.153
16,18,7.9463,19.963,150.86,78.135
16,18,6.9069,20.329,153.98,79.16
16,18,6.4996,20.028,151.83,79.395
16,18,7.5362,19.698,147.76,77.14
16,18,6.4098,20.595,165.07,87.432
16,18,8.4651,20.366,157.56,82.015
16,18,6.9106,20.018,150.76,77.232
16,18,6.4895,20.184,156.15,82.523
16,18,8.2414,19.378,143.16,74.529
16,18,5.415,20.144,154.83,81.596
16,18,5.7901,20.071,152.55,79.774
16,18,6.8976,20.263,155.96,80.958
16,18,5.1283,20.006,157.65,84.577
16,18,8.6085,19.998,150.13,77.901
16,18,7.1554,19.894,145.51,74.043
16,18,7.0567,20.256,153.69,78.812
16,18,6.2999,19.876,149.92,77.323
16,18,5.7738,20.444,158.6,82.78
16,18,6.4323,19.761,145.69,74.294
16,18,5.4165,20.231,155.58,81.439
16,18,6.6798,19.454,143.64,74.546
16,18,5.9792,19.586,142.36,71.294
16,18,5.524,19.563,148.52,78.929
16,18,8.0995,19.342,140.79,71.646
16,18,6.6004,20.129,156.39,82.831
16,18,5.3744,20.32,162.49,87.224
16,18,5.3213,20.523,158.85,81.975
16,18,7.618,19.942,155.75,83.371
16,18,7.0773,20.321,153.22,78.762
16,18,5.5866,20.064,149.82,77.255
16,18,7.023,19.996,150.66,77.459
16,18,7.4156,19.764,141.88,70.168
16,18,5.3427,20.338,154.87,78.992
16,18,5.2195,20.095,150.5,76.588
16,18,8.1995,19.627,147.71,77.508
16,18,7.4126,20.16,156.94,82.577
16,18,5.687,20.275,156.69,81.629
16,18,5.9511,19.949,154.34,82.274
16,18,5.9959,20.373,157.47,82.133
16,18,6.3551,19.768,152.1,80.466
16,18,6.8209,20.429,161.6,85.395
16,18,6.5703,19.908,147.94,76.201
16,18,5.2204,20.194,156.6,82.818
16,18,5.5205,20.375,159.72,85.126
16,18,6.5918,19.984,150.11,77.463
16,18,6.2543,19.775,149.28,77.86
16,18,6.2173,20.92,168.43,88.248
16,18,6.9923,20.047,155.09,81.93
16,18,7.5012,19.876,152.61,80.841
16,18,6.812,20.552,162.17,85.147
16,18,3.9388,20.632,163.22,85.641
16,18,6.4113,20.042,151.94,78.8
16,18,4.6213,20.28,154.54,79.599
16,18,5.9717,20.286,162.55,87.49
16,18,7.8199,19.84,149.83,78.185
16,18,6.9817,20.081,149.61,75.401
16,18,6.2516,19.844,150.81,79.291
16,18,6.676,19.649,143.39,72.454
16,18,6.2922,20.247,158.71,84.929
16,18,7.1681,20.016,153.2,80.569
16,18,7.131,19.73,147.55,76.176
16,18,6.4948,20.46,161.49,85.922
16,18,4.661,19.987,156,82.386
16,18,5.8056,20.245,155.23,80.891
16,18,5.5756,20.111,153.85,80.664
16,18,6.416,20.381,157.82,82.312
16,18,5.7288,20.49,159.86,84.321
16,18,5.1566,20.629,161.23,82.84
16,18,6.0826,19.985,154,80.543
16,18,6.0955,20.172,154.63,81.049
16,18,5.7593,20.178,154.38,81.021
16,18,4.7829,20.61,164.23,87.726
16,18,6.6503,19.53,144.47,75.32
16,18,7.8911,19.992,145.77,72.311
16,18,5.4973,20.274,156.93,81.918
16,18,5.0485,20.346,156.66,80.667
16,18,6.5129,20.485,164.12,87.427
16,18,5.4719,20.18,152.8,78.869
16,18,5.6333,20.33,160.45,86.828
16,18,4.3847,20.839,167.31,88.132
16,18,8.3195,20.541,159.36,82.903
16,18,6.5236,20.185,149.82,76.068
16,18,6.3573,20.136,152.02,77.244
16,18,7.0349,20.717,163.56,84.457
16,18,6.9696,19.831,148.6,77.244
16,18,6.1549,20.092,156.12,83.551
16,18,8.2487,19.752,144.37,73.391
16,18,6.6528,19.343,142.23,75.127
16,18,5.9918,19.346,143.17,74.768
16,18,6.8691,20.008,155.92,82.827
16,18,6.08,20.427,155.76,80.396
16,18,5.2039,19.993,145.48,72.755
16,18,5.9965,20,150.9,78.21
16,18,6.1078,19.49,143.8,74.102
16,18,6.3306,20.113,152.4,78.057
16,18,5.8094,20.506,161.62,85.068
16,18,6.2346,20.253,163.05,88.757
16,18,5.1324,20.581,159.08,82.202
16,18,6.9579,20.207,158.14,84.209
16,18,7.3238,19.924,151.06,79.609
16,18,5.7737,20.704,157.59,78.549
16,18,4.7693,20.447,162.37,86.531
16,18,7.1762,20.107,151.69,77.966
16,18,6.6756,19.919,150.73,78.592
16,18,6.1488,20.114,153.71,79.188
16,18,8.2726,19.673,145.69,74.856
16,18,6.8274,20.136,154.51,80.233
16,18,8.1043,19.379,141.64,73.023
16,18,6.4472,20.304,157.95,83.093
16,18,6.3551,19.842,148.68,76.775
16,18,5.6837,20.11,151.27,77.452
16,18,6.6278,19.783,147.92,76.143
16,18,7.5765,20.249,152.34,78.449
16,18,6.4534,19.517,138.31,68.858
16,18,7.3048,19.701,144.09,73.624
16,18,9.2494,19.559,145.75,76.38
16,18,6.776,19.891,149.86,77.315
16,18,7.8494,19.557,143.95,74.858
16,18,5.7336,20.179,157.01,82.929
16,18,7.0106,19.729,142.31,70.859
16,18,4.4887,20.089,152.21,77.83
16,18,6.8952,20.324,159.55,82.8
16,18,6.1881,19.683,147.71,77.838
16,18,7.7717,19.941,147.05,74.268
16,18,5.8343,20.469,157.77,81.012
16,18,7.7478,20.159,156.9,83.183
16,18,6.22,20.564,158.79,82.112
16,18,6.5025,19.918,147.89,74.963
16,18,7.8262,19.639,141.93,70.821
16,18,6.1387,20.042,156.13,82.765
16,18,6.1463,20.073,156.06,82.667
16,18,7.1498,19.724,147.65,75.54
16,18,7.2246,20.051,153.34,80.708
16,18,7.0647,20.25,155.14,79.372
16,18,5.7195,20.484,158.7,82.23
16,18,6.4516,19.511,144.09,74.779
16,18,5.7456,19.927,151.02,79.249
16,18,7.2979,19.789,150.37,78.936
16,18,6.1294,19.561,148.43,79.139
16,18,6.5404,20.083,153.38,79.347
16,18,7.8837,19.691,143.58,73.453
16,18,6.3151,20.115,155.4,81.568
16,18,6.6542,20.072,152.89,78.537
16,18,6.9932,20.72,166.49,87.621
16,18,6.9105,19.741,149.84,78.025
16,18,7.241,19.559,148.54,78.133
16,18,5.9896,20.772,162.2,82.675
16,18,6.1062,19.893,148.84,76.489
16,18,7.3154,20.181,155.55,81.676
16,18,4.9754,20.271,160.81,86.195
16,18,5.0701,20.884,168.91,88.848
16,18,6.2656,20.21,158.33,83.639
16,18,8.5841,19.697,142.44,71.417
16,18,8.9048,19.817,147.17,76.186
16,18,6.2952,20.049,148.91,75.987
16,18,6.0087,20.434,159.81,84.464
16,18,6.4482,19.732,150.18,79.139
16,18,6.1308,20.119,149.25,75.129
16,18,6.5806,19.761,147.09,76.02
16,18,5.1503,20.511,164,88.133
16,18,6.2103,20.179,155.26,79.849
16,18,6.421,20.125,152.4,78.719
16,18,5.5228,20.329,157.51,82.409
16,18,5.5782,20.137,157.25,83.133
16,18,5.9803,19.911,146.76,74.412
16,18,5.3078,20.546,163.01,85.387
16,18,4.6556,20.213,155.6,81.231
16,18,5.4174,19.904,147.96,76.224
16,18,7.0741,20.242,156.98,82.383
16,18,6.7646,19.94,151.74,79.736
16,18,7.1337,19.751,149.55,77.926
16,18,6.5188,19.882,150.93,78.192
16,18,5.9094,19.924,153.37,80.588
16,18,5.5616,20.506,166.03,90.1
16,18,4.9642,20.271,157.74,82.934
16,18,5.3201,20.434,158.28,81.32
16,18,5.5137,20.039,151.25,77.333
16,18,6.5832,20.038,155.76,83.36
16,18,5.5328,19.723,146.86,76.139
16,18,6.1356,19.971,151.48,78.522
16,18,6.579,20.659,160.83,81.978
16,18,6.6332,20.517,159.83,83.291
16,18,6.9985,20.109,156.4,82.828
16,18,5.4632,20.356,155.62,79.892
16,18,6.8038,20.126,154.98,81.195
16,18,5.7241,20.27,154.05,80.05
16,18,6.7252,20.151,154.64,81.819
16,18,6.0318,19.84,150.62,79.389
16,18,7.1438,20.084,149.46,75.362
16,18,7.0514,19.849,150.25,78.082
16,18,6.2538,20.112,152.08,78.537
16,18,7.667,19.619,148.36,78.256
16,18,5.7389,20.555,163.38,86.965
16,18,6.426,19.823,152.58,80.346
16,18,5.8705,20.011,151.52,78.861
16,18,5.661,20.487,161.44,84.762
16,18,6.3696,19.732,147.53,76.302
16,18,6.5617,19.762,148.45,76.753
16,18,7.3826,19.948,147.63,74.882
16,18,5.1074,20.811,164.63,84.86
16,18,6.5227,20.043,155.42,82.924
16,18,6.9631,19.932,150.84,79.045
16,18,5.3175,20.059,152.51,79.906
16,18,6.3296,19.902,152.33,79.756
16,18,6.224,20.301,155.86,80.729
16,18,5.4249,20.884,162.93,84.288
16,18,7.6308,20.029,154.55,82.019
16,18,7.0205,20.194,155.89,82.123
16,18,6.6369,20.651,162.03,83.792
16,18,7.2049,19.631,143.79,73.324
16,18,7.6234,19.655,147.93,77.475
16,18,6.0647,20.317,151.69,76.911
16,18,5.2056,19.883,151.7,79.973
16,18,7.6159,19.884,152.96,81.871
16,18,4.876,20.162,157.58,83.993
16,18,7.5338,20.301,158.49,84.179
16,18,5.8134,19.846,149.2,77.677
16,18,5.1406,20.259,155.37,80.868
16,18,6.0927,20.447,160.71,85.593
16,18,6.4409,20.436,158.93,82.433
16,18,6.9245,19.898,151.74,79.872
16,18,6.7545,20.228,154.99,80.197
16,18,6.3567,20.184,154.81,80.076
16,18,6.4651,20.018,149.25,74.431
16,18,7.7102,19.797,144.49,73.595
16,18,5.9912,20.234,152.97,77.698
16,18,6.5664,20.244,148.86,74.389
16,18,5.597,20.287,161.66,86.689
16,18,7.2644,19.786,146.23,75.452
16,18,5.7883,20.191,154.91,81.583
16,18,6.3265,19.261,137.52,70.239
16,18,6.5114,20.179,153.42,78.58
16,18,7.9115,19.789,146.82,74.849
16,18,5.5997,20.088,153.32,79.704
16,18,5.3339,20.619,167.64,90.334
16,18,6.9795,20.458,160.61,84.156
16,18,5.5573,20.52,164.29,86.876
16,18,5.2498,20.154,155.53,81.591
16,18,7.0757,19.519,142.81,73.225
16,18,5.7664,19.838,148.8,76.622
16,18,6.5144,19.982,150.8,77.71
16,18,6.9625,19.75,147.15,76.693
16,18,7.0822,19.812,149.1,77.387
16,18,6.6222,20.022,154.99,82.299
16,18,6.212,20.068,152.05,79.007
16,18,6.5715,20.163,152.86,77.753
16,18,4.784,20.422,163.87,87.462
16,18,7.0752,19.98,153.12,80.997
16,18,6.457,20.854,162.13,83.233
16,18,6.2761,19.766,148.55,77.37
16,18,6.9958,20.253,157.61,82.753
16,18,6.4646,20.15,151.58,77.493
16,18,5.9626,20.286,158.49,84.082
16,18,5.0977,20.051,150.95,77.828
16,18,7.8043,19.83,145.78,73.842
16,18,6.2268,20.278,156.6,82.118
16,18,7.2687,19.388,141.74,73.175
16,18,5.9796,20.562,162.27,85.249
16,18,7.3149,19.597,146.2,77.098
16,18,8.7329,19.327,140.36,71.85
16,18,7.7991,19.918,147.7,75.568
16,18,5.5986,20.858,165.96,87.663
16,18,6.5735,20.058,147.98,75.436
16,18,7.1908,19.889,147.76,75.741
16,18,6.9816,19.698,144.81,74.083
16,18,6.5005,20.156,153.25,80.061
16,18,7.16,20.432,161.26,85.136
16,18,6.1592,19.928,152.62,80.932
16,18,5.8712,20.54,161.81,84.578
16,18,7.3556,19.909,150.29,78.169
16,18,6.9073,20.085,156.12,82.844
16,18,5.9036,20.849,161.9,83.055
16,18,6.87,20.047,153.21,80.387
16,18,6.3845,20.248,160.25,85.528
16,18,5.424,20.263,150.9,76.381
16,18,7.0712,20.253,161.34,85.924
16,18,7.1552,20.031,152.13,79.041
16,18,4.7161,20.289,155.92,80.365
16,18,9.1972,19.653,144.1,73.275
16,18,6.666,19.653,146.36,76.012
16,18,5.7117,20.237,160.11,85.649
16,18,6.1195,20.194,160.81,87.605
16,18,6.5905,20.336,155.97,79.762
16,18,6.0341,20.023,156.16,82.845
16,18,6.1151,20.407,156.66,80.13
16,18,6.0868,20.089,153.12,80.021
16,18,5.9475,20.331,158.42,83.578
16,18,4.8179,21.059,173.09,92.764
16,18,9.0289,19.51,144.24,75.292
16,18,7.5468,19.532,145.61,76.853
16,18,4.9745,20.129,155.56,82.721
16,18,5.8667,20.259,154.18,78.901
16,18,6.7473,20.505,160.64,84.756
16,18,7.6067,20.138,151.3,76.722
16,18,6.9635,20.397,161.42,85.937
16,18,5.7928,20.526,159.39,83.072
16,18,5.1797,19.862,152.92,81.323
16,18,6.7468,19.801,146.74,75.173
16,18,7.8428,19.893,147.85,74.959
16,18,5.181,19.855,150.21,78.656
16,18,4.6938,20.104,152.09,79.021
16,18,7.0495,20.548,158.24,82.355
16,18,6.8804,19.984,154.35,81.777
16,18,5.3671,20.47,159.08,83.492
16,18,4.6735,20.502,159.18,82.277
16,18,8.1979,20.36,157.06,81.243
16,18,4.7881,20.397,160.33,84.919
16,18,6.5998,20.145,154.34,80.8
16,18,6.2769,20.077,154.62,81.661
16,18,8.44,19.306,141.29,72.37
16,18,7.1696,19.823,150.93,79.095
16,18,7.603,20.365,158.26,83.099
16,18,4.9584,20.499,160.75,84.583
16,18,6.8091,20.657,163.25,84.768
16,18,6.1802,20.222,157.74,83.296
16,18,5.5482,20.266,157.74,83.864
16,18,7.0673,20.292,155.47,81.311
16,18,5.0904,19.98,151.88,78.562
16,18,5.5092,20.258,155.21,80.759
16,18,6.9764,20.156,156.9,83.581
16,18,6.1679,19.975,147.58,74.559
16,18,8.4254,19.944,149.77,76.821
16,18,6.0278,20.132,153.67,79.344
16,18,6.9037,19.858,148.5,77.475
16,18,6.2875,20.165,155.63,80.604
16,18,5.7206,20.43,159.73,83.529
16,18,5.4401,20.471,157.65,80.485
16,18,6.1897,20.348,160.65,85.063
16,18,6.7574,20.159,154.91,79.992
16,18,5.6253,20.768,161.72,83.191
16,18,6.4374,20.172,154.99,80.171
16,18,5.0362,20.531,156.18,79.469
16,18,5.2959,20.475,156.64,80.583
16,18,5.7326,20.076,156.05,82.585
16,18,6.1744,19.955,151.56,79.639
16,18,5.964,20.043,151.9,78.682
16,18,5.3843,20.042,151.92,78.472
16,18,6.7111,19.841,149.9,78.614
16,18,6.7548,20.231,155.79,80.248
16,18,7.3612,19.834,146.7,75.687
16,18,6.003,20.238,158.31,84.878
16,18,5.5871,20.019,152.64,78.59
16,18,7.5744,20.061,154.35,82.139
16,18,6.5413,20.328,160.85,86.197
16,18,7.7791,20.358,155.15,80.466
16,18,7.5272,20.214,155.8,81.011
16,18,8.0527,19.735,143.41,73.101
16,18,6.7953,20.365,156.09,80.676
16,18,5.658,20.254,153.56,78.023
16,18,6.4203,20.305,160.65,86.722
16,18,8.2211,19.226,136.98,68.728
16,18,5.9838,20.587,158.62,81.371
16,18,6.5283,20.229,157.24,81.826
16,18,6.571,20.022,153.18,79.822
16,18,5.3977,20.047,153.74,80.259
16,18,6.3568,20.1,152.79,78.211
16,18,7.7062,19.739,146.5,75.367
16,18,7.4615,19.434,139.67,70.889
16,18,7.7352,19.707,146.86,75.967
16,18,6.7668,19.948,155.75,83.713
16,18,4.8266,20.013,156.96,84.034
16,18,5.5767,20.056,152.61,79.458
16,18,7.1243,20.047,151.74,78.523
16,18,6.7784,20.234,152.42,77.227
16,18,5.1486,19.972,155.38,81.77
16,18,7.6134,19.431,141.94,73.086
16,18,6.3437,20.334,159.05,84.364
16,18,5.7339,20.012,156.34,83.213
16,18,6.3756,20.12,153.27,78.859
16,18,7.1563,19.955,151.6,79.103
16,18,7.1171,19.934,155.64,83.495
16,18,5.3958,20.486,161.44,85.923
16,18,6.3841,20.056,151.54,79.129
16,18,6.3636,19.991,153.1,79.81
16,18,6.1113,20.549,163.28,85.818
16,18,5.6574,20.586,165.34,88.522
16,18,7.2546,20.075,151.11,77.654
16,18,5.7319,20.507,163.81,87.204
16,18,7.7024,19.63,142.13,72.799
16,18,5.6633,20.046,152.75,79.243
16,18,7.8595,20.055,153.74,80.768
16,18,6.3117,19.808,147.22,74.965
16,18,8.7886,19.662,143.56,73.54
16,18,5.6235,19.709,149.78,78.84
16,18,7.9608,19.512,142.85,73.649
16,18,4.5921,20.101,154.17,81.281
16,18,7.0826,20.518,158.49,81.842
16,18,5.7426,20.164,157.96,83.945
16,18,8.2976,19.739,146.43,75.836
16,18,7.8614,20.014,151.87,78.593
16,18,6.4685,20.243,152.49,76.698
16,18,8.5434,19.901,147.98,74.657
16,18,7.7916,19.828,150.95,79.6
16,18,7.3174,19.588,145.09,74.89
16,18,7.3156,19.841,147.69,75.955
16,18,5.4218,19.843,150.35,79.19
16,18,5.3825,20.703,168.4,90.412
16,18,6.7016,19.902,149.54,76.548
16,18,6.2893,19.896,151.08,78.558
16,18,6.811,20.384,155.71,80.048
16,18,6.9228,19.688,148.61,77.51
16,18,7.9311,19.654,142.95,72.881
16,18,7.4011,19.807,142.39,70.682
16,18,6.0264,20.38,159.76,83.526
16,18,6.3603,19.677,148.26,78.055
16,18,7.5042,20.733,164.95,86.161
16,18,5.9243,20.153,157.22,83.387
16,18,6.7401,20.366,158.45,82.201
16,18,5.2104,20.531,163.34,85.641
16,18,7.3919,20.084,155.81,81.383
16,18,5.4547,20.142,157.56,83.909
16,18,7.4016,19.949,152.97,80.297
16,18,6.0274,20.471,158.13,81.896
16,18,8.0354,19.821,150.22,78.808
16,18,5.7199,20.635,163.43,86.438
16,18,6.4901,19.687,149.06,78.933
16,18,5.6087,20.212,152.95,79.049
16,18,6.503,20.129,154.28,81.043
16,18,5.8831,20.238,157.91,83.654
16,18,7.6773,19.294,139.8,72.648
16,18,5.5397,20.036,153.42,79.521
16,18,9.0406,19.947,146.58,73.512
16,18,6.0075,20.048,152.01,79.67
16,18,5.3629,20.219,153.74,79.987
16,18,6.6275,20.057,152.68,78.318
16,18,6.8334,20.302,154.93,79.512
16,18,6.6797,19.687,144.94,73.63
16,18,6.077,20.273,152.34,77.138
16,18,6.8401,19.919,149.2,76.788
16,18,7.7236,19.731,148.53,77.019
16,18,5.7322,20.315,155.8,79.941
16,18,6.5207,20.29,158.42,84.503
16,18,6.1131,19.816,149.8,78.902
16,18,5.4461,20.211,157.54,83.744
16,18,7.1064,20.35,159.43,84.489
16,18,7.1332,19.715,145.08,74.906
16,18,8.6947,19.717,149.45,79.242
16,18,7.9902,19.968,150.63,78.665
16,18,5.5876,20.38,152.14,76.426
16,18,5.2626,20.409,163.65,88.777
16,18,7.4704,20.167,158.6,84.096
16,18,5.6772,19.937,151.03,78.763
16,18,6.0349,19.298,138.99,70.996
16,18,6.9049,20.007,150.45,77.11
16,18,6.5363,20.243,158.26,82.973
16,18,6.231,20.36,159.91,85.16
16,18,6.2947,19.942,150.77,78.127
16,18,5.931,20.073,153.3,80.614
16,18,7.1063,19.935,149.88,77.215
16,19,7.8777,19.643,146.68,75.532
16,19,5.0257,20.461,163.08,87.197
16,19,5.3541,20.676,165.52,87.507
16,19,6.1048,19.832,149.75,77.543
16,19,6.1656,20.528,162.4,85.431
16,19,5.7163,20.282,151.31,76.748
16,19,6.5246,20.562,155.72,78.12
16,19,6.1831,21.105,166.01,85.128
16,19,5.6854,20.284,157.97,83.945
16,19,6.3405,20.146,155.91,82.598
16,19,5.7051,20.814,163.8,85.529
16,19,5.1477,20.508,162.45,86.38
16,19,7.5229,19.947,150.02,76.844
16,19,5.5439,20.141,156.03,82.666
16,19,6.7833,19.992,149.71,76.932
16,19,7.0748,19.648,142.26,71.618
16,19,5.9196,20.36,160.91,85.418
16,19,4.6766,21.337,173.33,91.026
16,19,6.2899,20.408,162.82,86.977
16,19,6.3061,20.672,162.07,83.842
16,19,5.6756,19.928,149.91,77.652
16,19,6.1625,20.446,159.79,83.96
16,19,5.2572,20.128,157.36,83.29
16,19,6.9918,19.931,149.81,77.625
16,19,7.7894,19.302,141.62,72.993
16,19,7.0294,20.238,158.82,84.577
16,19,6.1173,20.11,150.42,76.697
16,19,7.0755,20.19,153.01,79.07
16,19,5.5982,20.544,164.92,87.424
16,19,5.9826,20.052,150.62,77.704
16,19,7.0591,19.867,153.19,81.563
16,19,5.4538,20.663,163.46,84.747
16,19,5.5696,20.052,154.52,81.764
16,19,6.9362,20.141,160.2,87.005
16,19,6.8629,20.348,155.83,80.478
16,19,6.9066,20.032,150,77.257
16,19,6.7881,20.119,150.82,76.91
16,19,5.6378,20.516,161.98,85.2
16,19,4.7105,20.263,159.48,84.141
16,19,6.0063,20.451,162.05,86.027
16,19,8.1644,19.826,147.38,75.566
16,19,7.7175,20.581,159.48,82.222
16,19,7.4697,19.92,151.7,79.487
16,19,5.8308,20.409,164.11,87.431
16,19,6.2272,20.304,159.61,85.13
16,19,7.0937,19.95,152.59,79.758
16,19,6.2756,19.691,148.09,78.226
16,19,5.575,20.632,158.41,81.236
16,19,6.2956,20.094,157.78,83.274
16,19,6.6471,20.058,156.34,82.669
16,19,6.977,20.116,157.12,82.024
16,19,7.4876,20.148,151.19,77.027
16,19,8.3074,19.673,145.02,73.789
16,19,6.4302,20.325,156.61,81.25
16,19,5.6028,20.053,150.98,77.694
16,19,7.3186,19.81,145.55,73.521
16,19,6.1322,20.322,156.42,81.809
16,19,8.6403,20.023,152.78,79.832
16,19,6.1672,20.239,157.98,82.865
16,19,6.0402,20.38,162.83,87.495
16,19,6.6874,20.631,162.88,84.574
16,19,7.0475,19.991,152.7,80.022
16,19,7.9424,19.823,152.08,80.084
16,19,6.6415,20.452,158.7,81.596
16,19,5.4295,20.629,164.11,86.294
16,19,7.7224,19.654,143.47,73.763
16,19,5.9062,20.222,155.39,81.281
16,19,6.4945,20.432,157.87,81.379
16,19,6.4726,20.393,158.41,83.343
16,19,5.4368,20.648,161.84,85.321
16,19,5.8218,19.945,152.44,79.641
16,19,6.022,20.406,159.45,83.575
16,19,7.2514,20.046,152.64,78.714
16,19,7.428,19.523,146.49,77.702
16,19,6.5621,19.762,148.86,78.181
16,19,5.467,20.023,151.82,77.231
16,19,5.6019,20.24,152.35,77.02
16,19,7.1603,20.334,157.11,81.499
16,19,6.6961,20.473,158.62,82.933
16,19,7.7899,20.374,160.65,85.482
16,19,7.2776,20.172,157.25,83.102
16,19,5.9638,20.827,165.42,86.041
16,19,6.6797,19.64,144.75,74.299
16,19,6.4708,19.767,148.04,77.712
16,19,6.2537,20.091,157.05,84.097
16,19,6.7553,20.156,155.41,80.672
16,19,6.4755,20.577,162.2,85.403
16,19,7.7897,20.65,163.15,85.409
16,19,6.2684,20.053,155.31,82.597
16,19,5.0181,20.011,150.93,77.546
16,19,6.335,19.863,152.78,80.859
16,19,5.9555,20.332,159,84.329
16,19,5.4781,20.808,167.03,88.069
16,19,6.3935,20.679,166.47,87.945
16,19,7.5166,20.13,153.83,80.802
16,19,4.9773,20.142,154.93,81.924
16,19,6.4346,20.546,161.54,84.936
16,19,6.8695,20.564,158.82,81.569
16,19,6.7967,20.117,156.22,82.5
16,19,5.6802,20.439,160.54,84.047
16,19,6.2108,20.145,156.38,82.905
16,19,5.9949,20.554,162.87,85.545
16,19,6.1561,20.297,155.33,79.72
16,19,5.1371,20.206,156.36,82.374
16,19,6.5933,20.5,163.56,87.429
16,19,6.5738,20.225,156.63,82.846
16,19,4.7416,20.352,155.97,80.097
16,19,7.7611,19.932,149.92,77.985
16,19,8.036,19.483,145.89,77.451
16,19,5.1246,20.489,156.4,79.653
16,19,5.8133,20.277,156.19,81.579
16,19,5.789,20.437,162.77,86.108
16,19,6.3385,20.391,154.87,77.291
16,19,6.2792,19.95,153.58,81.972
16,19,6.4899,20.769,166.36,86.657
16,19,5.2264,20.638,159.97,83.179
16,19,6.7503,20.142,154.2,79.861
16,19,6.1681,20.201,160.78,87.104
16,19,8.3456,20.116,154.04,78.955
16,19,8.2174,19.361,141.56,72.71
16,19,5.7282,19.899,147.84,75.883
16,19,6.5535,20.343,158.09,81.92
16,19,6.4028,20.083,155.3,82.603
16,19,4.7385,20.627,163.41,86.522
16,19,6.077,20.355,162.4,86.861
16,19,5.8822,20.547,160.84,84.835
16,19,7.0816,19.769,145.05,73.375
16,19,5.8506,19.972,150.67,77.451
16,19,6.7839,20.347,156.8,81.252
16,19,5.1821,20.645,164.27,87.762
16,19,7.1188,19.898,151.19,78.875
16,19,5.504,20.434,158.48,82.77
16,19,8.6423,19.777,152.39,81.147
16,19,5.8602,20.265,158.64,83.902
16,19,7.8319,19.751,146.97,74.764
16,19,7.6057,20.183,157.68,82.661
16,19,9.2207,19.674,145.51,74.479
16,19,6.9843,20.24,154.88,80.801
16,19,7.0002,19.812,150.09,78.386
16,19,4.966,20.63,159.54,83.208
16,19,4.7456,20.112,152.74,79.239
16,19,6.464,19.676,145.15,74.395
16,19,6.9639,19.975,154.78,82.038
16,19,5.7055,20.027,152.11,79.602
16,19,5.7655,20.194,157.19,82.636
16,19,7.6241,19.853,151.04,78.511
16,19,7.1816,20.2,153.18,78.97
16,19,8.2995,19.675,149.82,79.192
16,19,7.5971,19.943,151.36,78.403
16,19,5.821,20.352,157.11,81.952
16,19,7.0363,19.87,150.28,78.829
16,19,4.5145,20.372,158.04,82.463
16,19,5.0869,20.322,156.79,81.278
16,19,6.2235,19.851,150.41,77.572
16,19,6.4457,19.977,152.32,79.3
16,19,6.876,19.87,148.1,75.689
16,19,4.9361,20.213,159.75,85.034
16,19,5.498,20.589,162.44,84.56
16,19,6.1204,20.095,152.48,78.166
16,19,5.9697,20.129,150.36,76.229
16,19,7.2323,20.192,152.08,77.659
16,19,5.2956,20.249,154.22,79.545
16,19,6.5798,20.01,152.71,79.886
16,19,5.4321,19.944,152.4,79.932
16,19,8.2081,19.453,143.35,74.403
16,19,6.9898,20.247,155.58,80.064
16,19,7.4429,20.411,158.2,81.328
16,19,7.4001,20.221,156.98,81.901
16,19,5.0886,20.143,149.7,76.015
16,19,6.1805,19.902,147.74,75.412
16,19,4.7444,19.942,151.48,78.787
16,19,7.7966,19.812,150.4,78.505
16,19,8.8711,19.819,147.15,75.498
16,19,5.8302,20.059,154.3,81.24
16,19,7.1915,19.905,152.01,80.674
16,19,5.7394,19.989,149.29,75.772
16,19,6.5509,20.249,158.03,83.729
16,19,5.2463,20.622,163.67,86.558
16,19,5.784,19.49,144.97,76.463
16,19,5.9936,20.148,155.22,80.295
16,19,7.1586,19.796,149.38,78.055
16,19,8.213,19.851,146.72,74.351
16,19,4.9095,20.564,160.21,83.079
16,19,6.371,20.207,155.39,80.654
16,19,6.7001,20.283,158.8,83.58
16,19,6.9714,19.82,147.53,76.409
16,19,6.0436,20.238,156.12,81.844
16,19,7.9632,19.737,150.22,79.079
16,19,5.9094,20.312,155.8,81.055
16,19,6.9241,20.417,161.2,84.697
16,19,5.6034,20.416,159.44,84.945
16,19,4.7786,20.744,167.13,89.929
16,19,7.3934,20.281,154.81,79.593
16,19,7.2173,20.568,159.77,82.161
16,19,5.7605,20.109,155.28,81.577
16,19,8.2219,19.845,146.32,74.46
16,19,5.6243,20.473,156.07,80.909
16,19,4.0899,20.748,163.85,85.537
16,19,5.2015,20.374,155.25,80.323
16,19,5.7919,20.448,163.34,87.9
16,19,5.7671,20.363,159.1,84.298
16,19,6.8571,19.942,154.68,82.945
16,19,5.248,20.352,158.99,83.496
16,19,6.388,20.458,162.99,85.872
16,19,6.1677,20.308,152.46,76.225
16,19,7.4118,19.611,144.21,73.681
16,19,6.5492,19.413,142.65,74.391
16,19,6.5625,20.094,154.68,81.116
16,19,5.7901,20.316,155.86,80.633
16,19,6.0098,19.906,153.58,81.961
16,19,7.4649,20.174,151.31,76.083
16,19,4.6805,20.206,157.73,83.628
16,19,5.4957,20.035,156.45,83.564
16,19,8.6548,19.731,146.44,75.414
16,19,7.1682,19.705,146.46,75.343
16,19,6.9793,19.878,151.27,78.88
16,19,5.9838,20.71,162.74,84.141
16,19,5.305,20.737,161.25,83.437
16,19,7.275,19.718,143.1,71.966
16,19,6.6605,20.142,154.35,80.256
16,19,6.4926,20.035,149.63,77.161
16,19,5.6442,20.763,163.12,84.378
16,19,7.7798,20.132,147.82,73.549
16,19,6.2221,20.611,158.66,80.613
16,19,6.5273,20.48,160.63,84.238
16,19,5.8367,20.105,156.63,82.991
16,19,8.6317,20.283,156.39,81.376
16,19,5.4386,19.992,154.11,81.115
16,19,6.8173,19.806,151.02,79.744
16,19,6.3784,20.906,167.51,88.138
16,19,5.8891,20.184,157.4,83.076
16,19,6.9939,19.877,151.03,78.546
16,19,5.1633,19.927,147.57,74.08
16,19,8.5381,20.107,154.99,82.012
16,19,6.324,20.232,159.31,84.053
16,19,5.7474,20.597,164.46,87.439
16,19,6.5315,20.262,158.71,85.513
16,19,5.9112,20.282,154.24,79.074
16,19,7.9192,19.946,152.69,80.659
16,19,6.9835,19.744,147.5,76.129
16,19,5.4979,20.307,158.32,83.378
16,19,6.0416,20.548,158.96,81.129
16,19,7.7198,19.977,148.6,75.74
16,19,6.8752,19.918,146.24,74.996
16,19,6.4394,20.044,156.74,84.131
16,19,6.4033,19.768,149.33,78.041
16,19,6.7229,20.129,152.73,78.723
16,19,5.9676,20.721,163.17,85.923
16,19,5.2496,20.573,160.85,83.371
16,19,5.4514,20.41,160.13,85.058
16,19,5.4767,20.739,163.61,85.841
16,19,6.716,20,151.98,78.613
16,19,6.2049,20.101,155.69,81.083
16,19,5.791,20.647,166.23,89.328
16,19,4.2652,20.482,159.11,82.219
16,19,5.8212,20.305,158,82.62
16,19,7.2039,20.023,152.79,79.186
16,19,6.1009,20.099,156.92,83.034
16,19,7.6567,19.819,155.27,84.205
16,19,7.7312,19.523,140.96,70.911
16,19,8.5302,20.214,161.02,87.461
16,19,6.266,20.254,151.95,77.654
16,19,7.097,19.696,144.96,74.476
16,19,6.4748,20.194,156.58,82.436
16,19,6.8297,19.955,154.39,82.686
16,19,6.5275,20.23,156.32,81.669
16,19,5.623,20.291,159.3,85.287
16,19,7.2707,19.718,147.35,77.362
16,19,5.9083,20.317,153.93,78.47
16,19,6.6015,19.826,142.01,70.241
16,19,6.7031,20.101,156.96,83.496
16,19,6.0181,20.526,158.95,82.346
16,19,5.4613,20.261,157.54,83.339
16,19,8.6711,20.047,154.31,79.715
16,19,8.5989,20.107,155.4,81.05
16,19,6.459,19.938,152.54,81.004
16,19,7.8444,19.48,139.77,70.478
16,19,6.2861,20.054,152.05,78.357
16,19,6.4176,19.924,151.89,79.527
16,19,7.2334,19.973,147.3,73.655
16,19,5.1773,20.757,165.7,87.85
16,19,4.9113,20.834,163.34,83.543
16,19,7.0976,20.525,158.2,81.531
16,19,7.6409,19.658,146.53,76.51
16,19,8.0641,19.765,149.84,78.261
16,19,6.0851,20.496,159.96,83.341
16,19,7.5103,19.998,152.72,80.342
16,19,7.4959,19.741,147.88,76.697
16,19,7.0689,19.866,148.1,75.528
16,19,5.9397,20.377,159.6,83.988
16,19,4.6957,20.533,163.37,86.268
16,19,8.1875,19.837,149.3,78.167
16,19,6.9258,20.312,156.4,81.271
16,19,5.9229,20.44,159.84,83.067
16,19,6.3983,20.083,151.63,78.551
16,19,5.8818,20.074,152.06,79.54
16,19,5.9525,20.212,153.56,79.228
16,19,7.2954,19.62,145.14,74.906
16,19,6.9509,20.137,152.12,77.95
16,19,6.6242,20.54,166.85,89.793
16,19,7.1656,19.669,148.44,77.338
16,19,4.9783,20.535,164.42,87.759
16,19,5.7083,20.545,153.76,77.215
16,19,5.9537,20.307,161.01,86.813
16,19,6.4867,20.198,159.44,83.84
16,19,8.8359,20.346,153.65,78.559
16,19,6.7109,19.944,153.53,80.725
16,19,5.5602,20.146,152.87,77.495
16,19,8.0243,19.664,145.96,75.865
16,19,5.1042,20.517,158.77,81.809
16,19,4.5642,20.332,159.97,85.728
16,19,7.3565,19.924,147.46,75.287
16,19,5.6081,20.311,159.57,84.414
16,19,7.8205,19.354,143.3,75.502
16,19,7.7436,20.096,154.44,80.527
16,19,6.7874,20.289,160.75,86.22
16,19,6.6165,19.984,153.46,81.098
16,19,7.1219,20.387,163.07,86.901
16,19,6.2554,20.202,154.28,80.56
16,19,5.7534,20.747,164.91,86.234
16,19,6.2168,20.419,159.72,83.217
16,19,7.1847,20.084,150.38,77.281
16,19,5.4957,20.361,160.72,85.937
16,19,7.272,19.681,145.27,74.483
16,19,6.5436,19.63,145.64,75.526
16,19,5.464,20.23,151.96,78.321
16,19,6.2062,20.419,160.94,85.151
16,19,5.2141,20.049,151.72,78.592
16,19,7.0019,20.148,152.38,77.944
16,19,6.6983,20.106,152.18,79.126
16,19,5.6084,20.522,156.89,79.099
16,19,5.8369,20.119,152.41,79.068
16,19,6.2341,20.645,160.68,83.287
16,19,7.749,20.037,152.21,78.784
16,19,6.0032,20.348,159.79,84.115
16,19,6.4192,20.32,156.89,80.794
16,19,6.3602,20.603,169.01,91.028
16,19,7.3937,20.135,152.45,78.696
16,19,7.0261,19.926,151.58,78.665
16,19,5.6355,20.667,164.27,86.686
16,19,7.9223,20.18,152.63,78.796
16,19,5.841,20.194,155.98,81.224
16,19,5.309,20.879,164.36,85.493
16,19,7.8033,20.184,158.45,84.256
16,19,6.4441,20.467,161.46,84.436
16,19,6.7034,19.623,140.39,69.502
16,19,5.1804,20.363,159.8,83.636
16,19,6.9365,19.557,145.15,76.211
16,19,6.7677,19.782,145.45,73.918
16,19,8.8607,19.665,145.48,74.714
16,19,7.136,20.451,158.52,82.898
16,19,6.4627,20.163,158.18,83.991
16,19,7.483,20.093,156.38,82.694
16,19,7.1368,19.989,152.79,80.063
16,19,6.5777,19.783,141.38,70.009
16,19,6.532,20.206,157.24,82.015
16,19,7.1195,20.404,153.98,77.59
16,19,6.4349,19.636,146.06,75.335
16,19,5.9055,20.286,156.35,80.566
16,19,6.0149,20.393,159.81,84.593
16,19,6.3726,20.56,162.67,84.933
16,19,4.6702,20.781,168.21,90.124
16,19,6.2714,19.718,143.38,72.129
16,19,5.5488,20.16,153.32,78.923
16,19,5.9583,19.914,152.96,80.7
16,19,5.4701,20.588,165.11,88.193
16,19,7.7324,20.609,168.03,90.99
16,19,6.9421,19.968,147.88,74.72
16,19,5.9574,19.874,152.54,80.047
16,19,6.5763,20.193,155.63,81.378
16,19,6.9196,19.642,145.94,75.565
16,19,7.3516,20.141,157.22,83.727
16,19,6.0646,20.4,158.61,82.736
16,19,6.4067,19.961,152.24,80.259
16,19,7.2685,20.597,161.63,83.842
16,19,8.2139,19.835,152.99,81.946
16,19,6.4686,19.538,150.74,81.572
16,19,6.2091,20.374,162.64,86.552
16,19,7.4885,19.905,149.61,78.129
16,19,8.2642,20.053,154.64,81.606
16,19,6.2931,20.32,156.52,81.549
16,19,5.4759,20.341,160.58,84.338
16,19,8.0757,19.979,153.8,81.086
16,19,5.6247,20.442,156.43,80.814
16,19,6.7311,19.594,147.3,77.466
16,19,5.8269,19.651,152.16,82.404
16,19,7.1007,20.451,164.9,89.216
16,19,6.8362,20.361,152.1,77.126
16,19,7.205,20,150.09,77.036
16,19,6.4916,20.269,154.08,79.119
16,19,7.5706,20.198,159.07,83.841
16,19,9.1201,19.957,153.92,81.834
16,19,8.2854,19.635,148.27,77.9
16,19,6.6812,20.298,153.57,78.374
16,19,7.854,20.127,153.08,78.747
16,19,7.3171,20.175,158.91,85.523
16,19,7.4222,20.394,156.17,80.48
16,19,6.0262,20.073,154.92,81.876
16,19,7.4344,20.055,154.39,81.808
16,19,5.5423,20.377,158.53,82.826
16,19,4.752,20.553,162.73,86.147
16,19,6.1501,20.095,153.39,79.489
16,19,5.9358,20.521,164.37,87.045
16,19,6.706,19.856,149.28,77.446
16,19,4.6921,21.015,173.87,93.504
16,19,7.7514,20.072,156.19,82.535
16,19,5.9688,20.19,153.18,78.239
16,19,6.9072,20.043,151.36,78.37
16,19,8.8889,19.692,147.84,77.594
16,19,6.7284,19.664,144.7,75.386
16,19,5.0244,20.478,158.12,82.462
16,19,5.9771,20.664,166.28,87.667
16,19,6.7615,20.128,151.76,78.758
16,19,4.4134,20.186,151.54,77.292
16,19,6.7142,19.865,152.75,79.977
16,19,5.9127,20.844,167.8,88.869
16,19,7.2689,19.865,148.6,77.053
16,19,8.7406,19.973,151.08,77.754
16,19,5.6439,20.6,161.1,84.058
16,19,5.9072,20.222,154.38,78.828
16,19,7.1294,20.04,149.26,76.737
16,19,7.5672,19.512,147.12,77.18
16,19,7.33,19.851,155.88,84.049
16,19,4.2646,20.332,160.46,84.54
16,19,7.3053,19.928,150.4,77.543
16,19,7.9349,20.1,155.59,81.563
16,19,5.6485,20.248,155.44,80.643
16,19,4.6307,20.991,170.28,90.283
16,19,5.8137,20.341,157.2,82.48
16,19,5.0105,20.789,161.55,81.9
16,19,7.7131,19.924,150.73,77.386
16,19,7.4584,20.095,152.54,78.833
16,19,6.2087,20.174,160.09,85.05
16,19,6.4846,20.259,155.89,81.622
16,19,6.0089,20.317,158.63,83.453
16,19,8.1366,20.121,154.76,82.164
16,19,6.2885,20.337,161.32,85.439
16,19,6.6563,20.047,152.69,78.002
16,19,6.7487,20.043,156.03,82.635
16,19,7.7769,19.795,148.97,77.445
16,19,7.2656,20.122,151.94,78.656
16,19,6.6133,20.242,154.52,78.419
16,19,5.9432,20.285,159.86,85.15
16,19,5.7442,20.214,151.51,77.473
16,19,6.7301,20.19,159.04,84.777
16,19,6.956,20.461,164.65,88.718
16,19,8.3501,19.547,145.77,75.784
16,19,7.153,19.309,137.51,70.212
16,19,5.3332,20.264,157.97,82.576
16,19,4.9069,20.241,156.76,82.033
16,19,4.6699,20.891,164.32,84.92
16,19,5.6632,20.348,153.56,77.561
16,19,5.3685,20.619,163.41,86.176
16,19,6.6865,20.582,165.64,88.511
16,19,6.8682,20.246,159.23,85.172
16,19,6.7198,19.69,149.4,79.074
16,19,5.7253,20.103,157.77,84.877
16,19,4.8453,20.219,153.67,79.007
16,19,6.6952,19.992,153.71,81.049
16,19,5.5774,20.727,164.11,86.061
16,19,5.9909,20.129,158.53,84.103
16,19,7.3021,20.001,154.68,81.947
16,19,6.8432,20.204,153.21,78.533
16,19,7.4879,19.995,152.56,79.934
16,19,7.7298,19.867,148.91,77.305
16,19,5.1506,20.588,164.94,88.585
16,19,7.389,19.886,148.21,76.89
16,19,5.8697,20.408,158.63,82.715
16,19,6.7548,20.031,154.99,82.198
16,19,6.807,19.972,154.44,81.508
16,19,5.0472,20.457,162.39,86.63
16,19,6.5019,20.112,154.06,80.472
16,19,7.5952,20.516,163.41,86.94
16,19,5.4648,20.472,163.84,87.786
16,19,8.6542,19.825,150.92,79.78
16,19,7.3748,19.939,148.77,77.128
16,19,6.2336,19.7,145.39,75.594
16,19,6.5436,19.917,150.58,77.305
16,19,5.8081,20.629,158.11,81.648
16,19,5.4557,20.245,157.12,83.204
16,19,5.6818,20.192,157.7,83.52
16,19,6.174,20.054,152.83,79.245
16,19,6.5002,20.722,162.39,83.9
16,19,5.8417,20.408,162.39,86.172
16,19,6.4433,20.281,157.26,82.788
16,19,6.7895,20.453,158.1,81.094
16,19,6.0754,20.072,156.6,84.43
16,19,6.6459,20.96,167.47,87.974
16,19,7.1411,20.001,148.58,75.58
16,19,5.8617,19.784,150.85,79.586
16,19,5.9914,20.075,152.8,78.817
16,19,6.1385,20.406,164.45,88.062
16,19,7.2361,20.847,165.97,87.065
16,19,5.9912,19.877,153.52,82.356
16,19,7.4743,19.683,146.9,75.515
16,19,7.6208,19.836,147.72,75.314
16,19,8.2919,19.895,146.96,74.91
16,19,5.8633,20.407,157.32,81.837
16,19,6.7524,20.077,152.55,79.099
16,19,8.1366,20.198,158.34,83.314
16,19,7.265,19.461,141.92,73.724
16,19,5.6659,20.153,154.45,80.209
16,19,7.4214,20.608,160.39,83.14
16,19,7.2532,20.265,156.11,80.27
16,19,6.1234,19.933,152.6,79.337
16,19,6.0309,20.264,155.76,80.901
16,19,6.4111,19.793,152.42,81.494
16,19,6.6597,20.376,155.29,79.322
16,19,5.1997,20.935,171.25,92.161
16,19,5.0013,20.129,157.92,83.603
16,19,6.4194,20.134,153.84,79.956
16,19,5.2652,20.859,166.66,87.811
16,19,6.1395,19.991,152.68,80.346
16,19,7.4571,19.704,146.99,76.527
16,19,5.3723,20.441,159,82.675
16,19,6.808,19.96,154.38,82.364
16,19,5.6111,20.334,161.5,86.033
16,19,6.0459,20.221,156.07,82.65
16,19,6.868,19.94,150.47,78.685
16,19,6.0323,19.978,153.8,82.218
16,19,8.5462,19.764,149.02,77.119
16,19,8.2103,19.684,147.31,77.181
16,19,6.5481,19.582,147.19,78.331
16,19,7.3455,20.173,157.97,82.95
16,19,6.7934,20.145,156.03,82.409
16,19,4.9893,20.424,159.84,84.691
16,19,7.7928,20.396,159.4,83.728
16,19,6.6087,20.352,161.22,86.528
16,19,6.876,19.807,151.07,80.125
16,19,7.7332,19.932,151.74,79.308
16,19,6.7958,20.329,155.54,79.656
16,19,5.6048,20.653,162.77,84.825
16,19,6.9746,19.895,146.96,73.75
16,19,6.6067,19.445,141.79,73.017
16,19,6.3871,19.83,150.06,77.911
16,19,6.0533,19.828,145.12,73.237
16,19,6.3827,20.537,161.92,84.805
16,19,7.9749,19.864,152.9,81.49
16,19,8.3314,19.782,147.7,75.577
16,19,6.1819,20.338,159.66,83.513
16,19,6.7397,20.054,151.28,78.128
16,19,6.3567,20.915,171.92,92.796
16,19,5.4175,20.894,168.89,90.673
16,19,6.2855,20.224,153.09,79.129
16,19,6.1053,20.368,157.64,82.216
16,19,6.7325,19.865,150.71,79.158
16,19,8.9335,20.002,148.95,75.445
16,19,7.586,20.171,158.1,83.686
16,19,8.7633,19.529,142.52,73.083
16,19,6.5539,20.317,162.02,86.502
16,19,7.0241,19.947,151.43,78.368
16,19,9.1738,20.459,161.68,85.106
16,19,6.0786,20.249,153.53,78.042
16,19,4.3739,20.942,171.36,91.43
16,19,6.4776,20,147.25,74.7
16,19,6.4262,20.663,162.3,84.853
16,19,5.9422,19.945,155.46,83.226
16,19,7.0753,20.266,155.37,80.447
16,19,5.9559,20.041,154.91,80.75
16,19,6.0658,20.553,162.3,85.773
16,19,5.8788,19.734,150.54,80.019
16,19,5.5912,20.128,157.1,82.978
16,19,4.3049,20.337,161.98,87.328
16,19,7.5532,19.558,143.54,75.15
16,19,4.5536,20.584,164.26,87.271
16,19,5.9901,20.283,158.21,83.699
16,19,5.2137,20.859,166.89,87.026
16,19,6.3092,20.697,165.92,87.795
16,19,5.7331,19.934,151.89,78.838
16,19,5.9274,20.449,157.21,80.512
16,19,5.5737,20.497,165.64,89.329
16,19,4.4736,21.077,174.35,94.463
16,19,5.6166,20.199,155.6,81.71
16,19,4.3981,20.214,158.2,84.376
16,19,6.289,20.835,166.29,86.517
16,19,8.1572,20.238,155.2,80.891
16,19,9.2585,19.922,154.73,82.398
16,19,5.9098,20.281,155.22,80.972
16,19,5.9943,19.901,150.98,79.269
16,19,5.0108,19.914,151.81,78.413
16,19,7.2929,19.925,149.17,76.359
16,19,6.1778,20.48,153.95,76.886
16,19,5.8523,20.232,154.37,79.66
16,19,4.2217,21.102,169.68,88.014
16,19,7.189,19.9,150.6,78.318
16,19,4.7984,20.873,162.64,82.099
16,19,6.136,19.855,151.47,80.189
16,19,5.8397,20.477,163.62,88.093
16,19,6.1022,19.666,148.18,78.667
16,19,8.2737,19.511,147.29,78.319
16,19,6.651,20.121,157.87,84.191
16,19,6.6924,20.034,148.38,74.798
16,19,6.0285,20.234,157.37,83.016
16,19,8.3382,19.922,154.21,80.841
16,19,6.3603,20.17,153.99,79.215
16,19,6.2905,20.537,158.45,81.023
16,19,5.6213,20.444,161.21,85.76
16,19,8.8353,20.064,152.31,78.814
16,19,5.6305,20.423,163.8,87.387
16,19,7.9517,20.607,158.25,79.109
16,19,5.3167,20.488,155.67,78.672
16,19,6.5752,20.128,156.13,82.697
16,19,6.5747,20.213,156.64,80.788
16,19,6.2782,20.444,162.87,86.821
16,19,6.3144,20.364,161.3,85.789
16,19,6.7829,20.272,158.41,83.682
16,19,7.3616,19.744,153.67,82.6
16,19,5.0662,20.997,163.32,82.349
16,19,6.6145,19.974,148.49,76.672
16,19,6.7025,20.418,157.93,80.151
16,19,6.0492,19.751,147.81,77.57
16,19,6.5729,20.187,158.43,84.347
16,19,7.4131,20.238,157.97,83.222
16,19,8.7779,19.593,144.19,74.577
16,19,5.4086,20.75,164.86,87.123
16,19,7.3835,20.372,160.85,85.395
16,19,6.5051,20.159,155.42,80.246
16,19,5.5274,20.336,155.26,79.795
16,19,6.5915,20.122,147.7,73.743
16,19,6.1688,20.068,152.36,79.705
16,19,5.0205,20.547,162.11,84.867
16,19,6.2362,19.679,147.73,77.202
16,19,5.8554,20.704,166.9,88.544
16,19,5.0957,20.271,155.3,81.116
16,19,7.1015,20.217,155.96,80.978
16,19,4.384,20.581,165.44,87.785
16,19,6.4179,20.045,152.35,79.057
16,19,6.675,20.28,157.04,82.306
16,19,5.1173,20.381,157.72,81.477
16,19,6.6159,19.761,152.89,82.216
16,19,6.5963,19.704,151.06,80.492
16,19,7.6642,19.903,152.19,79.318
16,19,5.4675,20.149,154.06,79.241
16,19,6.4069,20.812,167.66,87.938
16,19,4.8409,20.515,164.99,88.36
16,19,5.3874,20.951,168.37,88.746
16,19,7.8061,20.109,152.68,78.313
16,19,6.1351,20.498,160.34,84.564
16,19,7.1994,19.991,150.72,78.41
16,19,7.6295,20.731,161.45,83.149
16,19,4.7026,20.539,159.02,82.972
16,19,6.7301,19.762,149.83,78.979
16,19,7.9644,19.79,150.97,79.822
16,19,8.5175,19.382,143.54,75.099
16,19,8.0843,19.825,148.53,76.784
16,19,5.3289,20.739,167.34,88.646
16,19,5.795,20.539,165.98,89.643
16,19,7.2959,19.689,146.09,75.448
16,19,6.5433,19.834,148.45,76.534
16,19,6.0931,20.271,160.48,85.265
16,19,7.9026,19.396,141.34,72.236
16,19,6.9404,19.848,149.59,78.215
16,19,5.7324,20.057,155.37,81.577
16,19,5.9815,20.541,161.95,86.13
16,19,6.4813,20.135,153.18,79.59
16,19,4.5683,20.551,165.28,89.373
16,19,7.3631,19.698,149.97,79.619
16,19,6.5974,20.267,156.86,81.982
16,19,5.9831,20.464,156.52,80.151
16,19,7.3301,20.111,148.58,74.17
16,19,6.2378,20.467,162.88,86.232
16,19,8.1345,19.892,147.89,76.668
16,19,6.2718,20.41,164.51,88.5
16,19,6.2838,20.669,162.28,85.423
16,19,6.2946,20.285,154.19,79.641
16,19,6.5713,20.463,160.3,84.08
16,19,7.1245,19.979,151.63,78.747
16,19,5.7194,20.147,154.76,80.8
16,19,6.0738,20.091,156.11,82.484
16,19,5.7752,20.626,163.91,86.151
16,19,8.3204,20.009,150.99,78.198
16,19,9.1435,19.258,142.76,75.121
16,19,8.2729,20.539,159.77,82.728
16,19,5.4399,20.12,160.12,87.343
16,19,5.7848,20.571,160.68,84.04
16,19,6.3922,19.954,151.34,78.45
16,19,6.058,20.535,161.8,83.517
16,19,6.5489,19.747,147.48,77.366
16,19,5.0034,20.215,153.49,78.874
16,19,6.765,20.3,157.35,83.675
16,19,6.2463,20.227,153.46,78.443
16,19,7.3834,20.34,159.98,84.611
16,19,5.2757,20.235,155,80.308
16,19,7.2317,19.874,151.6,79.501
16,19,6.1603,20.338,156.12,80.509
16,19,6.3982,20.018,149.37,76.677
16,19,6.8407,19.996,151.59,78.894
16,19,6.5072,19.746,147.09,75.989
16,19,8.3079,19.712,150.3,78.709
16,19,6.2491,20.225,154.5,78.63
16,19,5.6502,20.309,162.58,87.886
16,19,6.2878,20.324,161.58,86.03
16,19,5.1276,20.064,152.89,79.12
16,19,8.4258,19.626,144.59,74.443
16,19,5.4586,19.639,146.47,76.654
16,19,7.9739,19.993,147.01,73.336
16,19,5.7002,20.367,156.82,80.063
16,19,5.6773,20.167,156.52,82.298
16,19,4.5737,20.536,161.86,85.98
16,19,6.9839,19.727,145.31,74.775
16,19,7.6399,19.69,149.36,78.369
16,19,5.6348,20.659,160.87,83.162
16,19,6.5227,19.741,143.23,72.324
16,19,8.7577,19.372,143.34,75.351
16,19,4.9959,20.656,168.91,90.274
16,19,6.6669,19.904,153.18,80.748
16,19,5.6432,20.291,157.42,81.844
16,19,7.3698,19.512,145.48,76.301
16,19,7.8316,20.207,155.43,80.008
16,19,7.4149,20.237,157.05,82.975
16,19,5.7285,20.468,160.77,84.055
16,19,5.3358,20.384,156.05,80.444
16,19,6.4504,20.096,154.07,80.793
16,19,7.5992,19.859,146.55,74.398
16,19,6.0691,20.184,148.29,74.148
16,19,6.6029,19.859,148.2,76.773
16,19,9.2303,19.996,145.21,71.932
16,19,6.4613,20.117,159.28,84.807
16,19,6.5589,20.151,155.72,80.894
16,19,6.027,20.342,161.96,86.357
16,19,7.1336,20.144,153.94,78.438
16,19,6.7054,19.662,151.16,81.831
16,19,5.8233,20.446,158.79,82.804
16,19,6.7869,20.281,154.14,78.999
16,19,5.9931,20.355,161.7,86.194
16,19,5.8805,20.047,155.9,82.144
16,19,6.3403,19.779,146.28,74.863
16,19,7.0466,20.697,169.39,90.728
16,19,5.6932,19.971,152.03,78.504
16,19,6.5245,19.945,151.36,78.998
16,19,8.1573,20.159,158.14,83.309
16,19,6.1107,20.35,159.37,84.286
16,19,7.1944,20.039,154.79,81.53
16,19,5.2267,20.699,163.16,85.126
16,19,7.5533,19.39,140.32,71.926
16,19,5.2136,20.406,158.67,82.545
16,19,5.7353,20.011,157.11,83.269
16,19,4.6712,20.492,160.42,85.12
16,19,7.1688,20.313,158.01,82.801
16,19,4.9254,20.466,158.83,82.144
16,19,7.1226,20.353,156.54,81.4
16,19,6.4358,19.688,146.73,75.431
16,19,6.051,20.39,154.6,78.434
16,19,6.7996,20.016,150.59,77.287
16,19,6.3364,19.776,150.01,78.809
16,19,5.9416,20.122,154.04,80.219
16,19,6.593,20.203,155.52,80.599
16,19,5.7507,20.173,159.62,85.183
16,19,6.6073,19.865,146.38,76.072
16,19,5.9267,20.324,156.41,79.926
16,19,5.6306,20.201,156.6,81.802
16,19,6.7472,20.033,152.54,80.417
16,19,7.1693,20.08,151.96,78.285
16,19,6.0205,20.245,157.51,82.993
16,19,7.5927,20.12,155.02,81.652
16,19,5.7384,20.17,156.65,82.364
16,19,5.6764,20.442,157.66,81.643
16,19,6.5209,19.649,145.63,75.577
16,19,7.2751,19.964,157.62,85.618
16,19,4.2914,20.554,161.71,85.263
16,19,5.186,20.243,159.18,84.073
16,19,7.2751,20.6,160.03,82.482
16,19,6.1447,19.504,144.94,75.586
16,19,6.0805,19.769,149.83,78.574
16,19,5.805,20.097,155.22,81.905
16,19,6.8309,20.269,155.95,80.13
16,19,5.7901,20.428,158.34,82.933
16,19,6.8043,20.156,150.63,76.376
16,19,5.8751,20.523,160.4,84.5
16,19,6.8097,20.205,155.58,79.718
16,19,7.0466,20.259,157.69,81.743
16,19,7.1024,20.292,158.32,83.868
16,19,6.3147,19.77,146.06,74.494
16,19,4.8836,20.72,161.81,83.665
16,19,7.5682,20.253,155.87,81.03
16,19,4.9854,20.31,158.46,82.37
16,19,6.9505,20.042,153.39,80.927
16,19,7.0879,19.936,148.21,75.886
16,19,9.0171,19.955,148.64,75.84
16,19,8.0873,19.971,153.28,81.367
16,19,6.2331,20.661,164.53,86.606
16,19,6.3316,19.756,149.08,76.826
16,19,6.4286,20.188,154.46,80.873
16,19,7.1908,20.005,151.24,78.417
16,19,6.1617,20.495,162.53,86.009
16,19,5.9696,19.82,149.87,78.58
16,19,5.8087,20.698,162.93,84.941
16,19,5.4339,20.35,156.93,81.606
16,19,6.6859,20.331,160.41,85.924
16,19,6.2915,20.248,155.77,81.254
16,19,6.401,20.341,155.73,80.723
16,19,6.3483,20.278,154.48,78.498
16,19,6.5397,19.863,149.7,79.02
16,19,7.815,19.846,149.56,78.109
16,19,6.2913,20.801,166.53,86.5
16,19,6.154,20.157,152.54,78.476
16,19,7.1071,19.932,154.33,81.741
16,19,5.7509,20.624,163.22,85.921
16,19,6.577,19.779,147.72,74.806
16,19,6.4655,20.699,164.43,86.911
16,19,6.4482,20.493,160.35,83.941
16,19,5.5081,20.53,164.82,87.47
16,19,6.5441,20.233,158.14,84.138
16,19,6.4773,20.719,163.16,84.641
16,19,4.4537,20.852,171.01,93.242
16,19,5.656,20.469,161.99,85.951
16,19,7.4595,19.605,141.1,70.366
16,19,7.8748,19.63,145.01,75.073
16,19,5.6342,19.947,148.86,75.046
16,19,6.3825,20.11,154.34,80.437
16,19,6.4849,20.029,149.86,77.885
16,19,8.6808,19.632,148.24,77.062
16,19,6.0766,20.398,152.13,75.93
16,19,6.3501,20.827,164.08,85.963
16,19,5.8401,20.67,160.59,81.965
16,19,6.5533,20.179,154.41,78.92
16,19,6.2447,19.605,148.34,79.132
16,19,5.6972,20.012,154.19,80.621
16,19,5.7207,20.662,158.35,81.257
16,19,6.2236,20.394,161.35,85.847
16,19,6.1875,20.331,157.95,82.725
16,19,4.9483,20.662,164.01,85.693
16,19,7.8961,19.967,152.9,80.995
16,19,4.5977,20.363,161.77,86.572
16,19,9.5019,19.587,149.95,80.283
16,19,5.5959,20.293,159.5,85.402
16,19,7.1021,20.092,152.1,78.688
16,19,7.0919,19.559,142.08,71.868
16,19,4.9378,20.468,160.73,84.142
16,19,7.489,19.894,150.51,78.235
16,19,4.8075,20.716,164.38,86.596
16,19,7.0886,20.552,161.5,84.546
16,19,7.4097,20.507,159.32,82.518
16,19,6.317,20.287,158.52,83.404
16,19,5.5972,20.464,158.62,81.717
16,19,6.5456,19.651,145.7,74.927
16,19,4.7777,21.034,169.12,87.689
16,19,6.4178,20.276,154.1,79.72
16,19,6.661,19.996,156.01,83.614
16,19,7.9128,20.09,155,80.782
16,19,6.3302,20.469,153.95,78.179
16,19,4.6532,20.509,160.98,84.593
16,19,5.1077,20.703,165.51,86.84
16,19,6.2433,20.674,166.33,88.002
16,19,7.3151,20.089,159.71,86.525
16,19,6.865,19.393,141.26,72.891
16,19,5.7968,20.316,156.89,81.244
16,19,6.0549,20.37,163.22,87.383
16,19,5.1428,20.584,165.11,88.077
16,19,5.0751,20.348,153.37,76.454
16,19,8.0593,19.909,149.78,77.93
16,19,6.1329,20.323,159.28,84.095
16,19,5.9102,20.264,155.59,80.484
16,19,6.4808,20.25,157.33,82.53
16,19,8.4296,20.115,155.98,83.707
16,19,6.4838,20.282,150.75,74.828
16,19,5.7525,19.882,147.89,76.898
16,19,5.5704,20.264,162.5,87.533
16,19,6.2547,20.641,166.3,89.585
16,19,5.9864,19.615,149.05,79.409
16,19,4.6786,20.536,163.88,87.74
16,19,4.8962,20.82,166.43,87.607
16,19,5.6713,20.174,156.23,82.029
16,19,7.2078,19.798,145.52,73.711
16,19,5.6805,20.112,157.19,83.137
16,19,5.53,20.623,169.03,91.476
16,19,5.7302,20.13,154.05,81.073
16,19,6.2715,20.48,159.04,82.417
16,19,5.5643,20.759,166,85.863
16,19,9.0607,19.535,140.92,70.343
16,19,5.5262,20.311,159.7,84.176
16,19,6.1919,19.775,148.59,76.333
16,19,5.524,20.477,160.63,85.433
16,19,6.3762,19.921,151.15,79.1
16,19,7.4247,19.763,144.61,74.534
16,19,8.4517,20.853,171.51,93.474
16,19,5.8852,19.901,152.03,79.448
16,19,6.4773,19.793,148.66,76.565
16,19,6.1674,20.555,163.23,86.115
16,19,4.8702,20.076,158.54,85.46
16,19,4.8424,20.883,171.44,92.609
16,19,6.1485,20.083,154.72,81.561
16,19,6.6678,20.131,152.27,77.765
16,19,6.1702,20.001,153.08,80.115
16,19,7.134,19.974,153.93,80.515
16,19,4.9412,20.048,155.99,82.488
16,19,7.248,20.184,158.38,84.302
16,19,7.4135,19.806,147.3,75.73
16,19,6.1533,19.893,149.09,76.719
16,19,5.9812,20.047,152.58,79.319
16,19,5.3021,20.579,164.52,86.758
16,19,7.3647,19.975,153.74,80.908
16,19,5.341,20.513,161.41,84.3
16,19,6.0772,19.924,152.07,80.913
16,19,6.1463,19.913,153.94,81.282
16,19,5.9674,20.246,154.42,81.366
16,19,7.829,20.215,155,80.22
16,19,7.6885,20.44,160.05,83.894
16,19,6.4992,20.326,158.13,81.6
16,19,5.5772,21.072,170.91,90.127
16,19,6.9343,19.471,145.14,76.59
16,19,6.4402,19.793,148.26,76.771
16,19,6.1048,20.08,154.86,80.977
16,19,7.8999,20.115,153.09,79.276
16,19,6.2836,20.498,160.28,83.224
16,19,6.3028,19.962,155.91,83.199
16,19,5.9332,20.125,159.1,85.525
16,19,6.8837,20.378,158.45,82.308
16,19,7.1293,20.278,157.62,82.324
16,19,7.8099,20.045,155.72,82.252
16,19,6.2562,20.489,162.27,85.571
16,19,7.8361,20.072,152.47,78.666
16,19,6.017,20.245,158.58,84.033
16,19,4.9446,20.63,162.03,84.477
16,19,6.8116,20.047,150.43,77.299
16,19,5.4381,20.36,159.27,83.607
16,19,8.1243,20.132,154.36,80.664
16,19,6.2819,20.19,152.81,78.085
16,19,6.3405,19.993,156.59,83.639
16,19,5.973,20.601,155.73,78.209
16,19,7.6335,20.067,153.96,81.164
16,19,7.0372,19.903,153.5,80.651
16,19,6.9244,19.821,146.05,73.699
16,19,6.5328,20.238,158.23,84.011
16,19,5.9993,19.903,152.57,80.893
16,19,5.4367,20.368,160.34,84.71
16,19,5.887,19.837,150.25,78.752
16,19,6.6837,20.507,158.45,81.95
16,19,6.439,20.321,157.8,82.098
16,19,5.1769,20.996,173.72,93.126
16,19,7.269,20.284,159.89,84.732
16,19,6.1557,20.069,154.58,80.521
16,19,7.0263,20.104,152.83,79.51
16,19,6.544,19.904,154.4,82.365
16,19,7.1172,20.084,151.9,78.412
16,19,7.2484,20.468,158.85,82.329
16,19,6.5783,19.852,146.78,73.829
16,19,5.1373,20.385,160.78,85.848
16,19,7.5784,20.744,168.54,91.033
16,19,7.4656,20.292,153.06,77.925
16,19,5.2553,20.067,157.54,84.049
16,19,6.5941,20.13,157.2,83.615
16,19,7.0385,20.238,156.19,81.712
16,19,6.6877,20.145,154.43,80.501
16,19,6.6528,20.357,157.05,81.788
16,19,7.8676,20.237,157.06,81.105
16,19,7.8266,20.036,151.66,78.18
16,19,5.5312,20.628,163.59,86.418
16,19,6.7402,19.867,147.59,75.121
16,19,6.9547,19.708,145.47,74.611
16,19,6.2434,19.963,150.14,77.235
16,19,6.3657,19.891,147.14,76.108
16,19,6.4824,19.991,148.86,76.361
16,19,6.0551,20.142,161.51,87.666
16,19,6.7343,20.313,157.28,82.357
16,19,5.1487,20.172,158.25,84.503
16,19,6.5403,20.483,162.99,86.742
16,19,8.4761,20.174,157.15,82.903
16,19,7.6261,20.051,151.6,77.823
16,19,6.0666,20.789,160.01,81.795
16,19,5.5485,20.02,152.7,80.03
16,19,7.3487,20.296,155.79,80.653
16,19,7.3348,20.24,154.46,79.402
16,19,6.5396,20.594,163.18,86.525
16,19,6.9402,19.66,149.25,79.086
16,19,7.7849,20.273,158.21,83.144
16,19,6.2155,20.222,157.61,83.176
16,19,6.2269,20.726,159.81,80.602
16,19,5.4371,20.377,157.42,81.001
16,19,6.5825,20.037,153.88,81.927
16,19,6.4492,20.057,151.27,78.448
16,19,6.6608,20.259,157.76,83.474
16,19,6.1357,20.209,154,78.232
16,19,6.5283,20.166,153,77.52
16,19,6.2831,19.697,149.27,79.351
16,19,7.4958,19.914,153.57,82.133
16,19,6.3539,19.958,152.97,80.642
16,19,6.2471,20.131,153.03,78.112
16,19,4.6607,20.464,160.36,83.812
16,19,5.9973,20.258,155,79.926
16,19,5.5041,20.434,162.43,85.324
16,19,9.6574,19.507,140.98,71.821
16,19,5.3229,20.641,161.35,84.138
16,19,7.4763,20.502,158.52,82.147
16,19,8.9051,19.972,150.3,77.363
16,19,6.2505,20.448,160.61,84.498
16,19,6.9284,19.839,149.15,77.255
16,19,5.3179,20.355,157.61,81.05
16,19,7.2144,19.67,148.87,78.588
16,19,8.66,19.671,148.03,77.262
16,19,4.5175,20.739,165.97,87.18
16,19,4.9953,20.693,159.77,81.334
16,19,6.864,20.39,159.32,83.539
16,19,7.2517,19.72,145.46,75.134
16,19,6.4739,19.55,144.93,75.311
16,19,5.1526,20.491,162.58,86.105
16,19,5.083,20.024,153.23,79.684
16,19,7.6769,19.304,141.03,73.866
16,19,6.3844,20.258,156.16,81.213
16,19,7.4162,19.948,147.29,75.281
16,19,5.7284,19.951,151.5,79.14
16,19,6.8441,20.364,157.76,83.693
16,19,7.6716,19.694,148.4,78.124
16,19,5.9501,20.071,153.07,79.766
16,19,6.1985,20.281,152.12,77.839
16,19,5.5318,20.106,152.1,78.862
16,19,6.458,19.733,148.21,77.158
16,19,8.6802,20.047,150.95,77.691
16,19,6.8409,20.035,153.63,80.493
16,19,6.2486,20.209,156.34,82.007
16,19,5.7875,20.515,161.77,83.97
16,19,6.7366,20.067,149.11,76.827
16,19,7.6419,20.037,148.7,75.977
16,19,7.6273,20.167,149.28,75.254
16,19,7.7947,19.731,147.92,77.046
16,19,6.9722,19.995,153.32,80.218
16,19,6.5873,20.678,162.85,85.597
16,19,7.8945,20.078,149.69,76.72
16,19,6.0409,20.509,160.93,84.255
16,19,6.4764,20.085,152.95,79.402
16,19,8.903,19.828,146.31,74.447
16,19,7.0392,20.42,162.78,87.048
16,19,7.0805,20.029,151.71,78.302
16,19,8.3297,20.165,158.28,84.633
16,19,5.3318,19.984,153.17,80.412
16,19,5.6595,20.027,152.17,79.033
16,19,5.0307,20.195,153.77,79.943
16,19,5.6161,20.193,155.05,80.503
16,19,5.5288,20.183,156.44,82.446
16,19,6.2878,20.159,156.67,82.594
16,19,7.4649,20.108,156.48,83.027
16,19,6.1015,20.121,152.48,78.951
16,19,5.5611,20.626,163.67,85.899
16,19,5.3613,20.271,158.56,83.757
16,19,6.9418,20.451,163.27,87.363
16,19,7.6512,20.065,154.7,81.434
16,19,4.6775,20.51,159.82,82.158
16,19,5.8864,20.192,153.43,79.322
16,19,5.6666,20.428,159.64,83.012
16,19,6.9103,19.825,147.47,75.256
16,19,5.8216,20.281,158.42,84.613
16,19,8.0973,19.662,153.39,84.091
16,19,5.6748,19.538,140.91,71.114
16,19,6.9508,20.265,158.02,83.001
16,19,6.5752,19.613,143.75,72.988
16,19,5.491,19.86,151.12,79.481
16,19,4.8829,20.436,161.01,86.27
16,19,6.1083,20.038,157.21,83.927
16,19,6.0874,20.548,161.42,84.841
16,19,6.7978,20.057,155.14,81.102
16,19,5.4015,20.231,155.22,80.429
16,19,5.995,19.92,151.05,77.907
16,19,6.1252,20.23,159.12,84.929
16,19,6.8562,19.791,145.45,72.075
16,19,6.7428,20.221,154.25,78.68
16,19,7.0021,20.568,162.86,86.771
16,19,6.9566,20.469,157.05,79.914
16,19,6.4596,19.797,151.64,79.687
16,19,6.8422,20.264,155.34,79.885
16,19,5.2686,20.573,159.5,83.967
16,19,7.2389,20.101,156.36,82.368
16,19,6.6739,19.851,147.68,76.651
16,19,7.7939,19.945,152.14,79.713
16,19,7.3227,20.187,151.48,77.64
16,19,4.9451,20.191,153.41,79.055
16,19,6.1477,20.395,158.76,83.181
16,19,7.5813,20.03,153.68,80.479
16,19,6.5191,20.239,155.75,80.91
16,19,7.9499,19.058,136.55,70.133
16,19,6.6649,20.524,163.07,86.463
16,19,5.9001,20.522,159.34,82.16
16,19,6.3472,20.359,156.68,81.772
16,19,7.0704,19.689,145.06,74.479
16,19,5.8115,20.429,164.28,89.652
16,19,7.9749,20.031,154.37,80.65
16,19,6.0676,20.205,157.4,83.23
16,19,8.0314,19.964,149.08,77.058
16,19,5.975,20.677,163.49,85.06
16,19,4.5584,20.441,161.63,86.472
16,19,6.9049,19.684,145.46,75.249
16,20,6.5732,20.488,159.16,82.625
16,20,6.9367,20.196,161.39,86.227
16,20,6.1739,20.164,154.7,80.797
16,20,7.5769,19.749,148.83,77.467
16,20,5.9765,20.411,159.64,83.896
16,20,7.3027,20.123,154.3,79.576
16,20,6.4674,20.056,154.25,80.674
16,20,8.5396,19.731,145.48,74.892
16,20,7.7389,19.953,152.51,79.651
16,20,6.6565,20.65,161.82,85.044
16,20,6.5553,19.97,150.4,77.383
16,20,6.7548,20.163,154.9,80.506
16,20,5.0373,20.62,161.54,83.79
16,20,6.3431,19.796,151.32,79.966
16,20,6.7165,20.202,151.67,77.088
16,20,6.0795,20.187,161.5,87.16
16,20,6.6263,20.472,161.46,85.813
16,20,7.4128,20.094,154.34,80.316
16,20,5.2629,20.161,155.9,81.59
16,20,7.2593,20.244,155.55,81.147
16,20,5.3025,20.081,151.33,77.348
16,20,4.9938,20.512,158.76,82.066
16,20,7.5379,20.255,159.8,85.39
16,20,6.0039,19.903,153.05,81.812
16,20,4.5554,20.901,171.27,91.529
16,20,5.6716,20.374,161.18,85.648
16,20,7.6128,20.287,156.6,80.774
16,20,6.0095,20.768,163.94,85.144
16,20,6.3725,20.497,164.47,88.03
16,20,6.5502,20.407,163.88,87.888
16,20,4.9855,20.46,163.99,88.715
16,20,5.7518,20.406,157.73,81.147
16,20,8.2928,19.858,151.75,78.709
16,20,5.0446,20.739,170.6,93.001
16,20,5.3263,20.159,157.29,83.473
16,20,5.0923,20.318,161.81,85.987
16,20,8.0206,20.081,150.42,77.005
16,20,8.4281,19.78,149.93,78.717
16,20,6.9672,20.126,150.96,76.848
16,20,6.2093,20.05,152.36,79.124
16,20,7.0183,20.38,161.36,85.848
16,20,5.9347,20.052,152.73,78.678
16,20,6.5001,20.167,154.54,81.765
16,20,7.9436,19.857,147.12,74.232
16,20,5.7027,20.315,159.16,84.127
16,20,5.4683,20.469,160.44,83.92
16,20,6.909,20.352,156.24,80.049
16,20,5.8754,20.232,152.87,78.564
16,20,6.2386,20.134,153.83,80.523
16,20,6.5838,20.129,153.54,79.818
16,20,6.9803,20.021,153.42,80.381
16,20,4.8325,20.65,164.13,86.259
16,20,5.4461,20.525,160.39,82.696
16,20,5.6163,20.537,164.78,88.365
16,20,6.0458,20.086,151.83,77.073
16,20,7.2129,19.849,147.92,76.518
16,20,6.0701,20.478,160.75,84.425
16,20,5.1609,20.221,158.31,83.798
16,20,5.7417,20.316,162.2,88.045
16,20,5.4783,20.664,166.5,87.76
16,20,7.6169,19.526,141.99,73.944
16,20,6.5737,20.19,157.3,83.286
16,20,6.8703,20.17,150.31,75.26
16,20,7.1401,19.993,152.11,78.615
16,20,6.1849,20.18,157.14,82.864
16,20,6.1723,19.902,154.14,81.215
16,20,5.7852,20.249,158.83,84.115
16,20,7.8052,19.898,150.83,78.308
16,20,7.6413,20.08,154.25,80.324
16,20,6.699,20.229,155.88,80.389
16,20,6.4598,20.547,162.54,85.336
16,20,6.7145,20.169,158.28,85.339
16,20,6.3679,20.229,155.04,80.13
16,20,6.4892,20.323,157,81.618
16,20,6.2663,20.238,159.37,84.852
16,20,6.3674,20.022,154.73,81.78
16,20,5.8278,20.78,170.34,91.452
16,20,5.7254,20.509,159.15,82.189
16,20,6.0727,20.465,161.26,84.792
16,20,6.7879,20.197,156.98,82.556
16,20,6.9586,20.259,156.42,82.431
16,20,6.7668,19.951,149.76,77.352
16,20,6.9487,19.801,150.67,78.711
16,20,5.779,20.611,164.59,87.139
16,20,6.6204,20.638,163.29,85.998
16,20,5.9354,20.349,162.37,87.228
16,20,5.1977,20.458,161.45,84.916
16,20,6.5254,20.247,157.42,82.676
16,20,6.5827,19.971,147.78,74.897
16,20,5.552,19.954,153.26,81.162
16,20,6.9362,20.143,157.42,83.213
16,20,7.9023,20.161,152.4,77.678
16,20,6.392,20.629,163.48,85.4
16,20,5.8363,20.873,168.57,90.312
16,20,6.3509,19.85,151.26,80.156
16,20,6.0336,20.617,163.74,86.138
16,20,6.2629,20.63,162.14,84.71
16,20,4.9729,20.174,152.96,78.094
16,20,6.1126,20.797,164.8,85.141
16,20,7.0416,20.019,151.53,78.32
16,20,6.8823,19.97,153.35,79.852
16,20,6.6504,20.027,148.16,75.205
16,20,5.846,20.535,162.65,85.385
16,20,6.9025,20.691,168.35,90.677
16,20,4.7267,20.766,162.88,85.671
16,20,5.098,20.327,153.37,76.936
16,20,6.4654,20.099,153.43,79.164
16,20,4.9871,20.055,154.93,81.309
16,20,5.3166,20.998,170.28,89.904
16,20,7.359,19.82,152.71,81.65
16,20,5.781,20.368,162.59,87.323
16,20,7.4424,19.38,142.64,74.475
16,20,6.4733,20.351,160.37,84.387
16,20,7.3124,20.246,155.24,79.829
16,20,4.7544,20.792,164.17,84.332
16,20,5.8677,20.563,157.87,79.836
16,20,6.766,20.409,162.09,86.126
16,20,6.5602,20.159,157.15,81.924
16,20,5.9691,20.06,154.38,79.92
16,20,6.7926,19.93,153.85,81.705
16,20,6.3511,20.563,165.68,88.875
16,20,8.0019,20.355,161,85.463
16,20,6.399,20.468,167.58,91.31
16,20,5.4454,19.936,153.13,80.594
16,20,4.7964,20.356,157.52,81.65
16,20,5.379,20.403,161.5,85.139
16,20,6.3875,20.502,164.12,86.515
16,20,6.4578,20.052,154.99,81.751
16,20,7.6319,20.337,158.88,83.848
16,20,5.3987,19.572,146.86,77.264
16,20,6.9074,20.486,164.87,87.607
16,20,6.033,20.278,161.5,86.375
16,20,7.0432,19.891,153.28,81.967
16,20,6.3474,20.562,162.77,85.919
16,20,5.7646,20.444,158.77,82.893
16,20,4.2566,20.574,165.98,88.769
16,20,6.3252,20.176,152.95,78.38
16,20,6.117,20.598,165.57,88.355
16,20,6.4101,20.71,160.59,82.464
16,20,8.5151,20.324,161.24,86.31
16,20,7.4334,19.774,145.85,75.887
16,20,6.8484,20.113,154.43,81.306
16,20,6.2346,20.41,153.56,77.574
16,20,6.8755,20.613,161.07,82.224
16,20,7.7695,20.253,156.85,82.676
16,20,7.51,19.596,145.09,74.355
16,20,5.9885,20.725,166.64,88.033
16,20,8.0222,19.686,149.11,78.848
16,20,7.165,20.36,161.01,85.64
16,20,6.6896,20.313,160.73,85.986
16,20,5.2304,20.123,155.88,81.868
16,20,8.5905,19.651,148.32,77.772
16,20,5.7241,20.753,171.74,92.545
16,20,7.4383,19.94,152.85,80.375
16,20,6.9288,20.331,164.77,90.005
16,20,6.0799,20.053,154.7,81.909
16,20,6.9293,20.06,156.13,82.508
16,20,6.6405,20.246,156.24,80.798
16,20,5.4843,20.568,161.09,84.183
16,20,6.6414,20.288,160.55,84.621
16,20,6.0235,20.302,152.39,76.942
16,20,7.3473,20.187,157.24,83.41
16,20,7.0589,20.135,155.06,81.505
16,20,5.8739,20.219,156.68,82.097
16,20,6.0623,20.076,152.62,80.079
16,20,6.3988,20.648,161.7,84.66
16,20,6.9682,20.29,158.69,84.186
16,20,7.0268,19.83,150.02,78.063
16,20,7.4727,20.437,159.3,83.07
16,20,7.1633,19.879,150.4,78.762
16,20,5.4333,20.533,162.77,85.939
16,20,5.932,20.324,158.87,83.491
16,20,5.9106,20.487,160.91,84.92
16,20,5.3325,20.038,154.09,81.192
16,20,5.5745,20.403,158.64,82.498
16,20,5.1347,20.9,167.72,87.748
16,20,5.3834,20.432,158.68,81.115
16,20,4.7843,20.506,160.84,85.121
16,20,5.8208,20.337,158.29,82.717
16,20,5.1754,20.782,171.4,92.713
16,20,5.4433,20.319,160.36,85.638
16,20,6.174,20.61,161.47,83.953
16,20,5.2585,20.71,168.19,90.962
16,20,5.6243,20.074,152.21,78.66
16,20,5.6512,20.957,173.93,95.227
16,20,5.7457,20.589,159.18,81.087
16,20,7.0338,20.203,160.37,86.054
16,20,5.8569,20.231,157.23,83.575
16,20,5.0295,20.371,165.6,91.281
16,20,5.9007,20.038,154.87,81.263
16,20,5.1892,20.826,170.99,92.444
16,20,7.8034,19.623,142.14,70.424
16,20,6.4342,20.09,153.97,80.144
16,20,6.7431,20.03,152.62,78.352
16,20,8.616,19.926,148.13,76.051
16,20,5.7599,20.846,167.5,90.212
16,20,6.2398,20.697,165.56,88.093
16,20,6.6801,20.406,157.47,81.224
16,20,6.1424,20.004,156.3,83.81
16,20,5.2318,20.56,162.23,84.991
16,20,7.2319,19.927,150.11,77.816
16,20,7.0051,19.904,151.05,79.051
16,20,5.7487,19.91,155.73,84.452
16,20,6.015,20.596,159.14,82.264
16,20,6.6102,20.373,158.22,81.621
16,20,6.1413,19.843,154.15,81.22
16,20,10.02,19.909,154.65,82.079
16,20,7.288,20.361,162.29,88.316
16,20,6.3838,20.192,156,80.64
16,20,5.1441,20.31,159.55,84.304
16,20,6.1215,20.354,157.96,83.083
16,20,6.024,20.632,166.27,88.312
16,20,6.6934,20.248,158.36,82.828
16,20,8.3471,19.767,150,78.214
16,20,7.4293,19.847,147.79,75.287
16,20,5.5035,20.754,167.75,90.06
16,20,5.8947,19.953,156.79,83.567
16,20,6.526,20.25,154.73,79.883
16,20,4.7801,20.769,166.85,87.001
16,20,6.3702,20.167,155.17,80.381
16,20,9.56,19.892,149.1,76.663
16,20,7.6312,19.788,150.29,78.497
16,20,9.1842,20.071,152.12,77.467
16,20,8.4356,19.946,151.61,79.077
16,20,5.9602,20.329,159.23,84.211
16,20,6.0864,20.317,155.84,81.085
16,20,5.9201,20.642,163.02,85.849
16,20,7.9849,20.156,158.58,85.467
16,20,7.2687,20.523,164.7,88.737
16,20,6.9001,19.632,150.14,79.943
16,20,5.466,20.527,164.73,89.023
16,20,9.369,19.708,149.92,79.386
16,20,7.2505,20.389,163.85,88.367
16,20,6.0802,20.399,157.91,83.204
16,20,5.97,19.957,155.67,83.312
16,20,7.6447,20.052,155.58,82.558
16,20,7.7926,19.826,147.79,75.827
16,20,5.7371,20.503,160.33,84.268
16,20,7.9531,19.891,149.68,77.497
16,20,5.2523,20.297,156.76,81.844
16,20,7.3519,20.127,153.46,80.285
16,20,6.3433,19.865,149.26,77.707
16,20,6.8621,19.967,150.43,78.119
16,20,6.769,19.886,152.96,79.814
16,20,5.3067,20.584,164.07,86.747
16,20,7.56,20.175,151.81,77.577
16,20,6.8248,19.941,154.82,81.522
16,20,5.5156,20.827,168.31,90.128
16,20,8.7517,20.489,161.84,84.453
16,20,6.0231,20.185,153.15,77.747
16,20,6.4659,20.053,152.85,78.531
16,20,8.9792,19.936,153.63,80.81
16,20,5.7381,20.182,152.62,78.044
16,20,8.097,20.015,158.92,85.904
16,20,6.7378,20.011,156.37,82.615
16,20,6.7213,20.229,160.53,85.772
16,20,5.4899,20.263,157.54,83.025
16,20,6.3595,20.884,165.98,87.167
16,20,5.882,20.415,161.89,87.077
16,20,7.1153,19.77,149.22,77.493
16,20,4.9671,20.519,157.88,80.447
16,20,6.6774,20.201,157.59,82.867
16,20,6.8471,19.817,150.59,79.322
16,20,6.3013,20.233,158.84,84.304
16,20,6.2359,20.008,151.33,78.326
16,20,6.4913,20.12,153.25,78.359
16,20,6.1775,19.641,147.39,76.229
16,20,5.9825,20.497,161.22,84.048
16,20,7.6191,20.171,153.79,79.157
16,20,7.4992,20.079,158.29,85.25
16,20,9.0982,19.748,148.58,77.526
16,20,6.6046,20.563,165.98,89.598
16,20,7.3081,20.145,155.36,81.883
16,20,8.1784,19.418,142.53,73.702
16,20,7.9386,20.444,160.5,83.701
16,20,5.7641,20.268,155.21,80.802
16,20,7.3842,20.258,151.15,76.927
16,20,7.975,19.997,147.48,73.699
16,20,7.3119,20.068,153.17,78.163
16,20,7.4207,19.806,154.14,82.311
16,20,5.1656,20.721,166.13,88.307
16,20,5.6576,20.382,156.84,80.893
16,20,6.2638,20.089,155.79,82.662
16,20,9.0144,19.524,146.31,76.521
16,20,5.8746,20.953,169.03,88.049
16,20,5.8782,20.624,166.66,89.148
16,20,7.2604,20.331,156.65,80.597
16,20,7.4195,19.76,150.09,78.485
16,20,7.443,20.157,153.18,79.104
16,20,7.559,20.083,153.61,79.616
16,20,7.046,19.808,148.25,77.236
16,20,5.0925,20.369,156.37,80.411
16,20,6.5216,20.552,161.77,85.029
16,20,7.0063,19.846,150.12,79.066
16,20,6.6127,20.21,157.25,81.841
16,20,7.7362,20.254,156.18,81.918
16,20,6.9086,20.301,156.28,81.036
16,20,6.7824,20.308,161.46,85.995
16,20,5.909,20.06,154.95,81.421
16,20,6.7292,19.44,145.71,76.985
16,20,8.093,19.361,143.32,74.505
16,20,7.3416,20.568,167.4,89.485
16,20,6.0687,20.28,157.51,82.316
16,20,6.1057,20.49,161.06,85.03
16,20,6.2871,20.254,155.11,79.57
16,20,6.678,19.696,148.41,78.204
16,20,7.9284,19.528,145.36,75.316
16,20,6.5148,20.185,156.59,81.842
16,20,4.925,20.236,153.18,78.917
16,20,8.0106,20.122,155.76,81.146
16,20,6.2425,19.921,150.52,77.843
16,20,6.8256,20.457,160.7,84.226
16,20,6.0033,20.25,154.77,80.889
16,20,7.1102,20.619,163.72,86.86
16,20,6.0271,20.379,156.21,79.338
16,20,6.6956,19.859,151.88,80.437
16,20,6.7689,20.786,165.9,86.815
16,20,6.2522,19.893,149.18,77.58
16,20,5.6556,20.046,152.7,78.795
16,20,6.4688,20.249,159.15,84.869
16,20,6.3382,20.404,154.59,78.812
16,20,5.7331,19.834,145.27,74.007
16,20,5.8603,20.487,160.35,83.776
16,20,6.4988,19.994,153.43,80.672
16,20,6.5277,20.687,167.37,89.062
16,20,6.0994,20.029,149.53,75.854
16,20,8.5459,20.131,154.25,80.222
16,20,6.8357,20.19,158.42,84.779
16,20,6.5162,20.31,165.57,91.019
16,20,7.3877,20.148,151.34,77.792
16,20,5.8108,20.189,154.25,79.174
16,20,8.0461,19.752,150.7,79.881
16,20,8.3696,19.606,146.09,75.92
16,20,5.7018,20.516,163.71,87.218
16,20,5.8727,20.121,155.32,81.004
16,20,7.3116,19.721,145.63,74.451
16,20,6.9221,20.097,154.58,82.139
16,20,7.1296,19.723,146.54,76.211
16,20,6.722,20.265,154.69,79.472
16,20,5.1905,20.927,168.6,89.656
16,20,7.5913,19.893,152.45,80.461
16,20,6.4895,20.272,160.01,85.412
16,20,6.2733,20.718,160.51,81.721
16,20,6.8096,20.075,152.88,79.82
16,20,5.3476,19.988,156.74,84.572
16,20,5.6163,20.696,161.31,84.319
16,20,7.494,20.184,157.02,82.633
16,20,6.0916,20.202,156.63,81.475
16,20,6.1193,20.235,160.35,84.344
16,20,6.2871,20.655,164.94,87.044
16,20,7.1607,19.894,151.74,79.238
16,20,5.4922,20.425,160.95,85.411
16,20,6.7703,19.803,152.91,81.791
16,20,6.9841,20.382,155.78,79.304
16,20,5.8243,20.116,147.34,73.532
16,20,7.2848,20.153,155.58,81.018
16,20,5.8927,20.005,156.54,83.002
16,20,6.9434,20.051,151.89,79.583
16,20,5.949,20.056,153.66,79.749
16,20,5.1516,20.254,161.77,87.141
16,20,7.311,19.753,146.7,75.681
16,20,6.233,20.34,162.75,87.543
16,20,5.7192,20.023,157.66,85.248
16,20,5.7256,20.103,155,81.363
16,20,5.3827,20.092,154.53,81.196
16,20,5.535,20.249,153.88,78.989
16,20,6.7093,20.132,155.49,81.003
16,20,6.9307,19.916,156.46,84.487
16,20,7.8046,20.634,165.82,87.871
16,20,5.7863,20.988,167.67,86.691
16,20,9.3193,19.503,145.56,75.389
16,20,7.568,20.114,153.9,79.981
16,20,5.8814,20.596,164.18,87.737
16,20,4.8053,20.201,156.69,81.691
16,20,7.303,20.264,158.01,83.798
16,20,6.1299,20.232,154.95,80.235
16,20,7.8353,20.048,154.55,80.437
16,20,4.4638,20.718,163.89,85.077
16,20,6.6137,20.378,161.67,86.443
16,20,6.7779,20.03,148.42,75.25
16,20,5.5573,20.758,170.2,91.324
16,20,7.3782,20.044,152.87,79.313
16,20,5.7052,20.937,170.07,90.512
16,20,5.8116,20.057,158.87,86.571
16,20,7.0224,20.714,161.31,83.076
16,20,6.3031,20.774,161.34,82.885
16,20,5.6923,20.448,161.35,84.455
16,20,9.1808,19.997,153.43,80.402
16,20,6.347,20.478,161.85,84.762
16,20,5.8161,20.294,163.83,89.224
16,20,6.3409,20.547,160.35,82.576
16,20,6.8475,20.203,157.96,83.277
16,20,7.1809,19.741,148.06,77.593
16,20,6.2808,20.283,162.23,87.02
16,20,5.4332,20.35,161.67,85.788
16,20,6.1317,20.723,163.61,86.086
16,20,6.5747,20.063,159.95,87.45
16,20,6.0732,20.327,156.78,80.096
16,20,6.8892,19.702,145.85,75.367
16,20,6.0909,20.355,160.22,83.501
16,20,7.0207,20.652,170.22,91.719
16,20,5.7393,20.48,159.46,84.338
16,20,6.6491,20.507,164.59,88.003
16,20,6.0336,20.583,165.99,88.076
16,20,8.1231,20.528,159.84,83.619
16,20,6.44,20.271,156.46,81.032
16,20,7.2665,20.163,156.17,82.654
16,20,4.8443,20.358,158.09,82.455
16,20,6.4631,20.388,159.92,84.706
16,20,6.5493,20.696,158.32,79.775
16,20,6.6961,20.445,157.24,80.535
16,20,6.8681,20.019,154.87,82.189
16,20,6.549,20.36,159.64,84.032
16,20,5.9764,20.573,168.64,92.018
16,20,7.8651,19.315,138.48,70.551
16,20,6.5532,19.976,150.3,77.476
16,20,6.586,19.984,152.79,79.538
16,20,6.3933,19.809,157.41,86.097
16,20,7.5431,20.875,168.98,90.083
16,20,7.2906,19.953,144.72,70.651
16,20,5.7795,19.936,155.52,83.026
16,20,5.9664,20.687,166.23,88.635
16,20,5.6454,20.5,165.06,88.543
16,20,6.9209,20.652,162.51,85.486
16,20,5.9338,19.852,147.42,75.034
16,20,5.1514,20.719,165.21,86.806
16,20,5.3853,20.65,162.14,84.842
16,20,7.9849,20.38,158.16,82.594
16,20,5.7079,20.443,159.04,82.822
16,20,5.9071,20.668,160.86,84.133
16,20,7.6348,19.941,151.07,78.86
16,20,6.1839,20.105,159.67,86.521
16,20,6.2043,20.716,167.71,89.862
16,20,5.6091,20.063,149.79,75.948
16,20,6.2043,20.143,156.1,83.015
16,20,8.9396,19.973,154.32,81.39
16,20,6.089,20.345,159.09,83.397
16,20,8.0694,20.348,161.68,86.279
16,20,7.4986,19.134,141.45,75.286
16,20,6.5122,20.108,154.46,80.056
16,20,5.3968,19.937,149.95,77.95
16,20,7.4177,20.373,158.06,81.826
16,20,4.7024,20.336,160.02,84.886
16,20,5.4304,20.451,157.29,81.008
16,20,4.9999,20.58,167.05,90.343
16,20,7.0468,20.063,149.95,76.165
16,20,6.9029,20.19,156.37,81.899
16,20,7.7308,20.129,158.77,85.709
16,20,5.6402,20.551,162.67,86.262
16,20,6.7613,19.98,150.74,78.112
16,20,5.9076,20.366,162.62,87.828
16,20,7.0807,19.885,151.13,78.249
16,20,5.035,20.663,165.59,88.079
16,20,6.5105,20.016,153.34,80.098
16,20,4.6067,20.714,168.93,90.862
16,20,7.4951,20.299,154.55,79.344
16,20,5.6289,19.913,151.43,78.898
16,20,5.665,20.368,157.22,81.957
16,20,6.3602,20.429,159.48,82.725
16,20,8.2527,20.009,151.94,78.826
16,20,5.3989,20.719,167.81,90.318
16,20,5.7013,20.322,161.03,86.466
16,20,6.9817,19.909,150.6,78.835
16,20,6.552,20.236,161,86.587
16,20,5.3882,20.597,162.12,84.453
16,20,6.8678,19.747,148.27,77.367
16,20,6.3658,19.778,150.45,79.493
16,20,7.5049,19.888,155.47,82.896
16,20,7.6039,19.731,147.84,77.326
16,20,6.302,20.434,161.47,85.718
16,20,7.562,19.817,149.67,78.047
16,20,6.8523,19.978,153.35,80.541
16,20,6.8949,19.73,146.77,75.896
16,20,5.4527,20.111,157.4,83.809
16,20,7.9964,20.199,154.58,79.591
16,20,7.0997,19.861,153.69,82.446
16,20,6.0312,20.279,160.52,85.603
16,20,6.6009,20.296,165.3,90.043
16,20,7.0638,20.288,159.6,84.632
16,20,6.5621,20.46,162.34,85.677
16,20,5.4653,20.985,172.58,92.049
16,20,4.7678,20.606,162.37,85.718
16,20,5.6474,20.743,165.15,86.619
16,20,8.0173,20.072,154.84,81.442
16,20,6.5586,20.146,156.66,82.594
16,20,8.1967,20.116,154.59,80.651
16,20,6.2072,20.292,158.69,84.269
16,20,7.3906,20.495,160.49,84.325
16,20,6.0403,20.411,161.64,86.273
16,20,5.2497,20.569,159.46,82.485
16,20,7.11,20.2,156.89,81.651
16,20,6.3161,19.794,153.92,83.18
16,20,5.7699,20.214,154.66,80.464
16,20,5.4137,20.191,155.92,81.304
16,20,7.6736,20.241,150.08,74.981
16,20,6.7626,19.656,143.92,73.005
16,20,5.4761,20.262,152.65,77.841
16,20,5.0846,20.432,162.22,86.252
16,20,8.0901,19.605,143.64,73.796
16,20,4.971,20.679,165.66,87.887
16,20,5.663,20.441,163.45,87.689
16,20,7.5939,20.415,157.91,81.789
16,20,5.2681,20.667,163.73,85.651
16,20,5.9749,20.459,159.08,83.363
16,20,6.1885,20.46,158.97,83.443
16,20,6.8436,20.093,153.99,79.031
16,20,7.641,19.458,147.23,77.453
16,20,5.3891,20.773,162.94,84.178
16,20,6.6421,20.484,156.75,80.722
16,20,6.243,19.943,154.37,82.713
16,20,6.026,20.413,163.53,87.891
16,20,6.9077,20.188,150.85,75.155
16,20,5.5747,20.627,161.72,84.638
16,20,6.9416,20.034,152.28,79.045
16,20,5.7061,20.296,158.34,82.545
16,20,6.5769,20.574,158.86,81.328
16,20,5.1119,20.857,167.62,88.701
16,20,6.9578,20.109,155.4,81.846
16,20,6.1894,20.536,162.75,85.947
16,20,6.0449,20.416,158.57,83.267
16,20,6.7057,20.179,157.01,82.885
16,20,6.033,20.397,152.76,76.775
16,20,5.2229,20.531,162.53,85.817
16,20,9.9796,19.278,143.96,76.178
16,20,5.7947,20.414,159.48,84.134
16,20,5.4232,20.461,159.84,81.872
16,20,5.705,20.485,157.58,80.684
16,20,8.4376,19.852,152.88,81.11
16,20,4.5644,21.004,169.71,89.402
16,20,5.9104,20.731,165.25,86.691
16,20,9.1845,19.679,151.33,80.562
16,20,4.6464,20.467,163.62,87.14
16,20,7.1069,20.177,159.48,84.584
16,20,5.8289,20.552,160,83.183
16,20,5.105,20.441,160.86,85.621
16,20,7.7717,20.259,158.36,83.329
16,20,6.1382,20.288,152.89,78.175
16,20,6.4162,20.11,155.3,80.758
16,20,5.8674,20.389,159.66,84.124
16,20,5.8972,21.698,183,97.286
16,20,4.5789,20.729,168.3,90.67
16,20,7.1156,19.923,155.06,82.931
16,20,6.2947,20.361,158.35,82.8
16,20,8.1038,20.191,152.93,78.116
16,20,5.3325,19.877,153.08,81.192
16,20,7.0021,20.08,150.54,76.949
16,20,6.5217,20.505,164.8,87.797
16,20,7.4865,19.712,149.36,78.709
16,20,8.282,20.542,158.06,80.914
16,20,5.4814,20.391,156.76,81.325
16,20,6.1811,20.625,168.51,91.33
16,20,7.5296,20.281,158.21,83.332
16,20,5.8176,19.964,155.11,82.176
16,20,6.3108,20.003,151.99,79.582
16,20,6.0793,20.553,158.97,81.754
16,20,6.1346,20.571,166.23,89.151
16,20,7.7047,19.616,146.64,75.687
16,20,5.9555,20.159,155.3,80.439
16,20,7.3903,20.446,163,87.568
16,20,6.0831,20.317,158.34,83.453
16,20,7.6021,20.3,155.52,80.204
16,20,6.4234,20.248,159.73,84.779
16,20,6.5558,19.856,149.62,79.158
16,20,6.1965,19.859,154.28,82.864
16,20,4.6643,21.061,171.56,90.856
16,20,7.9244,20.707,164.68,85.418
16,20,7.1024,20.64,164.45,86.844
16,20,7.4871,19.953,150.83,77.25
16,20,7.4538,20.424,164.22,87.834
16,20,7.3369,20.131,150.36,76.226
16,20,5.5303,20.278,155.34,80.036
16,20,6.6558,20.115,154.48,81.057
16,20,5.6379,21.009,170.35,89.467
16,20,6.2704,20.746,164.56,85.413
16,20,5.9716,20.537,165.82,89.263
16,20,9.2203,19.755,148.61,77.412
16,20,6.0991,20.592,158.31,80.5
16,20,6.2759,20.737,164.41,86.217
16,20,5.9942,20.076,161.23,88.721
16,20,7.3574,20.251,155.22,80.931
16,20,6.51,20.4,162.37,85.779
16,20,7.2932,20.016,154.05,80.631
16,20,6.7358,20.227,154.77,79.328
16,20,6.269,20.466,164.76,88.425
16,20,8.7159,19.85,149.87,77.293
16,20,5.6186,20.495,160.7,84.81
16,20,6.3353,20.523,160,83.323
16,20,6.3797,20.301,155.06,78.824
16,20,6.6839,20.329,161.67,85.718
16,20,6.2011,21.072,170.4,88.841
16,20,6.0483,20.155,158.57,84.159
16,20,7.4168,20.146,159.04,84.554
16,20,6.3913,20.542,161.96,85.715
16,20,6.8973,20.177,160.05,85.521
16,20,6.4281,20.387,159.99,83.436
16,20,5.4994,20.2,157.44,81.697
16,20,6.7879,20.267,158.59,85.036
16,20,7.3225,19.963,152.59,80.821
16,20,6.5872,20.006,155.62,82.707
16,20,7.1338,20.167,159.36,85.024
16,20,6.179,20.154,156.01,81.766
16,20,7.0541,20.214,154.47,80.294
16,20,5.4735,20.654,164.86,86.619
16,20,5.2069,20.316,159.84,84.179
16,20,6.1849,20.372,156.54,81.573
16,20,5.6675,20.498,164.72,87.831
16,20,5.0798,20.932,173.33,94.034
16,20,6.8391,20.313,157.97,83.199
16,20,7.0687,19.897,150.28,77.882
16,20,6.7388,20.334,160.11,84.333
16,20,7.6055,20.263,158.69,85.381
16,20,5.3047,20.534,162.86,87.109
16,20,8.3128,19.952,151.56,79.31
16,20,5.9173,20.256,154.64,79.687
16,20,6.3306,20.385,156.44,81.022
16,20,5.6856,20.264,157.71,83.239
16,20,7.8516,20.064,154.4,81.396
16,20,8.6833,19.549,146.41,76.521
16,20,5.7769,20.39,163.68,87.014
16,20,7.4781,19.953,148.52,75.081
16,20,6.7429,19.669,146.31,75.491
16,20,5.7707,20.571,160.35,84.613
16,20,7.2903,20.384,159.27,83.135
16,20,5.4319,20.856,167.3,88.278
16,20,6.5939,20.5,166.8,89.949
16,20,6.3875,20.045,149.84,77.028
16,20,6.8107,20.547,166.11,89.737
16,20,5.5537,20.717,165.47,87.923
16,20,7.5479,20.305,159.17,83.451
16,20,4.2216,20.497,160.97,84.902
16,20,5.4951,20.773,173.24,94.793
16,20,5.8901,20.175,156.17,82.127
16,20,8.3214,19.945,157.06,85.056
16,20,5.5955,19.888,145.9,73.268
16,20,5.6377,20.59,159.61,82.112
16,20,5.5574,20.351,160.62,84.4
16,20,8.1347,19.779,151.54,80.405
16,20,4.6233,20.709,165.12,87.714
16,20,5.7125,20.5,156.97,79.798
16,20,6.9007,19.983,148.84,75.261
16,20,5.8857,20.131,151.06,76.98
16,20,8.4366,19.825,149.07,77.493
16,20,7.999,19.744,148.86,76.984
16,20,5.4907,20.183,154.35,79.68
16,20,6.1096,20.196,159.7,85.406
16,20,8.9094,19.719,147.69,77.575
16,20,7.1506,20.352,158.87,82.626
16,20,4.5596,20.986,171.18,91.2
16,20,7.3218,20.096,153.83,79.373
16,20,7.0897,20.294,164.12,89.737
16,20,7.567,20.451,160.53,82.664
16,20,6.0434,20.571,160.65,83.461
16,20,6.8113,20.334,157.93,82.215
16,20,6.5923,19.995,150.48,77.205
16,20,5.8501,20.494,161.41,84.148
16,20,6.2072,20.452,160.27,83.664
16,20,6.1936,20.415,155.67,79.279
16,20,6.1045,20.307,158.62,83.459
16,20,4.5855,21.132,172.07,91.153
16,20,5.6446,20.353,164.8,90.463
16,20,6.4017,19.878,156.41,85.226
16,20,5.2015,20.649,168.68,90.522
16,20,7.2186,20.654,160.13,82.134
16,20,6.1761,20.629,162.57,84.263
16,20,6.957,20.772,170.33,92.072
16,20,6.797,20.003,156.18,83.092
16,20,5.5557,20.955,169.22,89.121
16,20,7.4438,19.856,149.82,78.715
16,20,6.2865,20.802,166.09,86.126
16,20,6.4713,20.109,157.46,83.362
16,20,6.4605,20.108,151.57,77.346
16,20,4.8324,20.889,164.94,85.814
16,20,6.4579,20.023,157.36,84.923
16,20,6.1003,20.444,160.25,84.184
16,20,6.2677,20.051,151.76,77.973
16,20,6.4118,20.12,148.74,74.558
16,20,6.4295,20.284,155.67,81.242
16,20,6.9926,20.137,149.47,76.112
16,20,5.3635,19.989,158.65,87.009
16,20,6.4136,19.864,150.87,78.573
16,20,6.3344,20.493,155.22,77.84
16,20,6.0376,20.261,154.05,79.258
16,20,5.7104,20.323,157.69,82.211
16,20,6.1786,20.3,154.3,78.167
16,20,6.9128,20.474,160.77,84.028
16,20,5.5503,20.192,159.44,85.445
16,20,7.3388,20.288,161.11,86.066
16,20,7.3708,20.147,154.6,81.078
16,20,6.7769,20.51,162.79,86.474
16,20,5.53,20.064,152.71,79.956
16,20,6.415,20.42,163.94,87.633
16,20,6.6591,20.399,156.05,80.623
16,20,5.0826,20.328,161.67,86.802
16,20,7.1727,20.347,157.22,82.163
16,20,6.0538,20.287,160.23,84.955
16,20,5.382,20.244,157.73,83.577
16,20,6.6946,20.329,161.38,85.79
16,20,6.2152,20.358,158.45,82.114
16,20,5.1252,21.254,173.79,91.534
16,20,5.3394,20.435,163.06,86.527
16,20,6.7006,20.348,159.87,84.585
16,20,7.6191,19.62,147.99,78.329
16,20,6.9691,19.966,148.02,76.045
16,20,5.558,20.573,166.51,90.632
16,20,5.1392,20.31,162.89,88.671
16,20,5.2473,20.835,169.17,89.904
16,20,6.3904,20.51,157.7,80.879
16,20,7.5697,19.946,153.97,81.287
16,20,7.2793,20.375,159.89,84.477
16,20,7.2271,20.367,158.07,82.393
16,20,5.6115,20.629,163.73,85.796
16,20,5.6235,20.35,163.79,88.384
16,20,6.2687,20.09,155.2,81.11
16,20,5.4913,20.844,167.77,88.504
16,20,7.0159,20.022,151.82,78.378
16,20,6.2369,20.624,161.3,83.394
16,20,7.07,19.809,154.38,82.992
16,20,6.8345,20.128,156.29,82.781
16,20,6.3389,20.212,154.95,80.856
16,20,5.8995,20.342,158.7,82.621
16,20,5.4672,20.429,161.32,85.296
16,20,5.4303,20.247,153.61,78.423
16,20,5.7046,20.586,166.21,89.703
16,20,5.5454,20.036,154.59,81.26
16,20,8.0177,19.919,153.69,81.981
16,20,8.0286,19.58,146.38,75.931
16,20,6.2083,19.96,152.57,80.435
16,20,5.8673,20.063,154.01,80.918
16,20,5.1989,20.205,151.77,77.512
16,20,5.9719,20.326,157.74,83.763
16,20,5.6743,20.142,155.64,81.722
16,20,5.0921,20.362,158.1,82.741
16,20,6.5475,20.376,161.07,84.551
16,20,5.679,20.655,162.47,83.726
16,20,6.0095,20.161,158.11,85.192
16,20,5.3807,20.508,158.08,80.993
16,20,6.43,19.705,148.07,77.631
16,20,7.2145,19.817,154.66,83.305
16,20,7.2168,20.205,152.27,77.686
16,20,6.28,21.11,173,91.957
16,20,6.2363,20.313,159.02,84.086
16,20,5.9553,20.055,154.96,82.831
16,20,6.8038,20.657,159.75,82.005
16,20,5.0555,20.453,163.76,87.503
16,20,6.3092,20.229,153.1,78.715
16,20,5.296,20.577,157.59,80.276
16,20,6.3741,20.214,154.66,79.313
16,20,7.0062,20.509,162.25,85.396
16,20,7.7299,20.278,155.86,81.186
16,20,7.3109,19.944,151.83,78.562
16,20,6.1837,20.466,162,84.951
16,20,5.5681,20.408,155.65,79.839
16,20,5.729,20.53,159.32,82.038
16,20,7.0184,20.195,150.49,76.009
16,20,6.9123,20.621,161.52,83.143
16,20,7.39,20.456,162.5,86.017
16,20,5.5327,20.425,156.51,80.502
16,20,7.4222,19.683,148.9,79.006
16,20,6.5786,20.299,162.58,86.907
16,20,8.1738,19.851,147.28,75.3
16,20,5.7977,20.349,159.77,83.801
16,20,6.1176,20.128,154.45,80.306
16,20,6.9344,20.126,157.16,82.977
16,20,7.4863,19.88,149.91,77.858
16,20,5.8739,19.991,152.66,79.943
16,20,5.9984,19.906,146.93,75.679
16,20,6.4827,19.995,154.46,81.29
16,20,8.8507,20.073,156.64,82.861
16,20,4.9678,20.828,165.67,85.487
16,20,6.8997,20.406,159.35,83.095
16,20,7.6432,19.806,152.25,80.549
16,20,6.66,20.153,154.7,80.049
16,20,7.1112,20.217,151.11,76.416
16,20,6.3612,20.334,160.64,85.085
16,20,5.8465,20.376,157.39,81.216
16,20,9.591,19.919,151.16,78.544
16,20,6.2633,20.578,161.45,84.989
16,20,5.8611,20.88,171.15,91.851
16,20,5.8996,20.681,167.02,88.649
16,20,5.0999,20.927,168.02,87.857
16,20,6.0359,20.885,167.91,88.619
16,20,6.7811,20.149,157.83,83.579
16,20,6.2119,20.612,162.33,84.973
16,20,6.863,20.006,150.81,78.008
16,20,5.4484,20.244,158.86,84.553
16,20,5.615,20.754,173.43,93.958
16,20,4.0923,21.111,175.38,94.356
16,20,7.1885,20.003,154.56,81.231
16,20,6.8451,20.444,156.14,79.964
16,20,5.5096,20.357,162.37,86.279
16,20,6.856,19.817,149.2,77.746
16,20,7.5459,19.877,151.76,80.155
16,20,9.287,20.007,151.08,77.69
16,20,4.7873,20.115,154.48,81.039
16,20,7.3395,19.818,150.15,79.553
16,20,7.8654,20.353,161.55,86.577
16,20,6.7912,20.62,162.49,85.357
16,20,5.6342,20.472,159.48,82.475
16,20,7.872,19.913,150.43,78.173
16,20,4.9367,20.375,155.78,79.399
16,20,6.8493,20.538,161.18,84.772
16,20,5.9128,20.406,160.84,84.762
16,20,6.5577,20.181,156.29,81.489
16,20,5.3886,20.336,158.76,82.506
16,20,6.5642,20.221,158.75,83.806
16,20,6.3759,20.025,154.52,81.071
16,20,5.8171,20.186,157.27,82.708
16,20,6.2041,19.978,152.84,80.715
16,20,6.5988,20.327,156.17,81.215
16,20,6.9868,21.07,169.18,88.171
16,20,5.0921,20.839,160.69,81.312
16,20,6.0097,20.418,164.27,88.098
16,20,5.2813,20.661,165.22,87.942
16,20,6.222,20.578,163.88,86.629
16,20,5.1047,20.948,169.55,89.062
16,20,7.6467,20.049,154.5,81.644
16,20,8.4727,20.259,157.48,83.146
16,20,7.2155,20.167,155.42,81.077
16,20,6.8105,19.858,154.42,81.222
16,20,6.0396,20.431,161.71,85.929
16,20,7.3552,20.365,155.68,80.268
16,20,5.6943,20.025,155.83,82.727
16,20,6.3534,20.656,162.18,84.397
16,20,7.0417,20.01,152.91,79.151
16,20,9.0086,19.728,147.03,75.456
16,20,5.3708,20.646,166.89,89.247
16,20,8.157,20.11,156.07,82.407
16,20,7.0779,20.03,148.29,74.668
16,20,5.2556,20.459,160.17,83.113
16,20,5.8784,20.048,153.21,80.395
16,20,6.6131,20.595,167.78,91.302
16,20,5.6798,20.361,159.23,83.467
16,20,7.8692,19.317,142.27,74.701
16,20,5.9151,20.116,153.35,80.023
16,20,4.9874,20.411,157.01,81.132
16,20,9.1778,20.233,154.57,78.933
16,20,8.6446,20.22,154.14,79.014
16,20,4.9393,20.384,164.84,89.147
16,20,6.1649,20.476,157.78,81.057
16,20,6.5188,20.285,158.74,84.655
16,20,6.3997,20.215,153.26,79.125
16,20,7.4526,20.111,150.74,77.187
16,20,5.5291,20.68,160.51,83.112
16,20,6.7513,20.206,156.84,81.397
16,20,6.9888,19.971,149.81,77.548
16,20,6.3785,20.216,159.56,84.895
16,20,5.852,20.691,167.22,90.005
16,20,6.6249,19.756,145.68,75.012
16,20,6.2335,20.099,158.24,84.858
16,20,6.7413,20.291,155.34,79.949
16,20,6.4129,20.659,166.76,89.332
16,20,6.1312,20.468,164.19,87.039
16,20,5.7725,20.35,161.32,85.339
16,20,5.4103,20.638,165.62,88.831
16,20,5.7206,20.336,155.48,80.504
16,20,10.028,19.8,148.23,77.037
16,20,4.4483,20.576,160.6,83.8
16,20,6.7839,20.256,156.04,80.622
16,20,5.6708,21.045,172.79,93.224
16,20,7.2959,19.789,148.86,77.393
16,20,6.7492,20.073,156.14,82.237
16,20,7.3641,19.872,149.27,76.451
16,20,6.8051,20.168,152.27,77.996
16,20,5.4669,20.462,162.41,86.055
16,20,5.1182,20.852,164.15,84.311
16,20,7.3648,19.948,154.41,81.349
16,20,6.6675,20.197,155.07,80.159
16,20,6.4011,19.943,149.68,76.908
16,20,6.1879,20.766,165.03,85.674
16,20,7.2724,19.907,152.02,79.819
16,20,6.5238,20.156,155.26,81.159
16,20,6.4115,20.384,162.16,87.332
16,20,7.0723,20.34,158.18,83.453
16,20,5.0302,20.313,155.01,80.719
16,20,5.0043,20.586,160.25,82.453
16,20,6.0127,20.541,158.84,82.091
16,20,6.6201,20.173,153.71,79.39
16,20,7.1487,19.902,152.13,79.504
16,20,5.5417,20.405,161.99,86.6
16,20,6.3617,20.452,157.64,80.477
16,20,5.8748,20.652,161.54,84.197
16,20,6.9849,20.16,154.36,79.047
16,20,5.695,20.453,159.55,82.82
16,20,5.982,20.029,154.53,81.134
16,20,6.3339,20.212,157.65,82.175
16,20,6.0149,20.021,154.47,81.048
16,20,6.0778,20.537,162.87,85.382
16,20,8.2831,19.894,150.99,78.292
16,20,6.3926,19.663,149.09,79.23
16,20,6.6269,20.067,152.59,78.728
16,20,7.3146,19.965,150.33,77.82
16,20,5.6001,19.964,151.04,78.858
16,20,5.9362,20.435,165.15,89.833
16,20,8.6695,20.247,150.76,75.896
16,20,7.8654,20.371,155.1,80.432
16,20,6.0176,20.424,157.99,80.842
16,20,5.8119,20.23,153.96,80.539
16,20,6.5529,20.241,160.02,85.432
16,20,6.4694,20.243,155.46,80.756
16,20,6.5787,20.065,156.9,84.144
16,20,5.8175,20.128,158.4,85.127
16,20,6.1703,20.257,157.5,82.68
16,20,5.065,20.137,159.41,84.223
16,20,7.0891,19.852,148.14,76.752
16,20,7.4045,20.068,159.31,85.721
16,20,5.8863,20.713,161.63,83.313
16,20,6.8611,19.747,148.3,77.353
16,20,4.4609,20.635,162.62,84.446
16,20,5.3379,20.503,161.34,84.162
16,20,7.0097,20.275,159.21,85.477
16,20,5.6704,20.196,154.42,79.894
16,20,6.7346,20.56,161.02,83.985
16,20,5.9588,20.134,156.14,81.673
16,20,7.7762,19.87,149.44,77.329
16,20,6.171,20.29,158.97,84.421
16,20,7.4116,20.682,165.94,87.864
16,20,5.5555,20.083,152.05,78.819
16,20,6.9602,20.147,151.27,77.336
16,20,7.1427,20.302,158.57,83.899
16,20,6.5376,20.619,163.23,85.65
16,20,4.7504,20.505,160.59,83.616
16,20,6.5398,20.045,152.58,80.263
16,20,5.1187,20.623,164.14,86.75
16,20,5.5835,21.087,176.09,95.623
16,20,5.6637,20.296,160.02,84.685
16,20,9.2102,19.258,140.26,72.499
16,20,6.5228,20.072,153.19,79.883
16,20,5.3419,20.78,168.28,89.941
16,20,7.7122,19.662,149.46,78.553
16,20,4.7853,20.768,167.67,89.22
16,20,6.3424,19.684,147.73,76.756
16,20,7.5887,20.072,155.15,82.151
16,20,6.8564,20.193,156.05,81.715
16,20,5.5928,20.444,158.98,82.144
16,20,7.3969,20.39,157.84,82.008
16,20,7.5156,20.06,152.24,79.68
16,20,6.4683,20.048,158.89,87.209
16,20,5.9346,20.777,166.04,87.781
16,20,6.5829,20.709,168.16,89.42
16,20,7.185,20.151,155.85,81.087
16,20,4.757,20.617,165.19,88.406
16,20,6.7604,20.336,159.19,84.651
16,20,5.04,20.37,160.81,85.538
16,20,7.3222,20.294,157.1,83.36
16,20,6.4466,20.214,157.98,83.803
16,20,7.1295,19.973,152.55,79.413
16,20,6.3803,19.852,154.66,82.841
16,20,4.8068,20.769,165.52,87.249
16,20,5.6259,21.065,173.56,92.163
16,20,6.0907,20.376,162.57,85.663
16,20,7.4588,20.347,156.03,79.266
16,20,5.807,20.682,160.05,81.56
16,20,8.4092,20.308,155.38,79.787
16,20,6.2616,20.378,156.88,81.52
16,20,8.8225,19.503,143.31,74.126
16,20,7.1031,20.395,159.62,84.419
16,20,6.602,19.941,149.31,76.754
16,20,5.4544,20.463,162.31,86.016
16,20,6.023,19.97,152.47,79.418
16,20,7.8599,20.23,155.97,80.701
16,20,6.2629,19.899,146.03,73.797
16,20,8.6242,20.138,158.12,83.714
16,20,5.2126,20.582,159.06,81.757
16,20,7.4543,20.16,157.49,84.032
16,20,6.8159,20.845,169.27,90.451
16,20,6.7977,20.203,161.23,87.483
16,20,7.0429,20.27,156.21,80.985
16,20,7.2429,19.921,146.92,74.179
16,20,4.5652,20.563,163.77,85.957
16,20,8.1149,19.898,154.02,81.611
16,20,7.1556,20.649,159.75,81.986
16,20,6.8502,20.155,158.01,84.207
16,20,6.5367,20.15,155.95,82.953
16,20,6.5297,20.524,160.63,82.921
16,20,6.476,20.51,164.01,87.042
16,20,6.2867,20.213,152.89,77.992
16,20,6.3731,20.094,152.5,78.521
16,20,5.9587,20.566,158.76,82.624
16,20,7.4627,20.545,164.51,88.436
16,20,6.5535,20.252,156.73,81.606
16,20,7.591,20.446,157.08,80.527
16,20,4.7872,20.77,168.12,89.173
16,20,5.8076,20.475,158.33,81.101
16,20,8.4911,19.985,153.09,80.407
16,20,7.1203,20.062,154.75,81.255
16,20,6.7178,19.816,149.45,77.67
16,20,5.7079,20.04,153.36,79.516
16,20,5.6414,19.877,152.68,80.194
16,20,5.5909,20.629,157.82,79.356
16,20,5.6124,20.445,157.62,81.518
16,20,7.0071,19.9,152.46,79.902
16,20,6.7102,20.143,154.02,80.428
16,20,6.4795,20.127,155.1,81.466
16,20,6.0945,20.097,154.74,81.063
16,20,6.0891,20.563,164.63,87.671
16,20,6.8567,20.143,155.34,80.743
16,20,5.684,20.49,161.83,84.898
16,20,5.2557,20.598,162.44,84.505
16,20,6.5191,20.08,150.84,77.114
16,20,7.0579,20.621,163.17,85.92
16,20,6.2645,20.158,154.8,81.559
16,20,5.4942,19.876,150.57,79.462
16,20,6.4794,20.242,158.47,83.376
16,20,6.3326,20.698,162.6,84.015
16,20,5.4248,20.557,167.35,90.565
16,20,6.263,20.218,153.35,79.504
16,20,7.9554,20.099,156.44,82.645
16,20,6.1664,21.181,178.03,95.584
16,20,6.9384,20.6,165.59,87.094
16,20,6.1673,20.376,159.54,84.363
16,20,4.5019,20.691,163.49,85.508
16,20,8.3768,19.851,153.3,80.193
16,20,6.4331,20.203,153.61,78.632
16,20,7.2008,20.104,159.34,87.409
16,20,5.434,21.185,172.11,89.713
16,20,7.5505,20.246,155.95,81.509
16,20,6.0382,20.271,158.63,84.079
16,20,6.2619,20.586,162.37,85
16,20,4.8553,20.644,163.58,85.517
16,20,7.1772,20.091,156.56,82.49
16,20,7.9448,19.707,149.02,78.874
16,20,4.2164,20.62,167.49,90.581
16,20,6.3115,19.764,150.99,79.781
16,20,6.0298,20.385,157.01,79.851
16,20,6.4614,19.927,152.12,80.246
16,20,6.6196,20.024,157.06,84.942
16,20,9.3031,19.954,149.71,77.023
16,20,5.6634,20.447,162.83,87.108
16,20,6.5477,19.881,149.63,78.266
16,20,8.6756,19.607,144.87,75.597
16,20,5.5942,20.785,161.77,82.988
16,20,5.6599,20.287,161.4,87.586
16,20,6.7724,19.907,151.72,79.459
16,20,7.0081,19.997,155.71,81.681
16,20,4.9127,20.719,170.08,91.903
16,20,8.7865,19.32,143.32,75.288
16,20,4.7545,20.869,170.69,90.155
16,20,6.8718,19.892,147.27,74.948
16,20,6.0224,20.513,164.94,87.846
16,20,5.5891,20.063,151.71,77.573
16,20,6.7555,20.232,157.49,82.758
16,20,5.0917,20.048,153.07,79.954
16,20,5.8668,20.409,159.16,83.52
16,20,6.1849,20.482,160.37,84.572
16,20,5.5479,20.247,158.27,81.767
16,20,6.4397,20.28,155.02,80.515
16,20,5.1544,20.143,152.82,78.598
16,20,5.8856,20.104,153.26,79.727
16,20,6.4822,20.58,162.27,84.45
16,20,4.929,21.195,172.86,91.543
16,20,6.0626,20.441,160.07,84.146
16,20,6.2358,20.138,155.5,81.37
16,20,5.3248,20.506,159.13,81.839
16,20,5.8483,20.531,164.34,87.768
16,20,6.9829,20.574,165.75,88.095
16,20,7.311,20.248,158.08,83.399
16,20,5.4498,20.587,162.19,85.513
16,20,5.2143,20.276,158.4,83.663
16,20,8.7028,19.569,147.31,78.426
16,20,5.6899,20.477,168.34,91.573
16,20,7.1505,19.686,142.67,71.497
16,20,7.5203,20.023,157.58,85.332
16,20,5.7656,19.991,154.8,81.323
16,20,8.5815,19.883,153.13,81.843
16,20,7.2516,19.87,151.42,79.448
16,20,7.7172,19.999,152.23,80.787
16,20,6.5354,20.11,153.72,79.716
16,20,6.8999,20.509,159.9,83.245
16,20,5.4273,21.084,176.19,94.628
16,20,6.292,20.547,160,82.524
16,20,5.7174,20.174,151.11,77.237
16,20,7.5228,20.314,157.33,81.977
16,20,6.8028,20.009,151.88,79.784
16,20,5.4153,20.379,161.09,85.603
16,20,7.7965,19.862,151.45,80.141
16,20,6.5348,20.595,159.92,82.339
16,20,7.3083,19.966,155.92,82.417
16,20,5.1686,19.748,149.07,77.96
16,20,5.5356,20.276,157.86,83.833
16,20,5.9813,20.565,163.41,85.813
32,0,2.0556,9.2753,21.242,7.6526
32,0,4.3916,8.8331,17.369,5.3717
32,0,3.234,8.6372,17.136,5.6767
32,0,4.155,9.3031,21.441,7.7897
32,0,2.7348,8.7019,18.029,6.2225
32,0,2.9122,8.3479,14.539,3.7465
32,0,2.9645,9.2489,19.905,6.4748
32,0,3.3476,8.9015,19.116,6.3474
32,0,2.219,8.5463,17.247,5.9288
32,0,2.715,9.0914,20.196,7.2394
32,0,2.6878,8.901,19.565,6.9861
32,0,3.523,9.1881,20.391,7.2565
32,0,3.1522,8.4154,16.993,5.9492
32,0,2.6392,8.8113,18.984,6.7212
32,0,2.5989,9.1812,20.169,6.8778
32,0,2.4271,8.6717,17.362,5.7409
32,0,3.6465,9.5405,22.192,7.7566
32,0,5.1513,8.7223,19.092,6.726
32,0,2.651,9.0009,19.327,6.6715
32,0,2.9402,8.8229,19.075,6.7964
32,0,2.8893,8.5699,17.3,5.9197
32,0,3.9562,8.9916,19.128,6.5337
32,0,4.6466,9.1408,19.971,7.0387
32,0,2.2722,8.3677,15.683,5.0471
32,0,2.2754,9.3926,21.502,7.5252
32,0,2.7372,8.9632,18.649,6.0259
32,0,3.6747,9.2268,20.209,6.9224
32,0,2.2476,9.4075,22.112,8.1979
32,0,3.069,9.1019,19.438,6.5463
32,0,4.3408,9.5793,21.818,7.4254
32,0,2.3033,9.0356,18.568,5.9721
32,0,2.9485,9.2876,21.136,7.3874
32,0,2.7206,9.2452,20.634,7.1041
32,0,2.7507,9.0872,19.357,6.4792
32,0,4.4391,9.1653,19.68,6.9546
32,0,2.0191,8.6065,18.399,6.82
32,0,2.2505,9.2846,20.816,7.2241
32,0,4.6224,9.2915,19.679,6.3414
32,0,2.4735,8.3207,17.158,6.224
32,0,2.9717,8.5921,16.839,5.3772
32,0,4.0087,9.105,20.042,7.1453
32,0,2.6642,8.9316,19.801,7.1573
32,0,2.8721,8.7279,18.197,6.2227
32,0,3.2103,8.8216,19.2,6.9319
32,0,3.2884,8.7087,17.136,5.5085
32,0,3.2736,8.9654,19.187,6.4335
32,0,2.507,8.9165,17.412,5.5188
32,0,3.6881,8.6782,16.979,5.584
32,0,2.1867,9.1629,19.669,6.3541
32,0,2.6143,9.4161,21.594,7.5353
32,0,3.0294,8.8538,18.641,6.3566
32,0,3.572,9.0576,19.995,7.0927
32,0,2.5245,8.4564,16.642,5.5548
32,0,3.4728,9.1018,19.271,6.4261
32,0,2.414,8.6663,18.098,6.3008
32,0,2.8997,8.4789,17.086,5.8391
32,0,3.2031,8.7846,18.692,6.5316
32,0,3.0633,8.6765,18.019,6.3848
32,0,2.5094,8.6935,18.316,6.677
32,0,2.7508,8.599,17.474,5.952
32,0,2.694,8.817,19.151,6.9555
32,0,3.2575,8.5175,17.305,6.0153
32,0,3.1647,8.5055,17.955,6.6253
32,0,2.538,8.9474,18.057,5.9723
32,0,2.9603,9.2663,19.876,6.737
32,0,3.5255,8.1762,16.075,5.6273
32,0,2.9427,8.8642,17.365,4.9795
32,0,2.8052,8.8013,18.641,6.3841
32,0,3.5026,8.5741,17.611,6.1487
32,0,3.1924,9.2879,20.378,6.91
32,0,3.7058,9.1096,20.426,7.2747
32,0,4.0869,8.9532,17.992,5.7983
32,0,2.6375,8.6747,17.121,5.48
32,0,2.6824,8.4328,16.89,5.7952
32,0,2.5312,9.1536,20.669,7.3855
32,0,3.3049,8.6966,17.772,5.9393
32,0,2.6552,8.5584,16.59,5.2505
32,0,2.9467,9.3575,20.504,6.6704
32,0,2.3412,9.1521,20.306,7.0243
32,0,4.767,8.4905,16.235,5.2229
32,0,3.8412,8.5991,17.898,6.2565
32,0,3.3474,8.7337,17.58,5.6102
32,0,3.6264,8.668,17.237,5.8989
32,0,2.2106,9.0229,18.883,6.1671
32,0,3.5218,8.8296,17.856,5.7803
32,0,3.1652,8.4878,14.622,4.2984
32,0,3.0137,9.4305,20.98,7.1082
32,0,2.9102,9.3279,20.311,6.9047
32,0,3.6476,8.7378,18.076,6.1427
32,0,2.9421,8.9536,19.929,7.2295
32,0,4.3583,8.8378,19.895,7.3171
32,0,2.6656,9.0856,19.35,6.443
32,0,3.1793,8.7929,19.395,7.2798
32,0,2.6681,9.1102,19.574,6.7434
32,0,2.5522,8.3885,16.215,5.4812
32,0,3.9019,9.2874,20.471,7.1109
32,0,2.2325,8.9644,19.442,6.6363
32,0,2.3884,8.9697,19.525,6.5955
32,0,2.8475,9.0898,20.027,7.0176
32,0,3.219,9.5263,22.632,8.0765
32,0,2.7639,9.3129,21.526,7.741
32,0,2.494,9.0896,19.495,6.6341
32,0,6.2072,9.1043,20.14,7.1724
32,0,3.0381,8.9745,18.194,5.9409
32,0,2.6423,9.0483,19.345,6.4049
32,0,2.5754,9.3041,21.188,7.542
32,0,2.7233,8.3433,16.146,5.3744
32,0,2.4789,8.7697,18.203,6.2549
32,0,2.0514,8.9699,19.47,6.815
32,0,2.5942,8.5892,16.304,5.0711
32,0,4.982,9.015,19.477,6.7149
32,0,3.4949,8.7611,17.708,5.641
32,0,4.2676,8.8688,19.191,6.7944
32,0,4.225,8.3723,16.393,5.467
32,0,2.7764,8.4833,16.942,5.6164
32,0,4.0705,8.6542,18.158,6.3441
32,0,3.0609,8.815,17.406,5.592
32,0,3.1646,8.5199,16.511,5.3284
32,0,2.2465,9.1979,20.537,7.0652
32,0,2.4821,8.6525,17.637,5.6372
32,0,2.6957,9.1213,19.908,6.8648
32,0,4.036,8.592,18.135,6.3774
32,0,2.6371,9.3217,21.158,7.4303
32,0,3.5498,8.9952,18.457,5.7059
32,0,2.9796,8.8126,18.861,6.6883
32,0,2.0377,9.0476,20.353,7.4299
32,0,2.3393,8.9085,20.08,7.5089
32,0,3.2557,8.5091,17.346,5.91
32,0,2.6314,8.1327,15.427,5.18
32,0,2.7235,8.6493,17.653,6.0559
32,0,2.0931,9.021,20.296,7.3629
32,0,2.4708,8.6356,17.195,5.7662
32,0,3.7156,8.9069,18.844,6.669
32,0,3.1417,8.7082,17.742,5.9428
32,0,3.464,8.9626,19.152,6.7559
32,0,2.3937,8.8565,18.781,6.4042
32,0,2.9166,8.5149,17.182,5.7699
32,0,2.5851,8.5663,17.256,5.8645
32,0,3.3914,9.2292,21.027,7.4493
32,0,2.538,9.1481,19.654,6.3323
32,0,2.9395,9.1315,20.398,7.3406
32,0,2.799,8.8706,19.046,6.5479
32,0,3.7099,9.4893,21.511,7.6391
32,0,3.4087,8.8419,19.269,6.8619
32,0,2.8926,8.8923,18.061,5.97
32,0,2.8409,8.8861,18.523,6.4694
32,0,2.4684,9.1745,21.013,7.517
32,0,2.4303,8.6365,16.516,5.1239
32,0,3.0778,8.8414,17.822,5.7522
32,0,3.33,9.1024,18.938,6.0876
32,0,2.4793,8.9691,19.456,6.8263
32,0,5.1032,9.16,19.917,6.8889
32,0,4.0132,8.3721,17.056,6.1547
32,0,3.1729,8.9615,19.447,6.7367
32,0,2.4383,8.8726,18.603,6.4996
32,0,2.794,8.8907,18.339,6.0119
32,0,2.6693,8.6354,18.359,6.5684
32,0,3.1273,8.9909,17.813,5.5752
32,0,3.6337,9.367,20.659,6.738
32,0,2.3987,8.8952,18.277,5.7852
32,0,2.8149,8.622,16.541,5.2387
32,0,2.4158,8.7107,18.539,6.5755
32,0,1.933,9.2692,21.407,7.8473
32,0,3.0167,9.0526,18.446,5.8033
32,0,4.1851,8.5846,17.119,5.6437
32,0,2.6843,9.0267,18.491,5.9145
32,0,3.8195,8.6907,18.065,6.0877
32,0,2.6485,8.7779,18.303,6.0321
32,0,3.2066,8.6859,18.018,6.3546
32,0,2.8259,9.0976,19.2,6.3278
32,0,2.5482,9.1835,19.529,6.5134
32,0,4.3133,8.7787,18.094,5.8161
32,0,4.1047,8.9332,19.169,6.6122
32,0,3.3882,9.0725,19.007,6.2957
32,0,2.7517,8.388,17.603,6.2844
32,0,3.6807,8.9334,19.448,6.7174
32,0,2.7609,8.7002,19.003,7.029
32,0,3.2299,8.7037,17.54,5.7573
32,0,2.6187,8.9501,18.853,6.3718
32,0,3.2406,8.7585,16.825,4.9991
32,0,2.7286,9.3243,20.519,6.8951
32,0,2.3095,9.239,20.942,7.5716
32,0,2.6435,9.1427,20.127,6.9755
32,0,2.5709,9.0573,19.09,6.2669
32,0,2.2198,8.8014,17.742,5.7335
32,0,3.7657,9.3765,21.622,7.8648
32,0,3.1961,8.6804,17.958,6.1668
32,0,2.6074,8.514,15.531,4.8185
32,0,2.766,8.5569,17.147,5.8423
32,0,3.0881,9.0253,18.969,6.1388
32,0,2.5605,8.9479,19.248,6.6862
32,0,3.4968,9.2297,19.811,6.6307
32,0,3.6816,8.1565,15.7,5.2038
32,0,3.6402,8.9451,19.336,6.9168
32,0,2.8656,8.5637,17.014,5.8175
32,0,2.4552,9.2048,20.259,7.1048
32,0,4.2115,9.0316,19.933,7.0492
32,0,2.8966,8.5576,16.533,5.2955
32,0,3.743,8.4124,16.438,5.5078
32,0,2.8054,9.3521,22.033,8.0095
32,0,2.2523,9.0624,19.498,6.6039
32,0,3.1431,8.6468,17.693,6.0471
32,0,2.1458,8.9697,18.651,6.0985
32,0,4.0292,8.8685,19.874,7.3665
32,0,3.9252,8.7696,17.895,6.0313
32,0,2.2395,9.3443,20.863,7.2669
32,0,2.5707,9.3156,20.65,7.0997
32,0,3.3457,8.8467,16.175,4.4956
32,0,3.2223,8.8317,16.281,4.7594
32,0,2.0303,9.1914,20.467,7.0169
32,0,2.3758,8.854,18.365,6.0763
32,0,3.9428,8.9314,18.652,6.3048
32,0,3.2898,8.8188,18.761,6.4346
32,0,4.2276,9.1809,20.151,6.896
32,0,2.5963,9.28,20.742,7.1094
32,0,3.566,9.3696,21.017,7.4609
32,0,3.0004,8.6917,18.089,6.2627
32,0,4.0079,8.6583,17.945,6.2474
32,0,3.2186,9.4477,21.935,7.5911
32,0,2.8493,8.5404,17.356,6.0082
32,0,3.9237,8.586,17.256,5.668
32,0,2.3717,8.7026,18.3,6.2692
32,0,2.6724,8.8589,18.351,6.2042
32,0,3.8566,8.6695,17.933,6.0573
32,0,4.7019,8.8126,18.796,6.6493
32,0,2.7564,8.436,16.668,5.652
32,0,3.0835,8.8297,18.863,6.5574
32,0,2.4481,8.9199,18.656,6.3421
32,0,4.7832,8.8567,17.101,5.3512
32,0,2.7034,8.9173,17.854,5.7138
32,0,2.7507,8.5528,16.23,5.1364
32,0,2.5882,8.7876,18.106,5.8564
32,0,3.0255,9.4497,21.647,7.4273
32,0,2.6549,8.1398,15.565,5.3152
32,0,5.3585,8.4006,17.136,6.0585
32,0,3.168,9.2179,20.532,7.0029
32,0,3.8445,8.8245,18.004,5.9082
32,0,3.4779,8.8488,18.491,6.3731
32,0,3.5678,9.174,19.418,6.2514
32,0,2.6058,8.775,17.108,5.1921
32,0,3.8727,8.9666,19.451,6.927
32,0,2.0337,8.9912,19.273,6.5741
32,0,3.0549,8.9765,18.662,6.2268
32,0,2.9189,8.9475,18.821,6.3137
32,0,2.6721,9.2413,20.484,7.1768
32,0,2.5263,9.2441,19.404,6.1894
32,0,2.4504,8.3694,16.249,5.3718
32,0,3.511,8.8549,19.293,6.7736
32,0,3.779,8.3497,16.259,5.3911
32,0,2.6016,9.0385,17.966,5.5654
32,0,2.6853,8.7684,18.261,6.4762
32,0,2.7354,8.6897,18.522,6.5212
32,0,2.5165,8.8133,18.139,6.1097
32,0,2.4372,9.178,20.08,6.8989
32,0,2.5771,9.2281,19.699,6.5706
32,0,2.5001,9.3398,21.806,7.9351
32,0,2.3479,9.4191,22.271,8.1009
32,0,2.5881,9.1319,18.787,5.5851
32,0,2.7545,8.9002,18.39,6.3802
32,0,2.4046,8.6883,17.184,5.6951
32,0,2.0302,8.9463,19.386,6.9883
32,0,2.8384,8.8135,18.741,6.4809
32,0,3.7502,9.1988,20.601,7.2116
32,0,2.703,8.8821,17.877,5.3736
32,0,2.413,8.5847,16.357,5.1059
32,0,3.1558,8.632,17.568,5.9717
32,0,3.0963,8.2691,17.097,6.287
32,0,2.449,8.7306,17.968,6.3515
32,0,2.4457,8.7898,18.911,6.6262
32,0,2.6875,8.7778,18.515,6.282
32,0,3.0137,8.7483,18.687,6.4829
32,0,3.1199,9.123,19.593,6.5861
32,0,3.293,8.5675,16.833,5.5064
32,0,2.3566,8.9886,18.067,5.5254
32,0,2.5924,9.046,19.375,6.3828
32,0,4.3336,9.3844,21.122,7.5141
32,0,3.4198,8.8975,18.449,6.2653
32,0,3.5041,9.3951,22.29,8.1491
32,0,2.2906,9.1711,20.172,6.9436
32,0,2.7154,8.9813,19.162,6.7052
32,0,2.868,8.6419,18.164,6.4597
32,0,3.5614,8.6797,16.843,5.3523
32,0,3.1684,9.0405,19.273,6.5827
32,0,2.1273,8.7832,17.605,5.8737
32,0,4.3752,8.6787,17.817,6.0009
32,0,2.4951,9.1915,20.335,7.0961
32,0,3.6858,8.5492,17.792,6.3386
32,0,3.5481,8.7285,18.65,6.5787
32,0,2.6024,8.993,18.762,6.1013
32,0,3.0055,9.4346,21.483,7.4552
32,0,2.803,9.5369,21.783,7.3065
32,0,2.8605,8.9192,19.03,6.8118
32,0,2.4711,8.858,18.992,6.573
32,0,3.0111,8.8598,18.844,6.5723
32,0,3.1082,9.1269,20.209,6.9567
32,0,2.686,8.5879,17.379,6.0926
32,0,3.0027,9.6081,22.278,7.4137
32,0,2.6576,9.1042,20.635,7.4937
32,0,2.8988,8.5837,17.509,5.9025
32,0,2.5903,8.6057,17.039,5.5699
32,0,3.8035,8.5257,16.356,5.3888
32,0,4.4659,9.0581,19.639,6.4651
32,0,2.6921,9.0502,19.046,6.1309
32,0,2.1169,9.46,21.895,7.9222
32,0,2.0027,8.9773,18.583,6.176
32,0,2.5744,8.6734,17.745,5.9075
32,0,2.8692,8.554,16.584,5.2137
32,0,2.5436,9.0809,19.368,6.368
32,0,2.362,9.185,18.19,5.4643
32,0,2.7487,9.0111,19.52,6.5952
32,0,2.7865,9.0877,19.499,6.6861
32,0,2.4991,8.8132,18.103,5.9768
32,0,2.5958,9.2033,19.45,6.39
32,0,2.3008,8.762,18.526,6.4101
32,0,2.4117,8.4424,16.436,5.4338
32,0,2.6076,9.2915,19.598,6.3716
32,0,3.8069,8.7633,18.475,6.4879
32,0,2.9293,8.5089,16.657,5.5574
32,0,2.5032,8.9847,18.585,6.3125
32,0,2.6859,8.6808,17.977,6.1079
32,0,3.0027,8.6972,18.526,6.5877
32,0,3.114,9.492,21.975,7.6203
32,0,3.4947,9.026,19.237,6.6919
32,0,2.2897,9.3334,20.789,7.2169
32,0,2.9499,8.9006,19.419,6.9661
32,0,3.1368,8.9346,20.172,7.2518
32,0,3.072,9.251,20.542,7.1396
32,0,2.6677,8.8231,18.566,6.313
32,0,2.7161,9.0693,19.375,6.8377
32,0,2.5166,8.849,19.819,7.3258
32,0,3.0791,8.9254,18.357,6.0261
32,0,2.2592,8.4538,17.547,6.3095
32,0,2.1929,8.7608,19,6.9538
32,0,4.4476,8.8128,17.432,5.6074
32,0,3.2699,8.5772,16.914,5.4594
32,0,2.8859,9.4276,21.44,7.2969
32,0,4.9795,8.8733,18.766,6.4103
32,0,3.6576,8.7462,18.09,6.2584
32,0,3.3076,9.1105,20.117,7.0733
32,0,2.5084,9.2272,21.791,7.9768
32,0,2.7893,8.9736,18.73,6.355
32,0,2.7212,8.9654,17.686,4.8996
32,0,2.8915,8.4415,17.171,6.065
32,0,2.651,9.2998,19.484,6.0472
32,0,4.4007,9.0106,19.315,6.4056
32,0,2.3449,8.9014,17.782,5.7494
32,0,2.5925,8.9386,17.579,4.8413
32,0,2.2661,8.8558,18.597,6.3821
32,0,4.4306,8.7667,18.453,6.2146
32,0,3.348,8.6582,18.725,6.7485
32,0,2.3174,9.067,19.876,6.9632
32,0,2.3844,8.9173,18.935,6.473
32,0,2.3004,9.1089,20.305,7.1675
32,0,3.8687,8.8599,18.144,5.8826
32,0,2.4749,8.8132,18.297,6.0463
32,0,2.7777,8.9161,19.061,6.5146
32,0,2.7009,9.2108,20.229,6.9654
32,0,2.6119,9.1398,19.078,6.2767
32,0,3.9896,8.6819,17.462,5.5715
32,0,2.3499,9.0788,19.757,6.8469
32,0,2.1135,8.9541,18.973,6.526
32,0,3.1486,9.0178,20.486,7.5098
32,0,2.9434,8.4837,16.894,5.4218
32,0,2.8125,9.1691,20.212,7.0178
32,0,3.3951,8.914,17.742,5.7716
32,0,2.7212,8.8474,18.228,5.9794
32,0,2.9153,8.865,19.241,6.7355
32,0,4.9065,8.664,17.96,6.2971
32,0,2.3718,8.5308,17.227,5.8691
32,0,3.4556,8.8427,18.842,6.4078
32,0,2.8615,8.6156,17.838,6.2685
32,0,2.8614,8.3333,15.894,5.1078
32,0,3.1893,9.304,20.378,6.8792
32,0,4.76,8.3223,16.23,5.4845
32,0,2.6764,8.6775,17.64,6.0053
32,0,2.8266,8.8371,17.958,5.7714
32,0,3.3354,9.6243,21.593,7.1032
32,0,3.2451,8.7351,18.073,6.2359
32,0,2.4774,8.9814,19.641,7.0088
32,0,3.7524,8.8079,18.093,5.8673
32,0,2.9882,9.0543,19.352,6.6369
32,0,2.3369,8.631,17.578,5.954
32,0,2.7283,8.5749,17.91,6.3238
32,0,2.9589,8.5575,17.425,5.945
32,0,2.236,8.8589,19.87,7.4807
32,0,4.3673,9.2714,21.675,7.9238
32,0,3.2077,8.9208,19.282,6.755
32,0,3.0782,8.9296,18.751,6.4499
32,0,3.3994,9.2877,20.113,6.703
32,0,2.7521,8.871,18.365,6.1632
32,0,2.4867,9.2659,20.3,6.8962
32,0,3.0952,8.8773,18.459,6.1698
32,0,2.8083,8.831,18.403,6.3496
32,0,2.3121,8.6805,18.055,6.3159
32,0,3.2298,8.8369,16.763,4.5606
32,0,3.1683,9.244,21.175,7.5446
32,0,2.3846,8.8419,19.044,6.856
32,0,2.4373,8.5849,18.904,7.0643
32,0,2.3818,8.7648,17.443,5.4699
32,0,3.1961,9.4294,20.759,6.8606
32,0,3.0799,9.1412,20.127,6.9617
32,0,2.7701,9.0021,18.668,6.1049
32,0,2.5794,9.0758,20.018,7.132
32,0,2.5349,8.2918,15.688,5.0417
32,0,2.6587,9.0709,19.424,6.6938
32,0,2.6493,8.6676,17.75,5.9655
32,0,3.2119,8.9958,18.422,5.7573
32,0,2.4352,8.4632,17.395,6.0289
32,0,2.4616,9.1506,19.812,6.6475
32,0,2.7576,8.697,18.079,5.7695
32,0,3.3772,9.3296,21.109,7.4487
32,0,2.7202,8.4587,16.33,5.2845
32,0,2.4174,9.081,19.511,6.7999
32,0,4.0833,8.6644,18.706,6.985
32,0,3.8855,8.7846,19.224,6.8565
32,0,2.6454,8.9625,19.637,6.9247
32,0,2.4227,8.6792,17.021,5.4417
32,0,2.6735,8.7467,18.801,6.5655
32,0,3.2236,9.1244,19.201,6.4749
32,0,3.4977,8.842,18.513,6.211
32,0,3.4035,8.8977,17.876,5.2201
32,0,2.9551,9.0134,18.576,6.1295
32,0,2.7433,8.872,18.958,6.6452
32,0,3.5814,8.6956,17.738,5.9725
32,0,2.9425,8.8545,17.676,5.5993
32,0,2.4553,8.9019,17.991,6.0022
32,0,2.2309,8.5082,17.313,5.7306
32,0,4.3058,8.7326,18.147,6.1045
32,0,2.8526,9.3146,20.712,6.9736
32,0,2.9573,8.7379,18.816,6.7104
32,0,2.986,9.2745,21.11,7.5029
32,0,2.444,8.8381,18.115,5.7744
32,0,2.7203,9.2017,20.596,7.3963
32,0,4.7147,9.0198,20.178,7.2092
32,0,4.3136,8.7545,18.857,6.7566
32,0,2.3262,8.5736,17.984,6.4118
32,0,2.727,8.6151,18.129,6.2667
32,0,2.2033,8.7211,17.521,5.7815
32,0,2.3386,8.5917,17.724,6.0819
32,0,2.3852,8.9302,19.81,7.2092
32,0,3.0107,9.1195,18.08,5.2887
32,0,2.3876,8.9292,19.21,6.6784
32,0,2.4997,9.1321,19.57,6.6505
32,0,2.4089,8.733,17.91,6.0637
32,0,2.8087,8.7471,18.461,6.54
32,0,2.3731,8.8613,17.799,5.9562
32,0,2.814,8.5415,16.767,5.4255
32,0,2.3971,8.9682,19.38,6.7995
32,0,2.5652,9.6147,23.629,8.5532
32,0,2.5584,8.8087,18.665,6.5358
32,0,2.3827,8.9486,18.759,6.3478
32,0,2.4298,8.4786,16.324,5.3612
32,0,3.9418,9.0568,20.618,7.555
32,0,3.3423,8.6512,17.793,6.0304
32,0,3.0525,8.5076,17.598,6.1564
32,0,2.7401,8.8781,19.212,6.8948
32,0,3.102,8.535,16.866,5.1876
32,0,2.2651,9.3536,19.776,6.3598
32,0,2.5188,8.8219,19.209,6.7632
32,0,2.2592,8.7023,18.217,6.3142
32,0,2.8529,8.9164,19.39,6.9202
32,0,2.465,8.7082,17.723,5.954
32,0,3.1446,8.546,16.84,5.6116
32,0,2.7928,9.0296,19.199,6.5286
32,0,3.0842,8.7883,16.943,5.1326
32,0,2.9254,8.9854,19.157,6.5418
32,0,2.2415,9.2231,19.658,6.3606
32,0,3.0028,8.8511,18.484,6.3412
32,0,2.5428,9.0084,19.651,6.5954
32,0,3.7813,8.8831,19.07,6.5801
32,0,4.0244,8.9842,18.526,6.2007
32,0,4.3382,8.9489,17.968,5.482
32,0,2.8006,8.978,19.358,6.7107
32,0,4.7746,9.2641,20.417,6.9342
32,0,3.7285,8.6589,16.728,5.1965
32,0,3.0159,8.9343,18.519,6.1011
32,0,2.3313,8.5714,17.136,5.723
32,0,2.7332,8.842,19.174,6.7813
32,0,3.2774,8.8721,19.232,7.0653
32,0,3.3096,8.788,18.175,6.1914
32,0,3.2094,8.8382,18.785,6.5959
32,0,2.3598,9.0226,19.973,7.2145
32,0,2.7254,8.8219,18.667,6.3896
32,0,2.7387,8.7105,18.101,6.2897
32,0,2.1715,8.9534,19.507,6.7706
32,0,3.0546,8.2743,15.856,5.2933
32,0,2.9521,8.6546,17.977,6.3598
32,0,3.6114,8.7476,18.408,6.3157
32,0,2.8467,8.5585,16.894,5.5344
32,0,2.4965,8.5294,16.98,5.5471
32,0,2.0931,8.5642,17.49,5.844
32,0,2.6476,8.5078,16.611,5.2714
32,0,2.8594,8.5269,16.271,5.3058
32,0,2.5594,8.7254,17.746,5.8749
32,0,2.9136,9.042,18.564,5.9649
32,0,4.4425,9.0725,19.374,6.618
32,0,2.4919,8.7874,18.523,6.4286
32,0,3.0244,8.5817,17.142,5.8995
32,0,2.6538,8.8116,18.212,6.1648
32,0,2.9835,9.2824,21.377,7.735
32,0,2.9646,8.703,17.881,5.9687
32,0,3.2505,8.9525,19.215,6.6216
32,0,3.4102,8.2276,15.852,5.2516
32,0,2.7558,8.6358,17.543,5.9835
32,0,3.1591,8.203,16.043,5.5521
32,0,2.6527,8.8324,18.648,6.2767
32,0,3.5101,8.5988,17.189,5.6402
32,0,4.1245,9.2458,18.69,5.6305
32,0,2.5561,9.6002,22.609,8.1387
32,0,3.3518,8.9624,17.871,5.7101
32,0,2.7732,9.2081,19.417,6.3301
32,0,3.9235,8.9248,18.013,5.7326
32,0,4.343,8.5843,16.818,5.6515
32,0,3.538,8.7429,18.861,6.9564
32,0,2.456,9.1366,20.445,7.1805
32,0,3.6694,8.7446,18.125,6.2892
32,0,2.34,9.3959,22.066,8.0563
32,0,2.8805,8.8344,17.001,4.8974
32,0,3.4626,8.5777,17.347,6.0003
32,0,2.5659,8.6935,17.004,5.4807
32,0,4.2764,8.8637,18.326,6.2206
32,0,2.9171,8.4773,15.765,4.7628
32,0,2.4828,8.7228,17.464,5.6536
32,0,3.125,9.0501,18.832,6.1574
32,0,3.1101,8.8538,16.875,4.9537
32,0,4.8703,8.7875,17.437,5.4164
32,0,4.7847,8.8388,19.191,6.7234
32,0,2.917,8.6223,17.954,6.0724
32,0,2.8285,8.7851,17.994,5.9469
32,0,3.1134,9.0924,19.983,6.9051
32,0,3.6304,8.4041,16.657,5.6285
32,0,2.523,9.1081,20.636,7.4867
32,0,2.8843,8.4373,17.17,5.9926
32,0,2.4893,8.9822,19.039,6.4745
32,0,2.4793,9.0109,19.518,6.9218
32,0,2.4301,8.7133,18.784,6.5528
32,0,4.3817,9.212,21.127,7.7128
32,0,3.1996,8.6892,18.125,6.3415
32,0,3.0096,8.4159,16.605,5.3998
32,0,3.5215,8.7099,18.654,6.6336
32,0,2.5612,8.502,16.846,5.5892
32,0,2.7153,9.2025,20.314,7.0381
32,0,2.4337,9.002,18.172,5.6036
32,0,2.488,8.7048,16.837,5.2372
32,0,3.8631,8.9925,18.366,5.9553
32,0,2.834,8.8217,18.976,6.6636
32,0,3.3781,9.0282,18.927,6.4127
32,0,2.7064,8.7021,18.713,6.669
32,0,3.8218,9.1281,19.441,6.6077
32,0,3.7309,8.5675,17.773,6.2374
32,0,2.3993,9.0142,18.685,6.1017
32,0,3.9099,8.7414,17.366,5.6412
32,0,2.8119,9.1355,19.799,6.788
32,0,3.5212,8.5749,17.532,6.0342
32,0,2.9019,8.9664,19.19,6.5983
32,0,2.6035,8.4189,16.922,5.8849
32,0,2.2343,9.0855,20.853,7.6683
32,0,3.9284,8.7322,18.682,6.7204
32,0,3.7125,8.663,16.916,5.4868
32,0,3.6939,8.3074,15.636,5.0395
32,0,4.4588,9.3823,20.534,6.8984
32,0,3.3601,9.0996,19.924,6.7719
32,0,2.9452,8.7177,17.794,5.9945
32,0,2.6635,8.2376,15.676,5.2211
32,0,2.3264,8.9632,19.536,6.8546
32,0,3.6365,9.2622,21.16,7.5652
32,0,4.0442,8.9136,19.272,6.7526
32,0,2.7589,8.7798,19.239,7.0799
32,0,2.3417,8.8365,18.434,6.1867
32,0,2.3326,8.7471,18.08,6.1096
32,0,2.8045,9.0014,19.08,6.4506
32,0,2.9692,9.116,20.782,7.5688
32,0,2.8942,8.9938,18.295,5.5144
32,0,3.1469,8.3959,17.004,5.9325
32,0,2.6023,9.0627,19.746,6.8485
32,0,3.2444,9.0277,19.383,6.5883
32,0,3.6905,8.5639,17.93,6.4334
32,0,4.5025,9.4452,21.589,7.4579
32,0,2.6384,9.1902,19.919,6.8349
32,0,3.5645,8.1884,15.699,5.2727
32,0,2.7714,9.2324,20.279,6.9205
32,0,2.665,8.6862,16.729,5.2171
32,0,3.173,8.9184,19.471,6.8874
32,0,3.4033,9.0324,20.013,7.1472
32,0,2.3981,8.761,18.269,6.4733
32,0,2.9193,9.6948,23.276,8.4614
32,0,3.2584,8.6141,17.572,6.1561
32,0,3.7551,8.6502,16.725,5.3054
32,0,2.4546,8.8493,18.567,6.3029
32,0,2.9122,8.7234,17.886,6.0075
32,0,2.3261,9.6314,20.955,6.9182
32,0,3.1577,9.108,19.783,6.8009
32,0,3.3172,8.6918,17.015,5.4859
32,0,3.4431,8.6918,18.264,6.2602
32,0,2.3037,9.0797,19.987,7.0033
32,0,2.91,8.8915,18.477,6.0983
32,0,2.4947,8.7812,17.428,5.6915
32,0,3.8542,9.179,20.262,7.1762
32,0,3.7425,9.242,20.988,7.5792
32,0,2.7606,8.4438,17.744,6.2735
32,0,3.0921,8.388,16.415,5.526
32,0,3.9042,8.8155,19.205,6.7717
32,0,2.7173,9.1712,20.556,7.1721
32,0,2.1448,8.7442,18.286,6.3334
32,0,5.2167,8.8117,18.13,6.2251
32,0,3.3373,8.6676,18.035,6.2532
32,0,3.1906,8.5216,16.639,5.4519
32,0,3.4459,8.9177,19.186,6.774
32,0,3.8641,8.6918,17.516,5.7948
32,0,2.9692,9.513,20.48,6.6452
32,0,2.6141,8.8436,19.795,7.3535
32,0,3.1367,9.0469,20.211,7.3152
32,0,4.4415,8.8911,18.539,6.2442
32,0,3.2206,9.2075,20.483,6.7709
32,0,2.7844,9.2532,20.47,7.1491
32,0,4.0597,8.8327,18.515,6.4864
32,0,3.946,8.8018,18.544,6.4798
32,0,2.3013,8.6192,17.422,6.0087
32,0,3.0843,9.0051,19.567,6.938
32,0,2.6239,8.8038,18.712,6.5135
32,0,2.7517,9.1744,21.078,7.7375
32,0,2.7198,9.1841,20.326,7.0226
32,0,2.9894,8.1734,15.774,5.4548
32,0,2.2908,8.5487,17.921,6.3169
32,0,3.0543,8.8808,18.905,6.7002
32,0,2.1429,8.4732,16.612,5.5835
32,0,3.8623,9.2739,20.629,7.0381
32,0,3.0473,8.6528,17.167,5.3701
32,0,2.3008,8.8473,18.02,5.9477
32,0,2.7669,8.9419,19.274,6.7262
32,0,3.3647,9.1842,19.855,6.7142
32,0,2.4208,8.9598,18.954,6.5894
32,0,2.824,9.4147,21.847,7.7156
32,0,3.4852,8.5871,17.1,5.4867
32,0,3.5723,9.3628,19.003,5.6796
32,0,2.9369,9.7525,22.064,7.3914
32,0,3.1721,9.2732,20.335,7.0658
32,0,3.196,8.8969,18.46,6.1362
32,0,2.7785,8.4193,16.337,5.2812
32,0,3.4,8.7723,17.202,5.4898
32,0,2.9545,9.2485,19.387,6.3449
32,0,2.6332,8.8299,18.237,6.0575
32,0,2.6243,8.826,18.855,6.6963
32,0,2.3588,8.8983,19.466,6.9499
32,0,3.5127,8.9078,19.449,7.0234
32,0,2.6261,8.6514,16.472,4.8831
32,0,2.5066,8.8125,18.191,6.1417
32,0,3.4984,9.0808,20.007,6.8565
32,0,2.7902,8.8815,19.054,6.3947
32,0,3.1598,8.7763,18.637,6.4863
32,0,4.9357,8.7114,19.058,7.1357
32,0,3.0743,8.8525,18.56,6.308
32,0,3.2381,8.5597,17.086,5.9023
32,0,2.1612,8.406,16.261,5.3137
32,0,2.6209,8.8497,18.336,6.2093
32,0,4.0401,8.8522,18.331,6.2509
32,0,4.026,9.0958,19.044,6.2683
32,0,4.599,8.4432,16.614,5.5749
32,0,2.9771,8.7762,18.408,6.3579
32,0,2.5481,8.8476,17.485,5.4214
32,0,3.1444,8.6318,16.978,5.547
32,0,2.3865,9.0109,20.077,7.2259
32,0,3.2871,9.1258,20.11,6.8921
32,0,2.7356,8.91,19.12,6.747
32,0,2.6042,8.6303,17.924,6.067
32,0,4.0746,8.8079,18.166,6.0132
32,0,3.4215,8.9149,19.18,6.634
32,0,2.7792,8.9218,19.01,6.5485
32,0,2.9399,8.8506,19.107,6.9143
32,0,3.6262,9.0392,19.062,6.3749
32,0,2.5387,9.0448,19.846,6.9708
32,0,3.1422,9.1807,19.707,6.4655
32,0,2.3192,8.5073,16.939,5.2295
32,0,3.8937,9.1531,19.638,6.697
32,0,3.988,9.3595,20.324,6.6768
32,0,2.7352,9.032,19.432,6.6768
32,0,3.0339,8.8131,18.029,6.0457
32,0,2.0221,8.7289,18.793,6.507
32,0,3.4102,9.2349,21.416,8.0075
32,0,4.0983,9.2544,19.385,6.2895
32,0,3.0729,9.0725,19.485,6.4824
32,0,2.3376,9.1731,19.809,6.8444
32,0,3.391,8.773,18.03,6.2345
32,0,2.3609,8.9387,19.958,7.1197
32,0,2.4768,8.7238,18.938,6.9991
32,0,3.6408,8.6372,17.278,5.7033
32,0,2.691,8.9058,18.134,6.0166
32,0,3.3251,9.0932,20.581,7.3922
32,0,2.9214,8.8552,18.245,5.4127
32,0,2.5683,8.7735,18.38,6.2322
32,0,2.4114,8.7723,19.046,6.7121
32,0,3.0107,8.7647,19.246,6.8956
32,0,2.6284,9.052,19.9,7.0505
32,0,2.7383,9.514,22.499,8.0424
32,0,2.7155,8.9556,18.219,5.9414
32,0,3.5814,8.6972,18.652,6.6515
32,0,3.333,8.6383,18.164,6.451
32,0,2.2176,8.7912,18.199,6.1548
32,0,2.6843,8.8112,18.343,6.1239
32,0,3.6908,8.2827,16.2,5.5639
32,0,2.7873,8.9407,18.311,5.9973
32,0,2.7083,8.9393,18.699,6.0702
32,0,5.5359,8.8395,18.744,6.4304
32,0,4.1191,8.7756,17.824,6.0025
32,0,2.6157,8.3962,16.365,5.5306
32,0,2.6429,8.6937,18.579,6.7059
32,0,2.7288,8.6332,18.412,6.6259
32,0,3.695,8.9522,19.601,6.9012
32,0,3.3234,9.1935,19.965,6.5578
32,0,2.103,8.8431,18.834,6.4838
32,0,4.3066,8.7546,17.911,6.0023
32,0,3.4368,9.0059,19.576,6.7362
32,0,3.5345,9.2219,19.551,6.3078
32,0,2.2416,8.6303,17.274,5.7765
32,0,3.1311,8.3094,16.106,5.4689
32,0,3.1157,8.8329,18.438,6.3794
32,0,2.7991,8.6457,16.957,5.4941
32,0,2.325,9.1003,20.534,7.2833
32,0,4.8595,8.6438,17.25,5.7848
32,0,4.9146,8.875,18.426,5.9853
32,0,3.2746,8.6717,17.764,5.9886
32,0,2.7096,9.1544,20.325,7.0335
32,0,2.5596,9.0303,19.712,6.8323
32,0,2.9085,9.1907,21.352,7.8528
32,0,2.1845,8.6657,18.326,6.6258
32,0,5.1448,8.4952,16.739,5.3718
32,0,3.1584,9.1273,18.633,5.8875
32,0,2.3939,8.8758,18.891,6.1418
32,0,2.3592,9.2793,20.776,7.1755
32,0,4.2544,8.4321,16.576,5.5003
32,0,3.5282,9.0987,20.037,6.9847
32,0,3.5272,9.0278,19.417,6.5792
32,0,2.3968,8.6158,17.929,6.1185
32,0,2.7676,8.5829,18.218,6.5894
32,0,4.1871,9.3139,20.83,7.2591
32,0,3.8055,8.75,17.94,6.1247
32,0,2.5369,8.4281,17.553,6.3598
32,0,3.2125,8.9406,19.953,7.2747
32,0,3.4002,8.5693,17.214,5.8433
32,0,3.085,8.7223,18.821,6.9146
32,0,2.9729,8.7511,18.278,6.4533
32,0,2.7983,8.8135,17.337,5.4524
32,0,2.5374,9.1292,19.848,6.8476
32,0,3.1448,8.6239,17.735,6.0409
32,0,2.249,8.8923,20.407,7.7985
32,0,3.2094,9.2621,20.228,6.8327
32,0,2.849,8.9183,20.18,7.4075
32,0,2.8621,8.5727,17.534,6.0389
32,0,3.0705,8.6991,17.915,6.2467
32,0,3.2884,8.9905,19.201,6.4139
32,0,2.8967,8.7697,18.337,6.3628
32,0,2.563,8.8697,19.339,6.887
32,0,2.8254,8.9083,18.52,6.2634
32,0,3.1196,9.1936,21.007,7.6519
32,0,2.9699,9.2892,20.233,6.9472
32,0,2.7291,9.2618,20.86,7.409
32,0,2.298,9.1218,20.296,7.2583
32,0,6.3077,8.8454,18.05,5.823
32,0,2.2627,8.8494,18.513,6.5007
32,0,2.4974,8.7209,18.277,6.0976
32,0,3.1054,9.3087,20.523,7.0035
32,0,3.5832,8.8598,19.411,7.0063
32,0,3.0987,9.0816,20.384,7.3384
32,0,2.6304,8.8559,18.608,6.4172
32,0,2.3925,9.4353,21.675,7.512
32,0,3.2285,9.297,21.748,7.9594
32,0,3.1506,8.6098,17.205,5.684
32,0,3.7669,8.9153,18.202,5.9301
32,0,2.685,9.1088,20.506,7.2879
32,0,2.8474,9.2497,19.962,6.595
32,0,2.9673,8.8399,19.308,6.8675
32,0,3.1986,8.525,17.746,6.3588
32,0,3.132,8.9163,19.553,6.9472
32,0,3.0374,9.2373,20.102,6.8667
32,0,3.0106,8.9658,19.136,6.5585
32,0,3.0998,8.971,18.388,6.1123
32,0,2.0669,8.8763,18.666,6.0043
32,0,3.9882,9.1835,20.075,6.9058
32,0,2.6112,8.9907,19.085,6.6332
32,0,2.7844,8.9841,19.638,7.0065
32,0,2.6484,8.6975,17.691,6.0718
32,0,3.2604,9.3974,20.914,7.0532
32,0,2.6378,8.7604,18.304,6.2391
32,0,2.0327,8.8708,17.808,5.5865
32,0,5.3808,8.8971,17.797,5.4998
32,0,2.8484,9.2304,19.368,6.0004
32,0,3.0809,8.7427,17.735,5.88
32,0,2.6944,8.7621,18.156,6.0188
32,0,2.8966,8.3626,15.915,5.2099
32,0,4.0405,8.4007,15.199,4.4548
32,0,3.4591,8.7281,16.02,4.6994
32,0,2.5586,8.9901,18.911,6.4533
32,0,3.1549,8.5628,17.451,6.0475
32,0,2.4466,9.0996,18.83,6.11
32,0,2.7693,8.5262,17.753,6.5476
32,0,3.8062,8.65,17.453,5.7956
32,0,2.6952,8.316,15.811,5.1738
32,0,3.8451,8.527,16.808,5.3449
32,0,3.433,8.5396,17.673,6.2696
32,0,3.2451,8.9148,20.237,7.376
32,0,4.3041,8.6237,16.919,5.6648
32,0,3.2415,9.1761,21.014,7.573
32,0,2.8152,8.531,16.618,5.2426
32,0,3.127,8.8655,18.309,6.1559
32,0,3.1194,8.8015,18.318,6.3613
32,0,2.6707,8.8629,18.507,6.4064
32,0,2.6148,8.6451,18.272,6.3606
32,0,3.2379,9.3072,20.202,6.8651
32,0,2.2647,8.5678,18.182,6.4377
32,0,3.4644,9.3429,21.757,7.9992
32,0,3.2195,9.1485,21.641,8.3015
32,0,2.2483,9.1795,20.767,7.3325
32,0,3.6295,8.3205,16.671,5.9684
32,0,2.8593,8.7747,18.325,6.4142
32,0,2.513,8.8384,18.979,6.6441
32,0,2.8145,9.0074,18.541,6.077
32,0,2.3051,9.2001,19.878,6.6842
32,0,3.1777,8.7626,18.637,6.6129
32,0,3.4436,9.2862,19.611,6.2723
32,0,2.8423,8.9809,19.886,7.0954
32,0,3.816,9.0629,20.902,7.756
32,0,3.7012,9.0463,20.497,7.4523
32,0,3.1695,9.0898,19.498,6.5276
32,0,3.6056,8.8821,19.257,6.9134
32,0,3.1101,9.1089,19.399,6.4489
32,0,3.1342,8.7251,18.404,6.6113
32,0,2.2339,9.569,21.306,6.9738
32,0,4.2424,8.3127,15.418,4.9407
32,0,2.599,8.5673,18.829,7.1817
32,0,2.9101,8.8708,18.22,5.9646
32,0,2.0722,9.2876,20.365,6.8512
32,0,2.7426,8.8008,18.4,6.3761
32,0,3.5248,8.8977,18.714,6.5507
32,0,2.7264,8.4529,16.891,5.944
32,0,4.7253,9.1895,20.38,7.2754
32,0,2.1373,8.5742,15.339,4.3409
32,0,3.2558,9.042,18.648,6.0733
32,0,2.347,8.633,17.016,5.5277
32,0,2.7493,9.1542,20.425,7.255
32,0,2.7727,9.2979,20.642,7.0426
32,0,3.0355,9.0734,19.72,6.5872
32,0,2.7435,8.9762,19.04,6.3137
32,0,3.917,9.001,20.006,7.2903
32,0,2.5837,8.7688,18.34,6.4219
32,0,2.0075,8.5913,17.536,5.9944
32,0,2.6096,8.5791,16.959,5.3858
32,0,2.9189,8.6642,18.223,6.5509
32,0,2.8175,9.0513,19.404,6.6569
32,0,2.4666,9.4746,22.235,8.074
32,0,2.5855,8.8167,18.416,6.1715
32,0,4.9621,9.1217,19.672,6.5865
32,0,3.2603,8.5721,17.404,6.067
32,0,2.46,9.3472,20.216,6.6768
32,0,2.5088,9.1159,19.033,6.2958
32,0,2.7925,8.2558,16.066,5.397
32,0,2.8961,9.1654,19.539,6.5558
32,0,2.1582,9.0294,20.243,7.2703
32,0,2.4776,8.6645,17.128,5.546
32,0,2.4405,8.8583,18.868,6.7129
32,0,2.8759,8.7586,18.51,6.5842
32,0,2.0953,9.1173,19.407,6.5129
32,0,2.7689,8.6153,17.947,6.4252
32,0,3.6837,8.0308,14.29,4.2617
32,0,3.4297,8.2672,16.217,5.6125
32,0,2.295,8.7668,19.819,7.483
32,0,3.6146,9.33,21.763,7.8686
32,0,3.1525,8.7262,18.684,6.7059
32,0,3.7411,9.0578,19.246,6.4853
32,0,2.1784,8.7779,17.75,5.7737
32,0,3.1317,8.6428,17.751,5.7609
32,0,3.0686,9.1239,19.626,6.5821
32,0,2.3235,9.4155,21.342,7.4433
32,0,2.3268,9.031,19.974,7.0153
32,0,4.3106,8.5678,15.581,4.5067
32,0,2.4809,9.2266,20.031,6.7549
32,0,2.4516,8.9362,18.591,6.1391
32,0,2.5213,9.2429,20.42,6.8899
32,0,3.2451,8.8446,17.873,5.8626
32,0,3.4416,8.6364,17.863,6.1557
32,0,2.9471,8.5837,16.86,5.6168
32,0,5.5245,8.8408,18.35,6.3868
32,0,2.411,8.8458,18.464,6.2189
32,0,2.4959,8.8604,18.649,6.3128
32,0,3.916,8.9386,19.511,7.1026
32,0,3.5602,8.7522,17.781,6.0489
32,0,2.8849,9.0761,19.034,6.3787
32,0,3.3434,9.3623,21.448,7.4021
32,0,4.5387,8.5423,17.872,6.29
32,0,4.0011,8.397,16.661,5.6406
32,0,2.8506,8.4701,16.429,5.1238
32,0,2.1892,9.2746,21.169,7.5468
32,0,2.5193,8.8624,19.053,6.5103
32,0,2.9678,9.2697,20.601,7.0758
32,0,2.5313,9.2241,20.209,6.9246
32,0,2.7864,8.9995,20.167,7.3736
32,0,3.2106,8.794,17.397,5.1568
32,0,2.8308,8.9846,17.297,4.7575
32,0,2.806,9.0484,18.634,5.8191
32,0,2.3719,8.7957,17.867,5.9464
32,0,3.6978,8.4085,15.705,5.0313
32,0,3.6635,8.4371,16.24,5.3219
32,0,3.3158,9.0052,18.752,6.1952
32,0,2.4221,8.9876,18.919,6.3517
32,0,3.671,9.0827,19.444,6.6311
32,0,2.2338,9.0186,20.269,7.3576
32,0,3.6247,9.2606,20.318,6.9919
32,0,3.262,8.3951,17.254,6.2996
32,0,3.7932,9.2578,22.053,8.206
32,0,3.5506,8.7664,18.553,6.6277
32,0,2.8586,8.6099,17.82,6.3515
32,0,3.2288,8.9001,18.495,6.2367
32,0,2.7781,8.8354,18.553,6.2782
32,0,2.6549,9.469,20.59,6.7353
32,0,2.9928,8.9052,18.928,6.6219
32,0,2.2317,9.3654,20.183,6.6379
32,0,2.7317,8.9773,19.637,6.9326
32,0,2.8853,9.0525,19.4,6.3173
32,0,3.2703,9.1234,19.499,6.3865
32,0,3.5634,9.0316,19.515,6.6896
32,0,2.1847,8.9365,19.354,6.6523
32,0,2.6159,9.0656,20.011,7.064
32,0,2.5808,8.8389,18.133,5.8504
32,0,3.6602,9.4322,20.885,6.987
32,0,2.1548,8.7653,18.695,6.6613
32,0,2.6451,9.1018,19.131,6.3302
32,0,2.4267,8.6054,17.63,6.0985
32,0,2.2168,8.732,17.162,5.5107
32,0,2.4548,8.7,18.764,6.7363
32,0,3.509,8.7965,19.285,7.0899
32,0,2.4081,8.9988,18.663,5.9115
32,0,3.0023,8.867,17.73,5.7464
32,0,3.0425,8.8262,19.4,7.0738
32,0,2.2635,9.0655,19.455,6.6512
32,0,2.8246,8.6118,17.521,5.988
32,0,3.0794,8.8181,18.184,6.0196
32,0,4.7452,8.707,18.229,6.2766
32,0,2.8612,8.9252,18.358,6.1054
32,0,2.5991,8.9764,18.109,5.7014
32,0,3.1132,9.3049,20.506,6.9431
32,0,2.6625,8.9622,19.932,7.1483
32,0,3.6092,8.7432,18.047,6.1711
32,0,2.8523,8.6197,18.33,6.5177
32,0,5.1604,8.8959,18.909,6.5957
32,0,3.8792,8.8297,17.625,5.6624
32,0,3.5268,8.6922,18.268,6.3247
32,0,3.4729,8.7609,17.888,6.0505
32,0,2.4717,8.5541,17.514,6.1164
32,0,2.4814,9.0484,20.721,7.6733
32,0,2.5049,8.8408,17.87,6.0333
32,0,2.6703,9.1139,18.693,6.0119
32,0,3.5101,9.7476,22.904,7.7243
32,0,3.2358,8.7355,17.982,5.9383
32,0,4.6246,8.7931,17.772,5.7819
32,0,3.2484,9.0901,20.433,7.4887
32,0,3.5492,8.5875,17.058,5.6297
32,0,2.6696,9.1835,19.428,6.3072
32,0,2.9756,8.8844,18.15,6.0836
32,0,2.2864,9.0835,19.048,6.1007
32,0,2.7234,8.9642,18.844,6.2985
32,0,4.4001,8.6587,19.172,7.0548
32,0,3.8902,9.5444,21.523,7.4589
32,0,3.3087,8.7884,18.087,6.0543
32,0,2.9963,9.2425,20.427,7.1369
32,0,2.0262,8.645,17.651,5.7683
32,0,3.0051,9.6383,22.705,7.9676
32,0,2.8171,9.4643,20.466,6.6111
32,0,3.3189,8.8037,18.982,6.7921
32,0,3.0083,8.8275,19.897,7.4692
32,0,3.2957,8.6435,17.931,6.2085
32,0,2.9794,8.9263,19.024,6.3612
32,0,3.3017,9.107,18.538,5.814
32,0,2.2719,8.6995,17.785,6.0253
32,0,2.7957,8.9606,18.708,6.3282
32,0,2.3786,8.9731,18.948,6.2396
32,0,3.3399,8.8325,19.502,7.243
32,0,2.5493,9.5024,22.014,7.7546
32,0,2.6288,9.0332,20.295,7.3227
32,0,2.9639,8.5103,17.227,5.9022
32,0,2.8384,8.1958,15.003,4.9342
32,0,3.0735,8.4658,17.178,5.6327
32,0,2.8485,8.8432,18.087,5.9433
32,0,2.8762,8.5544,16.94,5.5053
32,0,3.9153,9.0596,18.424,5.8584
32,0,3.4467,8.6541,18.036,6.3825
32,0,3.4646,9.4014,19.3,6.1114
32,0,2.7924,8.466,16.197,5.1446
32,0,2.5679,9.0759,19.988,6.9093
32,0,2.3832,8.7427,18.514,6.4101
32,0,2.7064,8.5895,17.936,6.456
32,0,2.6001,8.4865,17.696,6.3862
32,0,3.3477,8.6581,17.839,6.2513
32,0,4.1104,9.0174,19.512,6.5555
32,0,2.3906,8.5987,17.902,6.2398
32,0,2.7517,9.0147,19.249,6.4764
32,0,4.7504,8.8649,19.341,6.8641
32,0,2.9092,8.9969,19.433,6.3055
32,0,5.2273,8.6915,17.331,5.6439
32,0,2.7299,8.9851,18.586,6.2632
32,0,3.4239,9.0462,19.24,6.4674
32,0,2.8192,8.3659,15.089,4.5164
32,0,2.7189,8.8402,18.114,5.9532
32,0,3.2467,9.3119,20.687,6.9481
32,0,3.2439,9.0345,19.177,6.6059
32,0,4.1367,9.0306,19.356,6.7791
32,0,2.38,8.9764,18.996,6.512
32,0,2.427,8.8391,18.609,6.1723
32,0,2.1997,8.9164,18.586,6.1008
32,0,3.733,8.9328,18.484,5.8142
32,0,3.0196,8.9925,18.765,6.2655
32,0,3.1602,8.7233,17.344,5.704
32,0,2.592,9.1359,18.493,5.498
32,0,3.6575,9.3008,20.381,6.9002
32,0,3.4806,8.7304,18.07,6.3437
32,0,3.739,8.5376,17.321,5.9998
32,0,2.736,9.0225,19.77,7.0684
32,0,3.3455,9.3245,21.797,7.8975
32,0,2.9542,8.7473,17.246,5.4772
32,0,3.0273,8.9917,18.519,6.1876
32,0,2.3823,8.9508,19.511,6.8207
32,0,2.6444,8.9536,18.445,6.0371
32,0,2.5023,8.6087,17.46,5.9442
32,0,2.1752,8.896,19.344,6.715
32,0,2.4844,8.8737,17.997,5.7951
32,0,3.5015,8.6925,17.873,5.8857
32,0,3.4996,8.9419,18.083,5.7649
32,0,3.6132,8.6782,18.342,6.4962
32,0,2.4119,8.8732,18.921,6.4755
32,0,2.2769,8.9847,19.346,6.5415
32,0,3.1594,8.7264,18.507,6.5483
32,0,3.4393,8.6741,17.698,6.1197
32,0,2.9941,8.7376,18.172,6.2732
32,0,2.5034,8.637,17.338,5.8618
32,0,3.8177,8.9125,19.764,7.1193
32,0,2.4228,9.1672,19.289,6.3223
32,0,3.1942,8.5543,18.311,6.6919
32,0,2.4616,8.6689,18.551,6.5557
32,0,2.4447,8.8716,18.611,6.6313
32,0,2.9698,9.0708,20.555,7.435
32,0,3.9796,8.9774,19.843,6.9528
32,0,2.8585,9.1013,19.39,6.3107
32,0,3.0714,8.3348,16.224,5.5142
32,0,3.2827,8.6108,17.828,6.3682
32,0,2.3985,9.0786,18.771,6.0071
32,0,2.7128,9.1988,19.695,6.56
32,0,2.8641,8.7856,18.934,6.7673
32,0,2.6178,8.6555,18.801,6.8963
32,0,2.9455,8.8321,17.943,5.8289
32,0,3.5679,8.8003,18.173,6.2035
32,0,2.7647,8.9617,18.544,6.1888
32,0,3.3321,8.8566,18.426,6.4653
32,0,3.2052,9.261,19.803,6.6154
32,0,4.1182,8.8378,18.611,6.4649
32,0,2.7745,8.8696,18.436,6.2733
32,0,4.5652,9.131,18.263,5.5541
32,0,2.6949,9.0104,19.671,6.6583
32,0,2.5782,8.8456,19.874,7.4592
32,0,3.0429,8.8739,19.208,6.6728
32,0,3.0146,8.688,18.54,6.5953
32,0,2.2009,8.4811,16.774,5.6045
32,0,3.3605,9.1832,19.44,6.4165
32,0,3.2364,8.6316,17.665,5.9463
32,0,2.5295,9.3196,19.992,6.6952
32,0,2.8369,9.1581,19.987,6.7368
32,0,2.3448,8.8578,18.517,6.2311
32,0,2.8005,8.6328,16.614,5.1828
32,0,3.0391,8.7509,18.704,6.4544
32,0,2.9991,8.7964,17.941,5.9509
32,0,2.2914,9.0628,19.236,6.2251
32,0,3.6988,9.1446,20.621,7.4702
32,0,3.9012,8.9199,18.738,6.3733
32,0,2.6496,8.8173,18.839,6.3781
32,0,6.1427,8.9294,19.647,6.9526
32,0,2.4515,9.3901,20.731,6.7871
32,0,2.6306,8.9749,19.003,6.4778
32,0,4.4121,8.4424,16.248,5.3174
32,0,4.1002,8.2422,16.071,5.5318
32,0,4.1615,8.8165,17.603,5.5717
32,0,3.0452,8.4897,16.241,5.2065
32,0,4.1752,9.2059,21.157,7.7522
32,0,3.5416,8.7823,17.733,5.9724
32,1,2.309,10.901,28.34,10.042
32,1,2.4366,11.079,30.304,10.796
32,1,3.1834,11.447,32.185,11.474
32,1,3.4354,11.358,32.55,12.198
32,1,3.4291,10.666,26.047,8.2226
32,1,3.3222,10.973,28.515,9.647
32,1,3.4691,10.818,28.413,10.072
32,1,2.6162,10.833,28.599,9.8854
32,1,3.6015,11.076,30.111,10.697
32,1,3.6327,10.893,27.214,8.9544
32,1,3.6653,10.763,27.444,9.216
32,1,3.4226,10.58,26.794,9.1948
32,1,5.5648,10.568,27.763,10.049
32,1,2.523,10.887,28.122,9.6981
32,1,3.0681,11.231,30.586,11.136
32,1,4.0788,10.859,28.461,9.9013
32,1,2.908,10.993,28.12,9.4786
32,1,2.8704,10.749,26.74,9.1544
32,1,3.2134,10.543,27.412,9.7723
32,1,3.4893,11.217,30.452,10.79
32,1,4.2221,10.971,30.114,11.047
32,1,3.5722,10.762,27.538,9.3764
32,1,3.3985,11.053,29.758,10.609
32,1,2.3984,11.169,32.374,12.09
32,1,3.4097,11.032,30.139,10.865
32,1,2.4744,10.835,29.309,10.529
32,1,3.1863,10.544,26.909,9.5145
32,1,2.7058,10.902,27.844,9.647
32,1,3.916,10.758,29.541,11.291
32,1,3.3452,10.748,29.272,10.866
32,1,2.8458,10.953,29.118,10.573
32,1,2.938,10.833,29.834,10.923
32,1,2.466,10.553,26.328,9.026
32,1,2.9004,10.8,29.396,11.042
32,1,3.2302,11.028,28.39,9.211
32,1,3.8664,10.588,25.492,8.2239
32,1,2.814,11.041,28.018,9.4893
32,1,5.2182,10.73,28.015,9.9315
32,1,3.0272,11.177,30.009,10.519
32,1,3.8983,11.156,29.441,10.33
32,1,3.1588,10.088,24.655,8.7853
32,1,2.851,11.117,29.448,10.103
32,1,3.3749,11.437,31.782,11.189
32,1,5.0777,11.101,29.196,10.044
32,1,3.7152,11.372,31.755,11.101
32,1,2.7448,10.949,29.059,10.284
32,1,4.2131,11.316,31.113,10.934
32,1,3.2451,10.731,26.491,8.6382
32,1,2.7695,11.356,29.993,10.095
32,1,2.7171,11.117,27.77,8.7566
32,1,3.4408,10.943,28.72,10.103
32,1,3.1403,10.954,29.035,10.128
32,1,2.8836,10.916,27.526,9.1789
32,1,2.5201,10.803,27.33,8.7777
32,1,3.2316,11.291,31.17,11.209
32,1,3.2148,11.09,30.287,10.779
32,1,2.9342,11.025,29.039,10.255
32,1,2.7225,11.139,29.361,9.6269
32,1,3.2277,10.628,27.57,10.022
32,1,2.4782,10.885,26.616,8.694
32,1,2.8453,10.778,27.448,9.7808
32,1,2.9672,11.476,31.067,10.139
32,1,3.0091,10.676,27.465,9.4393
32,1,4.1508,11.253,29.363,10.072
32,1,3.0057,11.975,35.578,13.103
32,1,3.0098,10.597,26.125,8.8713
32,1,3.71,10.58,26.903,9.5807
32,1,2.6233,11.173,29.53,10.161
32,1,2.9534,11.027,29.03,9.8929
32,1,3.1896,11.093,29.289,10.086
32,1,4.1589,10.659,26.687,9.1911
32,1,3.1949,11.026,29.565,10.499
32,1,2.3008,10.653,27.271,9.5133
32,1,3.172,10.826,27.077,8.9991
32,1,2.9892,10.235,23.882,7.4444
32,1,2.9301,10.843,26.265,8.3208
32,1,3.4026,11.039,29.946,10.673
32,1,2.8108,11.387,30.861,10.838
32,1,4.4917,11.188,29.535,9.968
32,1,3.8442,10.586,27.249,9.7058
32,1,2.8909,10.752,27.209,9.3095
32,1,2.7149,10.717,27.347,9.1453
32,1,2.9556,10.698,28.064,9.7894
32,1,2.4094,10.641,28.679,10.854
32,1,3.2238,11.063,29.386,10.324
32,1,3.5988,11.05,29.27,10.145
32,1,2.4402,10.96,28.85,9.8927
32,1,2.195,11.144,28.982,9.8371
32,1,3.0039,11.193,31.382,11.602
32,1,2.8573,10.974,28.339,9.6206
32,1,4.5179,10.181,24.938,8.8161
32,1,2.8649,10.672,26.745,8.9806
32,1,3.8628,10.497,28.283,10.586
32,1,4.0795,11.061,30.041,10.836
32,1,3.5304,11.106,30.002,10.397
32,1,2.4432,10.451,26.122,9.0626
32,1,2.4318,11.101,30.099,10.821
32,1,3.0046,11.061,30.505,11.117
32,1,2.7739,10.528,25.614,8.4532
32,1,3.1153,10.892,27.959,9.6512
32,1,4.1084,10.749,28.189,9.6841
32,1,3.3616,10.529,26.811,9.4222
32,1,3.1235,11.205,29.37,10.051
32,1,3.1759,10.954,28.885,10.298
32,1,4.203,10.574,26.641,9.2622
32,1,2.2249,10.75,28.605,10.213
32,1,2.4525,11.319,30.418,10.409
32,1,3.0929,10.148,24.231,8.3486
32,1,4.1456,11.07,28.806,9.697
32,1,2.8136,10.685,25.852,8.2622
32,1,4.0667,10.551,26.595,8.9825
32,1,3.5915,10.819,27.748,9.7021
32,1,3.9472,10.467,26.12,8.8424
32,1,2.4432,11.001,30.653,11.157
32,1,3.2998,10.065,23.937,8.3314
32,1,3.2468,10.416,25.641,8.3108
32,1,4.1236,10.817,27.068,9.3859
32,1,2.8317,10.576,26.402,8.8204
32,1,4.029,10.616,27.775,9.8631
32,1,3.6102,10.446,26.102,9.1616
32,1,4.0556,10.019,23.194,7.7985
32,1,2.6119,11.826,34.494,12.273
32,1,2.6689,10.998,28.55,9.7402
32,1,4.0106,10.33,23.725,7.4581
32,1,4.4882,10.911,27.771,9.3968
32,1,2.7555,10.904,29.18,10.362
32,1,3.6062,10.792,26.644,8.797
32,1,2.8947,10.78,27.209,9.0261
32,1,2.7598,10.967,29.375,10.411
32,1,2.8838,11.187,30.845,11.322
32,1,3.0419,10.436,26.52,9.5337
32,1,2.4629,10.863,26.216,8.3076
32,1,3.8606,10.335,25.675,8.8434
32,1,2.7815,10.988,28.961,9.7493
32,1,3.8637,10.597,26.825,8.9528
32,1,4.3188,11.487,30.222,10.005
32,1,5.2325,10.524,27.401,9.8474
32,1,3.1448,10.781,27.189,9.2726
32,1,3.49,10.911,28.009,9.881
32,1,3.3954,10.954,29.245,10.229
32,1,3.5317,11.082,28.875,9.8622
32,1,3.7434,10.542,26.835,9.1855
32,1,5.4736,11.001,28.469,9.8306
32,1,3.4222,10.609,26.934,9.4404
32,1,2.5235,10.987,29.285,10.69
32,1,3.57,10.782,28.249,10.065
32,1,2.5696,10.97,29.556,10.547
32,1,3.2131,10.44,27.353,10.095
32,1,3.1276,10.384,24.968,8.3464
32,1,2.6735,11.04,28.611,9.5154
32,1,3.5362,10.83,25.709,7.612
32,1,5.2286,10.774,27.163,9.1732
32,1,3.1623,10.445,24.741,8.1403
32,1,4.1455,10.096,24.219,8.294
32,1,3.4359,11.859,31.676,9.933
32,1,2.9922,11.239,29.99,10.588
32,1,3.1275,10.735,26.678,8.8209
32,1,3.3451,10.848,27.925,8.8916
32,1,5.1033,10.117,24.656,8.5635
32,1,4.135,10.879,29.648,10.835
32,1,3.7727,10.561,25.672,8.4954
32,1,3.5172,10.614,26.341,8.6256
32,1,3.8759,11.009,29.808,10.602
32,1,3.3629,10.681,28.298,10.124
32,1,4.1373,10.604,28.104,10.321
32,1,2.6993,10.697,24.54,7.145
32,1,2.8901,11.658,33.546,12.413
32,1,2.7907,11.116,29.151,9.5668
32,1,2.9474,11.398,31.866,11.587
32,1,3.0568,10.555,26.208,8.6306
32,1,3.2884,10.815,28.147,10.033
32,1,2.6319,11.025,28.705,9.3936
32,1,3.3973,10.44,26.507,9.4076
32,1,3.4118,10.569,26.977,9.4732
32,1,3.1326,10.332,26.662,9.5359
32,1,3.7464,10.831,27.47,9.0575
32,1,3.5337,11.162,30.491,11.167
32,1,4.2394,10.654,26.222,8.7121
32,1,3.9975,11.405,31.182,10.701
32,1,3.7891,10.954,29.172,10.111
32,1,3.538,10.844,28.566,9.9476
32,1,2.4804,10.878,28.509,9.9637
32,1,2.7242,10.966,27.253,8.8609
32,1,3.5048,10.79,27.979,9.5512
32,1,2.8844,11.359,31.865,11.408
32,1,3.0904,11.466,30.048,9.5413
32,1,3.7506,10.811,28.936,10.753
32,1,2.7534,10.68,27.172,9.5449
32,1,3.3948,11.284,30.653,10.547
32,1,4.874,10.752,28.029,10.012
32,1,2.9435,10.812,27.789,9.5476
32,1,2.9583,11.242,30.885,11.049
32,1,4.0292,10.825,27.306,8.9224
32,1,3.4798,11.133,29.938,10.303
32,1,2.8413,11.196,29.585,10.243
32,1,2.4869,11.165,30.298,11.016
32,1,2.8866,11.17,29.517,9.903
32,1,4.3454,10.188,25.714,9.1173
32,1,2.9218,10.2,24.575,8.5457
32,1,3.3784,10.623,27.234,9.6049
32,1,2.8129,11.353,31.562,11.082
32,1,4.1975,11.112,28.566,9.4503
32,1,3.1815,10.617,27.936,10.056
32,1,3.5522,10.59,26.711,9.2565
32,1,3.523,10.893,28.203,9.4179
32,1,3.1917,10.519,25.662,8.4858
32,1,3.9951,11.228,30.702,11.035
32,1,2.9732,11.024,28.837,10.004
32,1,3.3906,11.179,29.526,10.258
32,1,2.9867,11.091,27.976,9.1454
32,1,3.4499,10.891,27.951,9.7773
32,1,5.098,11.471,32.117,11.122
32,1,2.6482,11.018,29.748,10.65
32,1,3.6772,10.732,27.106,9.2602
32,1,3.1627,11.088,30.516,11.372
32,1,2.9296,10.941,28.395,9.5658
32,1,4.7645,10.462,27.244,9.9657
32,1,3.6047,11.235,28.663,9.5399
32,1,4.6495,10.934,28.701,10.165
32,1,2.8276,11.207,30.155,10.632
32,1,2.8946,10.884,29.347,10.331
32,1,2.7766,11.499,32.794,12.05
32,1,3.0428,10.881,27.374,9.0325
32,1,3.3691,10.869,26.514,8.0967
32,1,2.5415,10.524,27.026,9.6266
32,1,3.5866,10.5,26.671,9.1796
32,1,4.0338,10.795,26.497,8.7368
32,1,2.9937,10.382,25.926,9.0554
32,1,3.5592,10.615,26.127,8.6661
32,1,3.3528,11.012,29.068,10.132
32,1,2.5518,10.845,30.827,11.894
32,1,2.5474,11.427,31.896,11.304
32,1,3.6563,10.994,28.126,9.1938
32,1,3.8891,11.127,31.158,11.581
32,1,4.4327,10.79,28.217,10.01
32,1,3.458,11.52,33.62,12.442
32,1,2.8043,10.633,28.227,10.377
32,1,4.205,11.025,29.618,10.596
32,1,3.6464,11.372,32.526,12.01
32,1,3.6028,10.598,25.977,8.4876
32,1,2.7669,11.23,29.178,9.6811
32,1,5.1964,10.542,27.151,10.088
32,1,3.3078,11.007,29.259,10.285
32,1,3.4989,10.987,30.113,10.772
32,1,2.3611,10.924,27.973,9.1953
32,1,3.4098,10.86,29.583,10.165
32,1,4.3075,10.79,28.974,10.6
32,1,4.0963,10.768,27.235,9.0989
32,1,2.7981,11.058,28.308,9.5602
32,1,4.1781,10.847,29.339,10.687
32,1,2.9758,10.734,28.348,10.171
32,1,2.1582,11.443,31.145,10.585
32,1,3.3473,10.858,29.308,10.693
32,1,3.1571,10.944,29.534,10.704
32,1,2.7039,10.752,26.028,8.3822
32,1,3.0049,10.367,25.023,8.191
32,1,3.1507,11.047,27.845,9.0509
32,1,4.2104,10.963,28.705,9.8252
32,1,3.2186,11.293,31.2,10.721
32,1,4.5859,10.081,22.824,7.1851
32,1,3.049,10.688,27.536,9.2816
32,1,3.683,10.497,25.75,8.5485
32,1,3.5763,10.658,27.285,9.3843
32,1,3.284,11.433,33.238,12.488
32,1,3.1594,11.074,28.77,9.8629
32,1,2.9499,10.684,25.081,7.8193
32,1,3.2121,11.212,30.086,10.439
32,1,3.8669,10.947,26.897,8.8351
32,1,5.1018,10.229,24.711,8.6074
32,1,2.4693,10.975,28.347,9.8191
32,1,3.0761,10.122,25.258,9.0043
32,1,2.9977,11.049,28.802,9.8107
32,1,3.3926,11.006,29.098,10.142
32,1,3.1983,11.206,29.674,10.183
32,1,3.7286,11.386,31.045,10.907
32,1,2.6558,11.528,31.846,11.177
32,1,3.6819,11.364,31.403,10.779
32,1,3.3855,10.66,25.996,8.5666
32,1,5.0486,10.714,28.605,10.589
32,1,2.5213,11.081,29.374,10.105
32,1,2.6629,11.616,31.889,10.847
32,1,2.9298,10.774,27.323,9.1359
32,1,2.9254,10.195,23.632,7.6846
32,1,2.7051,10.458,25.217,8.3237
32,1,2.8562,10.41,26.343,9.3479
32,1,2.6862,11.108,28.545,9.4692
32,1,2.9076,10.778,27.434,9.2747
32,1,3.974,10.632,27.942,10.273
32,1,4.1017,10.709,27.949,9.897
32,1,2.7789,10.412,24.884,8.3208
32,1,3.8431,10.747,28.498,10.326
32,1,3.4625,10.484,25.421,8.671
32,1,2.5128,10.83,29.146,10.417
32,1,2.3102,10.598,26.398,9.0347
32,1,3.7552,10.331,24.557,8.2623
32,1,3.4019,10.998,27.959,9.137
32,1,2.5606,10.528,24.861,7.9847
32,1,4.0995,10.686,26.434,8.7378
32,1,2.2521,10.699,27.814,9.8044
32,1,2.693,10.704,27.343,9.4649
32,1,3.5774,10.808,29.811,11.237
32,1,2.7188,10.755,26.358,8.0595
32,1,3.1451,10.549,26.817,9.6388
32,1,2.5667,10.632,26.644,8.7916
32,1,2.4325,11.07,29.432,10.25
32,1,2.9616,11.452,31.629,10.896
32,1,2.8391,10.945,27.345,8.5841
32,1,3.8285,10.899,28.73,10.232
32,1,3.9044,11.187,28.804,9.8002
32,1,3.6636,11.241,31.114,11.338
32,1,2.6976,10.435,26.743,9.4885
32,1,3.3272,10.404,26.612,9.4176
32,1,2.7157,10.754,29.488,10.875
32,1,2.0678,10.726,26.929,8.7779
32,1,3.0173,10.723,28.031,10.004
32,1,4.6382,10.58,26.108,8.7092
32,1,3.5731,11.366,32.718,12.282
32,1,3.376,10.63,25.726,8.7636
32,1,3.0514,10.621,26.908,9.4995
32,1,3.1357,10.879,27.447,9.4516
32,1,2.6548,10.848,27.332,9.0879
32,1,3.3776,10.581,27.183,9.8669
32,1,3.5707,11.244,30.869,10.952
32,1,4.2853,10.393,25.539,8.7615
32,1,2.5075,10.61,27.34,9.672
32,1,3.3391,11.151,29.135,10.163
32,1,4.6917,11.207,30.421,10.693
32,1,3.0039,11.267,32.789,12.433
32,1,2.3858,11.391,32.452,12.08
32,1,3.3686,10.605,26.873,9.1577
32,1,4.6351,10.923,28.668,9.968
32,1,3.1997,10.776,27.077,8.8641
32,1,3.1478,10.643,28.282,10.262
32,1,4.1415,10.513,25.173,7.9863
32,1,3.2345,10.76,28.185,10.18
32,1,2.8968,10.756,27.124,9.1816
32,1,3.2876,11.064,29.114,9.9498
32,1,3.627,10.668,26.874,8.9086
32,1,5.0714,10.214,24.151,8.5078
32,1,2.8816,10.899,29.355,10.579
32,1,3.2601,10.658,27.614,9.9303
32,1,3.428,11.545,30.53,10.22
32,1,3.4393,10.733,28.933,10.873
32,1,3.2132,10.428,24.775,8.1255
32,1,3.784,10.916,28.73,10.217
32,1,3.1858,11.343,31.369,11.405
32,1,4.3715,10.91,28.411,9.8028
32,1,3.0264,10.639,26.499,8.892
32,1,3.4571,10.607,27.404,9.5413
32,1,2.4729,10.599,27.666,10.055
32,1,2.9231,10.84,27.503,9.5264
32,1,2.4745,10.407,27.119,10.059
32,1,2.8415,10.191,23.172,7.4915
32,1,3.2245,10.893,28.086,9.2516
32,1,2.6948,11.053,29.735,10.459
32,1,3.2536,11.182,28.519,9.3237
32,1,3.3849,10.817,27.557,9.3245
32,1,2.6962,11.363,31.911,11.507
32,1,3.5785,10.885,28.26,9.1822
32,1,2.5473,10.703,27.65,9.6931
32,1,2.6529,10.634,26.443,8.9118
32,1,3.4572,11.167,27.336,8.3951
32,1,4.7932,10.731,27.931,9.7989
32,1,4.2675,11.231,30.844,10.782
32,1,3.4077,10.991,30.103,10.969
32,1,3.1288,10.938,29.434,10.882
32,1,2.8994,10.815,29.135,10.494
32,1,3.5308,11.191,30.129,10.454
32,1,2.2942,10.901,28.691,9.8497
32,1,2.7318,11.665,34.431,12.55
32,1,3.6497,11.346,31.384,11.032
32,1,3.9968,10.389,26.72,9.583
32,1,2.5293,11.066,29.424,10.469
32,1,3.5943,11.056,29.075,10.078
32,1,3.4665,10.166,23.341,7.8175
32,1,2.743,10.46,25.996,8.9115
32,1,2.5305,10.549,25.309,8.0419
32,1,3.0282,11.057,29.472,10.39
32,1,3.1618,10.664,28.582,10.588
32,1,3.0402,10.457,26.759,9.7972
32,1,4.5175,11.106,29.599,10.492
32,1,2.8065,10.979,29.39,10.397
32,1,3.1063,10.356,24.493,8.1871
32,1,3.8073,10.827,28.874,10.489
32,1,3.2969,11.137,28.76,9.6971
32,1,4.1199,11.744,33.771,11.734
32,1,3.2986,10.792,28.483,10.225
32,1,2.7562,10.6,27.897,10.061
32,1,2.8041,11.099,30.389,11.009
32,1,2.6201,11.295,30.566,10.725
32,1,3.0685,10.966,28.599,9.5056
32,1,4.0192,10.74,26.358,8.6704
32,1,3.6094,11.058,28.304,9.2992
32,1,2.3896,10.591,27.613,9.6948
32,1,3.6109,10.766,27.706,9.7327
32,1,2.7891,10.873,27.257,8.7847
32,1,3.2913,11.033,28.482,9.7405
32,1,3.7001,10.38,26.205,9.0861
32,1,2.9375,10.725,27.01,9.3448
32,1,3.7745,11.115,30.333,10.961
32,1,3.3068,10.839,29.286,10.466
32,1,3.5424,10.457,26.454,9.1221
32,1,2.918,11.115,29.083,9.5887
32,1,3.6671,11.477,32.123,11.543
32,1,3.0336,11.075,29.401,10.198
32,1,3.3138,11.205,30.627,10.98
32,1,3.4401,10.027,22.905,7.5635
32,1,3.6844,11.439,31.445,10.892
32,1,2.9761,10.76,27.817,9.917
32,1,3.259,11.346,31.622,11.259
32,1,3.8756,10.511,26.36,8.9874
32,1,2.4138,10.795,28.427,10.04
32,1,2.6835,10.989,28.203,9.2627
32,1,2.3501,10.996,28.122,9.0271
32,1,2.7429,10.701,26.843,9.3521
32,1,2.7525,10.921,27.841,9.1554
32,1,3.5568,10.504,26.654,9.7148
32,1,3.3069,11.177,31.06,11.161
32,1,4.4042,10.899,29.36,10.495
32,1,3.5128,10.581,26.982,9.3941
32,1,2.5768,11.067,30.449,11.083
32,1,2.727,10.984,29.087,10.329
32,1,2.2359,10.781,28.826,9.9583
32,1,3.8511,10.464,24.67,7.6589
32,1,2.977,10.85,28.376,9.9514
32,1,2.7969,11.23,30.561,11.022
32,1,3.8535,11.456,31.479,11.195
32,1,3.1698,11.083,30.32,10.572
32,1,3.03,10.734,29.2,10.703
32,1,2.8472,10.555,25.616,8.4692
32,1,2.6888,11.136,32.074,12.113
32,1,3.1422,10.308,24.045,7.6025
32,1,3.0477,10.285,25.199,8.8806
32,1,3.8187,10.74,26.241,7.8762
32,1,3.9688,10.724,29.499,11.08
32,1,4.9801,10.568,25.202,8.4701
32,1,3.6924,11.187,30.318,10.775
32,1,3.5751,11.5,32.661,11.335
32,1,3.1238,11.405,31.922,11.688
32,1,3.2487,11.191,30.39,10.763
32,1,3.2894,11.01,29.475,10.591
32,1,2.7134,11.069,30.255,10.667
32,1,2.9907,10.968,28.185,9.5568
32,1,3.4919,10.647,26.715,9.0915
32,1,2.5222,10.474,25.998,9.1709
32,1,3.4974,10.551,26.439,8.9511
32,1,5.1415,10.385,26.955,9.908
32,1,2.8704,10.947,29.355,10.303
32,1,2.5515,11.259,32.079,12.041
32,1,4.3615,10.283,26.454,9.6664
32,1,2.3727,11.039,29.44,10.489
32,1,2.5839,10.77,26.829,8.8683
32,1,3.0764,10.949,28.928,10.207
32,1,4.266,11.233,32.2,12.253
32,1,2.7379,10.971,26.982,8.7198
32,1,4.2033,10.737,27.369,9.6632
32,1,3.1001,10.493,26.364,9.2402
32,1,4.1534,11.065,29.669,10.636
32,1,3.1738,11.075,28.205,9.2505
32,1,2.8122,10.529,25.137,8.157
32,1,3.1873,11.289,32.882,12.172
32,1,4.7813,11.176,31.556,11.736
32,1,3.2855,11.307,30.409,10.716
32,1,3.1306,10.904,29.132,10.532
32,1,3.2109,11.151,30.322,10.632
32,1,3.9505,11.296,30.214,10.401
32,1,2.4253,11.101,29.492,10.27
32,1,4.6017,10.785,28.499,10.167
32,1,4.028,10.774,29.48,11.22
32,1,3.0678,11.436,32.465,11.905
32,1,2.5363,10.533,26.705,9.5028
32,1,2.6854,10.689,26.665,9.0987
32,1,2.9122,10.616,26.334,8.9557
32,1,2.3585,10.683,29.007,10.628
32,1,2.8288,11.18,29.288,9.9245
32,1,2.8811,10.973,28.93,10.339
32,1,3.0316,10.622,26.446,8.9636
32,1,2.8814,10.662,26.433,8.7352
32,1,4.0341,10.88,27.886,9.3527
32,1,3.0249,10.853,27.028,8.8031
32,1,3.3433,10.949,29.72,10.599
32,1,2.2995,11.467,32.224,11.37
32,1,4.3453,10.708,28.386,10.191
32,1,2.9795,10.759,27.168,9.2452
32,1,3.3297,11.026,30.033,10.956
32,1,3.865,11.465,31.367,10.077
32,1,2.9091,10.879,28.876,9.9371
32,1,4.2507,11.404,32.196,11.436
32,1,3.0192,10.82,29.988,11.299
32,1,2.7696,11.22,30.007,10.286
32,1,3.9758,11.054,28.658,9.6611
32,1,4.6934,10.507,26.999,9.7292
32,1,3.8306,10.875,27.975,9.2311
32,1,3.7427,10.745,27.783,9.7503
32,1,3.7882,10.988,26.663,8.3066
32,1,2.6233,11.524,30.613,9.2377
32,1,4.0821,10.509,26.828,9.5822
32,1,2.8759,10.453,27.102,9.9147
32,1,4.0342,10.947,29.158,10.184
32,1,3.3254,11.635,32.628,11.357
32,1,4.6583,10.887,28.636,10.122
32,1,3.8315,10.62,25.103,8.018
32,1,3.6269,10.935,29.255,10.152
32,1,4.0658,10.601,25.304,8.3123
32,1,4.2483,10.571,26.75,9.3469
32,1,4.2692,11.165,30.568,11.079
32,1,2.812,11.895,34.846,12.665
32,1,3.3002,10.756,26.371,8.8053
32,1,2.5497,11.415,32.192,11.346
32,1,3.3756,11.096,29.539,10.241
32,1,3.2565,11.296,31.484,11.356
32,1,2.5742,10.63,28.732,10.778
32,1,4.1734,10.73,27.116,9.441
32,1,4.0787,10.826,28.468,10.233
32,1,3.6567,10.667,27.496,9.5492
32,1,2.6921,11.118,31.42,11.74
32,1,3.8518,11.087,29.678,10.505
32,1,2.4692,10.995,27.606,8.599
32,1,3.5363,11.083,30.094,10.846
32,1,3.7744,10.88,29.352,10.761
32,1,4.5762,10.892,29.284,10.421
32,1,3.2204,10.649,26.194,8.7082
32,1,4.9717,10.801,28.334,9.6723
32,1,3.6224,10.489,25.87,8.83
32,1,3.4666,10.747,27.328,9.2591
32,1,3.832,10.906,27.471,9.0067
32,1,2.9382,10.757,27.931,9.9613
32,1,3.5673,10.813,29.316,10.622
32,1,2.844,10.927,28.673,10.115
32,1,3.4268,11.006,30.325,10.825
32,1,3.132,10.611,26.303,8.9265
32,1,3.2326,10.745,26.738,9.0198
32,1,4.3827,11.253,30.916,10.933
32,1,4.0115,10.529,26.257,9.2243
32,1,3.4056,10.755,27.184,9.1758
32,1,2.9585,10.993,27.709,9.0415
32,1,3.4389,11.052,30.065,10.918
32,1,2.7348,10.957,30.368,11.248
32,1,2.5725,10.787,28.06,9.7747
32,1,3.3516,10.932,27.6,9.2132
32,1,3.3268,10.241,25.298,8.7471
32,1,3.1862,10.561,25.342,8.2265
32,1,3.1519,10.752,28.548,10.325
32,1,3.1812,10.967,30.18,11.233
32,1,3.0541,10.653,26.538,9.0049
32,1,3.0809,11.094,30.187,10.809
32,1,3.592,10.999,27.627,7.8865
32,1,3.9235,10.533,25.617,8.5153
32,1,3.0639,11.015,31.033,11.453
32,1,2.8039,11.114,29.817,10.353
32,1,3.4557,10.368,26.114,8.9916
32,1,2.5274,10.468,26.572,8.8891
32,1,2.8934,10.809,27.396,9.129
32,1,3.5093,10.793,27.819,9.7341
32,1,2.7957,10.647,26.242,8.6388
32,1,3.7064,10.925,28.425,9.7811
32,1,3.34,10.927,27.224,9.0522
32,1,2.8165,11.091,29.917,10.874
32,1,3.5717,10.213,25.036,8.7935
32,1,4.5455,11.204,30.154,10.743
32,1,2.9674,10.27,24.052,7.9261
32,1,4.3706,10.87,28.543,9.9761
32,1,3.5001,10.779,26.798,9.1003
32,1,3.314,10.61,26.579,9.1014
32,1,3.565,10.73,26.904,8.9965
32,1,4.1666,11.045,29.655,10.577
32,1,2.8704,10.535,27.675,10.334
32,1,3.3947,10.579,25.744,8.3784
32,1,2.9998,10.72,27.48,9.4492
32,1,3.6053,10.48,26.468,9.3646
32,1,3.3442,11.412,30.222,10.288
32,1,3.1665,10.95,30.498,11.364
32,1,3.6828,10.625,26.128,8.9868
32,1,2.9547,11.714,33.951,12.058
32,1,3.4456,11.021,29.31,10.108
32,1,2.5532,11.048,29.026,9.3006
32,1,2.4027,11.35,31.036,10.954
32,1,4.5293,11.069,28.049,9.1563
32,1,4.5952,10.727,27.404,9.5902
32,1,4.6483,11.056,29.116,10.043
32,1,2.8429,10.624,26.306,8.7843
32,1,3.2104,10.333,25.289,8.8949
32,1,2.8972,10.614,27.488,9.5846
32,1,4.2616,10.757,25.253,7.4491
32,1,3.4767,10.982,29.38,10.379
32,1,3.3824,11.181,30.275,10.994
32,1,2.7801,10.684,26.9,9.0719
32,1,2.6229,11.171,29.469,10.222
32,1,2.9218,10.868,27.495,9.3731
32,1,2.9505,10.623,28.832,11.099
32,1,2.8302,11.071,30.357,11.015
32,1,3.3148,10.874,29.69,11.269
32,1,3.4295,10.665,27.741,9.7073
32,1,2.6113,10.72,27.813,9.716
32,1,3.5075,10.95,28.323,9.9445
32,1,2.9594,10.801,27.958,9.8383
32,1,2.6425,10.745,26.442,8.6637
32,1,2.899,10.9,27.089,9.1023
32,1,3.3226,10.757,28.417,10.145
32,1,2.7959,10.858,27.813,9.649
32,1,3.9413,11.096,29.236,9.8535
32,1,3.6334,10.828,26.652,8.5802
32,1,3.3349,11.31,31.554,11.216
32,1,3.125,10.511,24.988,8.1708
32,1,3.1409,10.479,27.006,9.9214
32,1,3.5843,11.445,32.388,11.457
32,1,3.1831,10.895,30.06,11.08
32,1,3.1371,10.966,27.429,8.9378
32,1,3.0696,10.573,25.041,7.6724
32,1,2.5965,10.294,24.455,7.5083
32,1,2.6811,10.845,29.352,10.569
32,1,3.3756,10.335,24.189,7.8795
32,1,4.7223,10.99,28.946,9.9673
32,1,2.6857,10.933,28.654,9.8912
32,1,2.8083,11.447,32.115,11.612
32,1,4.6372,10.748,27.558,9.5076
32,1,3.3599,10.507,27.131,9.6997
32,1,3.0659,11.253,29.089,9.7539
32,1,2.5492,10.679,27.276,9.435
32,1,2.6242,10.894,29.133,10.035
32,1,3.2324,11.468,32.406,11.433
32,1,3.507,10.895,26.561,8.377
32,1,2.9264,11.094,30.235,10.932
32,1,3.3716,11.025,30.529,11.247
32,1,4.3245,11.115,29.878,10.302
32,1,2.9758,11.183,29.322,10.008
32,1,3.6303,11.502,34.544,13.328
32,1,3.4472,10.953,28.77,9.9111
32,1,3.9763,10.555,25.916,8.8692
32,1,3.4901,10.261,25.21,8.9422
32,1,5.2995,11.33,31.29,11.44
32,1,2.4657,11.406,30.531,10.041
32,1,3.8077,11.044,27.662,8.8456
32,1,2.3222,10.742,26.974,9.2122
32,1,3.3655,9.7766,22.461,7.5053
32,1,3.127,11.453,32.093,11.524
32,1,2.8798,11.17,29.031,9.8727
32,1,2.8525,10.532,24.952,8.0446
32,1,2.744,11.087,27.804,8.8655
32,1,3.638,10.845,27.557,9.4002
32,1,3.8299,11.132,31.512,11.909
32,1,3.5432,11.13,29.273,10.068
32,1,2.5092,10.788,25.834,8.1914
32,1,2.4835,11.157,28.67,9.4053
32,1,4.9586,10.742,25.104,7.431
32,1,2.3492,10.519,25.425,8.262
32,1,3.0091,11.246,29.701,10.245
32,1,3.0899,11.002,29.923,10.854
32,1,2.4821,10.924,27.984,9.2859
32,1,2.9422,10.975,30.62,11.332
32,1,2.3691,10.573,27.5,9.7456
32,1,3.1638,10.931,29.134,10.419
32,1,2.2515,10.67,26.228,8.5042
32,1,3.9407,11.578,34.334,12.859
32,1,3.4786,10.994,29.784,10.751
32,1,3.3561,11.288,31.528,11.227
32,1,3.502,10.769,27.872,9.6883
32,1,2.3188,10.567,26.869,9.3514
32,1,5.0725,11.022,29.527,10.775
32,1,4.8175,10.88,28.285,9.7815
32,1,3.0619,10.481,25.78,8.7711
32,1,3.3263,11.252,29.538,10.068
32,1,3.0907,10.571,28.012,10.169
32,1,3.1156,10.636,25.914,8.6319
32,1,4.0126,10.424,25.391,8.5756
32,1,3.8369,10.931,29.025,10.269
32,1,2.6052,10.535,26.033,8.6587
32,1,3.102,11.426,31.554,10.924
32,1,2.7841,11.036,29.755,10.445
32,1,3.0993,11.136,30.777,11.188
32,1,3.1222,10.536,25.884,8.5494
32,1,3.5659,10.305,24.989,8.572
32,1,2.4209,10.626,26.765,9.4562
32,1,3.7479,10.537,26.25,9.1576
32,1,3.1921,10.799,27.201,8.9152
32,1,3.4206,10.732,27.743,9.6291
32,1,2.9571,10.402,25.791,8.9543
32,1,2.8532,11.152,29.661,10.427
32,1,4.1509,10.505,25.419,8.424
32,1,3.8992,11.25,29.907,9.8439
32,1,3.4745,10.916,29.177,10.329
32,1,3.1562,10.522,25.961,8.8583
32,1,4.3063,10.916,29.323,10.703
32,1,2.6898,11.073,30.048,10.589
32,1,3.4142,10.581,26.891,9.7443
32,1,2.9413,10.881,27.891,9.377
32,1,2.6642,11.334,29.758,9.7089
32,1,2.8044,10.602,27.158,9.5991
32,1,3.4172,10.456,25.4,8.2079
32,1,2.8296,11.024,28.058,9.7962
32,1,3.3152,10.16,25.017,9.1094
32,1,2.5716,11.058,28.773,10.087
32,1,2.6079,11.103,29.172,9.9941
32,1,5.943,11.282,30.103,10.533
32,1,2.9356,10.948,29.311,10.529
32,1,2.9762,10.977,29.065,10.492
32,1,2.8959,11.358,30.695,10.056
32,1,2.69,10.807,27.868,9.7227
32,1,3.2986,11.505,30.233,9.8027
32,1,3.6609,11.217,29.766,10.397
32,1,3.3364,10.228,23.666,7.6119
32,1,3.8976,10.018,23.705,8.2099
32,1,2.61,10.54,24.179,6.3465
32,1,3.7682,10.925,27.895,9.4211
32,1,3.0395,11.217,31.396,11.516
32,1,3.8826,10.208,23.392,7.563
32,1,2.262,10.889,29.713,10.568
32,1,3.4002,11.083,28.768,9.6677
32,1,5.8862,10.807,28.29,10.14
32,1,4.0847,10.718,27.879,9.9539
32,1,2.5986,10.364,25.133,8.2748
32,1,2.8948,10.634,27.59,9.4913
32,1,3.7707,10.822,28.814,10.474
32,1,3.6124,11.004,28.984,10.083
32,1,2.663,10.396,25.146,8.5915
32,1,2.5911,10.792,29.665,11.2
32,1,2.7835,11.035,28.648,9.3723
32,1,2.6326,10.61,27.345,9.5642
32,1,3.4065,10.965,30.198,11.237
32,1,2.5976,10.897,28.955,10.15
32,1,3.0981,10.609,27.468,9.7811
32,1,2.6757,10.374,25.07,8.8184
32,1,2.9643,11.01,28.689,9.7125
32,1,4.3895,10.903,28.308,9.8695
32,1,3.7966,10.976,27.883,8.8242
32,1,3.1165,10.769,26.763,8.7616
32,1,3.7409,10.406,25.928,9.1152
32,1,4.5155,10.381,24.099,7.7638
32,1,2.3958,10.853,27.987,9.8458
32,1,3.8708,11.055,29.296,9.9517
32,1,2.555,10.639,28.067,10.005
32,1,4.609,11.023,29.469,10.59
32,1,3.458,10.555,25.965,8.7516
32,1,3.3115,10.935,27.984,9.2648
32,1,2.5897,11.178,30.751,10.849
32,1,5.3426,11.465,33.033,12.15
32,1,3.6933,10.422,26.854,9.8367
32,1,3.4869,10.889,29.137,10.554
32,1,3.3787,10.51,25.635,8.6111
32,1,2.77,11.153,29.484,10.24
32,1,4.5088,10.712,28.003,9.9248
32,1,2.876,11.298,30.936,11.02
32,1,2.8641,10.705,26.089,8.2509
32,1,3.1586,10.622,26.217,8.7483
32,1,3.1752,11.306,31.63,11.308
32,1,2.9244,11.017,28.773,9.5139
32,1,3.4645,10.501,26.047,8.7954
32,1,3.3548,11.213,30.769,10.944
32,1,3.6765,10.511,26.546,9.0584
32,1,3.1344,10.609,26.815,8.8349
32,1,4.9027,11.004,29.575,10.197
32,1,3.3913,10.395,25.557,8.794
32,1,2.8707,10.425,26.115,9.352
32,1,3.123,10.756,27.897,9.7444
32,1,2.7872,10.448,26.977,9.549
32,1,2.7424,10.911,27.079,8.9621
32,1,2.9915,10.597,26.773,9.5097
32,1,3.5248,11.49,32.177,11.28
32,1,4.2968,10.476,26.693,9.5466
32,1,3.1709,11.149,31.216,11.456
32,1,4.2934,10.877,27.628,8.9363
32,1,3.5837,10.432,25.661,8.7977
32,1,2.9486,10.632,28.462,10.611
32,1,2.7908,11.019,31.56,11.913
32,1,2.8875,10.713,28.08,9.8596
32,1,2.9694,10.073,24.183,8.3881
32,1,3.4046,11.695,32.725,11.087
32,1,3.2921,10.452,26.594,9.5724
32,1,2.6851,10.687,28.102,10.14
32,1,4.2529,10.933,28.518,9.9529
32,1,3.811,10.476,25.953,8.7443
32,1,2.9603,10.671,26.981,9.1926
32,1,3.1435,11.03,28.145,9.3489
32,1,2.8634,11.164,29.034,9.7368
32,1,3.5257,10.699,28.161,9.9327
32,1,4.275,11.209,29.161,9.957
32,1,3.8985,11.089,29.595,10.414
32,1,3.1286,10.509,27.488,10.012
32,1,2.8076,11.195,29.226,9.5688
32,1,2.3814,10.944,30.33,11.198
32,1,2.8676,11.325,30.517,10.396
32,1,3.2781,11.137,29.046,9.8496
32,1,3.2128,11.076,29.766,10.553
32,1,2.5441,10.611,26.225,8.8896
32,1,3.8032,11.344,32.25,11.98
32,1,2.9918,11.216,30.653,11.005
32,1,2.7019,10.413,25.898,8.8164
32,1,4.1125,10.876,28.12,9.423
32,1,2.8361,11.098,30.965,11.24
32,1,4.1013,10.667,27.072,9.2758
32,1,3.5312,11.092,28.751,9.5889
32,1,3.3979,11.497,32.9,12.108
32,1,3.1753,11.455,33.245,12.525
32,1,2.3442,11.303,30.145,10.404
32,1,2.6503,10.516,26.094,8.7572
32,1,2.8469,11.148,30.237,10.732
32,1,3.4476,11.016,29.135,10.237
32,1,4.3709,11.612,34.398,12.812
32,1,3.2873,10.987,27.987,9.2906
32,1,3.4127,10.983,28.054,9.7732
32,1,2.6569,10.428,26.66,9.443
32,1,2.4068,10.825,28.444,10.239
32,1,4.679,10.751,27.412,9.0017
32,1,2.6286,10.681,28.052,10.268
32,1,5.2271,10.363,25.069,8.5465
32,1,4.9961,10.542,26.111,9.0591
32,1,2.6062,11.261,30.294,10.363
32,1,2.8833,10.985,29.097,10.264
32,1,3.4707,10.882,29.413,10.529
32,1,3.0698,11.113,30.529,11.086
32,1,4.4045,10.769,28.304,9.8367
32,1,3.526,10.893,28.279,9.7475
32,1,3.5415,10.854,28.979,10.505
32,1,3.616,10.376,26.978,9.7637
32,1,2.5516,10.804,28.861,10.275
32,1,3.2109,10.95,28.946,10.045
32,1,2.5193,11.044,29.439,10.428
32,1,3.4609,11.269,30.574,10.81
32,1,4.7911,11.005,29.482,10.258
32,1,3.0601,11.284,30.126,10.267
32,1,3.1204,11.279,30.265,10.223
32,1,3.3287,11.186,30.273,10.76
32,1,4.6896,11.221,30.328,10.737
32,1,3.6965,11.435,32.591,11.731
32,1,2.7065,11.69,31.808,10.952
32,1,2.3863,11.545,32.942,11.876
32,1,4.1397,10.628,25.892,8.5202
32,1,3.6283,10.805,27.938,9.5544
32,1,4.4744,11.406,30.243,10.279
32,1,3.2712,10.977,29.788,10.703
32,1,2.6496,10.966,30.066,10.804
32,1,3.5152,11.224,31.305,11.415
32,1,3.6768,10.915,29.252,10.72
32,1,2.9866,10.643,27.65,10.093
32,1,4.7746,10.694,28.651,10.13
32,1,4.017,10.732,26.664,8.7119
32,1,4.0598,10.857,28.014,9.7826
32,1,2.9304,11.825,32.339,10.665
32,1,3.0437,10.962,28.786,9.8841
32,1,2.8528,10.826,29.005,10.35
32,1,3.2461,10.99,30.187,10.68
32,1,3.3395,10.957,29.707,10.912
32,1,4.9286,10.365,24.677,7.958
32,1,2.453,11.735,33.365,11.819
32,1,3.7946,11.087,29.457,10.136
32,1,2.3777,10.44,25.886,9.1225
32,1,3.4376,10.455,27.034,9.8385
32,1,3.1575,10.607,27.916,10.209
32,1,3.998,11.008,28.776,9.8754
32,1,3.0273,10.92,27.405,8.9967
32,1,3.3583,11.404,30.509,10.014
32,1,3.9176,10.523,26.107,9.0056
32,1,2.4387,10.951,28.659,10.03
32,1,3.0894,11.222,28.519,9.416
32,1,3.9055,10.811,28.721,10.262
32,1,2.8422,11.118,30.467,10.918
32,1,2.6073,10.972,29.471,10.451
32,1,4.3785,10.526,26.265,8.8152
32,1,5.1373,10.669,27.101,9.4648
32,1,3.5496,10.719,27.647,9.7655
32,1,3.6526,10.828,29.455,10.792
32,1,3.6528,11.291,30.579,10.733
32,1,3.1582,10.895,29.727,10.936
32,1,3.0063,10.609,27.74,10.117
32,1,3.5488,10.75,27.855,9.7689
32,1,2.1473,10.795,27.883,9.6655
32,1,2.8932,11.224,30.779,11.08
32,1,4.0044,10.669,28.106,10.019
32,1,4.324,10.385,26.149,9.5311
32,1,2.5744,10.774,27.412,9.3409
32,1,2.6564,10.855,30.327,11.415
32,1,2.9767,10.388,25.792,8.9801
32,1,3.0368,10.546,27.032,9.7439
32,1,2.6679,11.04,29.159,9.9426
32,1,4.1165,10.484,27.255,10.158
32,1,3.0851,10.184,22.984,7.2327
32,1,3.4511,10.573,26.947,9.4121
32,1,2.6137,11.295,29.159,9.3026
32,1,2.7302,11.077,28.711,9.4799
32,1,3.7921,11.266,31.806,11.455
32,1,4.4158,11.109,29.978,10.68
32,1,3.8238,10.696,28.145,10.183
32,1,3.3762,11.113,31.027,11.233
32,1,3.3785,11.222,30.977,11.346
32,1,3.0056,10.585,25.319,8.1864
32,1,2.9979,10.422,25.653,8.7196
32,1,5.8405,11.232,30.699,10.953
32,1,4.3271,11.062,29.905,10.786
32,1,3.3108,11.425,32.516,12.027
32,1,3.9025,11.116,29.865,10.588
32,1,3.4446,10.65,27.75,10.191
32,1,3.4239,11.046,28.386,9.6048
32,1,4.9642,11.162,30.666,10.904
32,1,3.5931,10.417,26.331,9.3045
32,1,3.3082,10.81,28.492,10.15
32,1,2.7912,10.733,27.38,9.5116
32,1,2.7925,11.032,28.647,9.777
32,1,2.5645,10.933,29.383,10.527
32,1,3.5242,10.545,26.124,8.9871
32,1,3.091,10.909,28.383,9.8737
32,1,3.9211,10.759,28.572,10.225
32,1,3.7118,9.9759,23.376,8.0568
32,1,2.6258,10.709,27.074,9.0317
32,1,2.3175,10.681,26.377,8.9682
32,1,2.8435,11.141,29.776,10.451
32,1,3.9271,10.402,25.145,8.3085
32,1,2.94,10.729,26.736,8.8533
32,1,3.0019,10.984,28.884,10.327
32,1,3.3298,10.945,29.259,10.426
32,1,3.4197,10.35,26.46,9.5846
32,1,4.2231,10.922,28.391,9.747
32,1,3.2026,10.408,26.532,9.5054
32,1,3.4255,11.019,29.377,10.5
32,1,4.269,11.363,31.049,10.793
32,1,3.5146,11.321,31.977,11.724
32,1,3.8001,10.889,26.595,8.6465
32,1,2.7679,11.256,30.52,10.458
32,1,4.895,10.896,27.725,9.0277
32,1,4.2136,10.386,25.109,8.6782
32,1,4.0943,10.743,29.089,11.037
32,1,2.6023,11.182,30.203,10.117
32,1,3.4947,11.051,30.915,11.538
32,1,3.1778,11.068,30.223,11.175
32,1,3.7382,11.014,28.498,8.4571
32,1,2.4346,10.687,27.926,9.9272
32,1,2.8793,11.33,29.372,9.3564
32,1,2.9208,11.241,29.601,9.9654
32,1,2.6997,11.32,31.268,11.026
32,1,2.667,11.522,32.797,11.743
32,1,2.7889,11.549,34.121,12.895
32,1,3.3979,10.487,26.044,9.1399
32,1,2.755,10.957,29.291,10.485
32,1,3.0396,11.269,30.331,10.547
32,1,3.1368,11.201,27.524,7.9656
32,1,3.9509,10.936,30.826,11.555
32,1,3.1428,10.792,28.442,10.07
32,1,3.6534,10.674,25.359,8.0573
32,1,2.7237,11.027,28.727,10.075
32,1,2.5925,11.252,29.506,9.9141
32,1,2.7258,10.514,26.778,9.5178
32,1,2.965,10.622,26.305,8.9408
32,1,3.7018,10.555,25.825,8.8024
32,1,2.3645,10.784,28.77,10.419
32,1,3.7506,11.324,29.261,9.3014
32,1,3.2805,10.566,26.862,9.6514
32,1,3.5034,10.955,29.397,10.417
32,1,2.5495,10.928,30.679,11.615
32,1,2.9803,11.41,32.25,11.677
32,1,2.7202,10.521,25.546,8.448
32,1,3.1299,11.137,30.248,10.692
32,1,2.7066,10.903,29.056,10.188
32,1,3.0299,10.611,27.335,9.7014
32,1,2.6801,11.846,34.95,13.064
32,1,3.053,10.543,25.066,8.157
32,1,3.5303,10.7,27.471,9.1849
32,1,3.6425,10.546,28.075,10.533
32,1,2.6969,10.998,31.115,11.738
32,1,3.7525,10.702,27.5,9.6677
32,1,3.5675,10.374,26.695,9.6576
32,1,3.3428,10.806,28.117,9.8342
32,1,2.7277,11.313,31.039,11.011
32,1,2.5361,10.69,28.629,10.393
32,1,4.5512,10.849,28.524,10.04
32,1,2.4219,10.658,29.114,11.025
32,1,4.0301,10.726,25.982,8.476
32,1,3.4993,10.811,28.928,10.46
32,1,2.5461,11.059,29.625,10.712
32,1,2.459,10.907,28.189,9.458
32,1,3.1811,10.362,27.002,9.9155
32,1,3.7414,10.812,27.675,9.5709
32,1,3.2145,10.862,27.44,9.3478
32,1,2.7303,11.233,31.056,10.887
32,1,3.4763,10.607,27.327,9.4492
32,1,3.6817,10.904,28.897,10.201
32,1,3.205,11.188,31.929,11.906
32,1,2.5175,10.796,27.118,8.9648
32,1,3.4652,10.917,27.479,9.083
32,1,2.7957,10.677,27.246,9.2854
32,1,2.6128,10.612,26.094,7.8306
32,1,2.9423,11.18,30.717,11.181
32,1,3.3461,10.855,27.721,9.525
32,1,3.1492,11.313,31.603,11.169
32,1,2.5506,10.91,27.303,8.5926
32,1,3.0531,10.757,28.476,10.354
32,1,2.8517,11,29.141,10.102
32,1,3.7995,10.81,26.567,8.8301
32,1,3.9408,10.971,29.875,11.016
32,1,4.3823,11.415,32.815,12
32,1,4.0395,11.385,30.159,9.8971
32,1,2.97,11.092,29.07,10.013
32,1,4.0877,11.017,28.335,9.0631
32,1,3.7276,10.934,30.627,11.495
32,1,5.0141,10.908,28.258,9.5726
32,1,2.4595,10.501,26.023,8.6178
32,1,4.022,10.347,27.095,10.451
32,1,3.4089,11.036,30.79,10.992
32,1,4.1308,10.754,27.392,9.3212
32,1,2.7156,10.631,27.354,9.6556
32,1,2.6604,10.779,28.059,9.9107
32,1,2.7038,11.051,32.562,12.484
32,1,2.7735,10.739,27.769,9.5535
32,1,2.879,10.491,25.526,8.2694
32,1,2.2631,11.261,31.488,11.27
32,1,3.8692,10.521,24.942,8.0627
32,1,3.3264,10.446,27.606,10.419
32,1,3.632,11.001,30.628,11.117
32,1,3.2045,10.918,27.241,9.0607
32,1,3.7414,10.769,27.405,9.1474
32,1,3.4503,11.089,29.833,10.937
32,1,3.6111,10.632,28.174,10.309
32,1,2.8387,11.152,30.473,10.988
32,1,4.1892,10.713,26.049,8.5805
32,1,3.0337,11.054,29.175,10.141
32,1,4.3952,10.44,25.93,9.0393
32,1,4.0932,10.985,28.725,9.9116
32,1,3.1707,11.537,32.514,11.198
32,1,3.379,11.428,31.26,10.935
32,1,3.1293,10.747,28.05,9.7658
32,1,2.7664,11.122,31.268,11.732
32,1,3.6291,11.115,29.065,9.7893
32,1,2.8851,10.706,26.765,9.1826
32,1,2.3081,11.08,30.703,10.706
32,1,3.0389,10.778,27.395,9.104
32,1,3.076,11.342,31.913,11.232
32,1,3.6834,10.882,30.041,11.192
32,1,2.4889,10.996,28.337,9.8817
32,1,3.3786,10.748,27.641,9.5291
32,1,4.1968,10.585,25.973,8.6193
32,1,2.9195,10.996,29.067,10.24
32,1,4.0156,10.797,27.53,9.6225
32,1,2.8413,11.159,30.727,10.951
32,1,3.7286,10.23,23.459,7.5029
32,1,3.144,10.768,27.542,9.5092
32,1,4.9697,10.494,25.846,8.874
32,1,2.5993,10.903,27.531,8.9822
32,1,3.6696,11.47,30.134,9.7652
32,1,3.5979,11.08,30.936,11.352
32,1,3.1601,11.194,28.263,9.2092
32,1,2.6808,10.572,26.975,9.3193
32,1,2.9718,10.993,29.057,10.023
32,1,2.5809,10.935,30.37,11.277
32,1,4.343,10.677,26.164,8.5839
32,1,4.0471,10.315,25.523,9.0035
32,1,3.312,11.238,28.78,9.3067
32,1,4.5482,10.812,30.156,11.541
32,1,2.4212,10.497,27.269,9.9134
32,1,2.74,10.401,26.21,9.3327
32,1,3.1533,10.812,28.372,10.1
32,1,2.5614,11.155,31.264,11.354
32,1,3.2872,10.803,28.356,9.7407
32,1,3.1114,10.913,30.355,11.254
32,1,3.1911,10.96,29.982,11.01
32,1,2.8646,10.607,27.392,10.01
32,1,3.1287,10.72,26.672,9.2193
32,1,3.1854,10.745,27.498,9.4645
32,1,3.1275,10.866,29.69,11.196
32,1,3.2972,10.552,26.003,8.7067
32,1,2.9371,10.923,30.125,11.154
32,1,4.2552,11.123,31.095,11.399
32,1,2.9456,10.233,24.69,8.4988
32,1,3.5465,10.556,27.1,9.7294
32,1,4.3879,10.578,25.939,8.4295
32,1,3.4153,11.15,30.686,11.148
32,1,3.0026,10.71,27.827,9.7476
32,1,3.75,10.783,27.608,9.5191
32,1,4.4302,10.759,26.708,9.0163
32,1,3.1518,10.535,26.063,8.6798
32,1,4.6377,10.461,25.376,7.9701
32,1,3.9195,10.737,28.251,10.241
32,1,4.3242,10.773,27.456,9.4021
32,1,3.0257,12.187,35.533,12.287
32,1,3.1818,10.536,25.859,8.7391
32,1,3.2105,11.554,32.625,11.581
32,1,3.7287,10.832,30.181,11.547
32,1,2.7515,10.935,26.986,8.4308
32,1,2.9482,10.523,26.092,8.946
32,1,2.9789,11.276,31.569,11.429
32,1,2.9184,10.537,25.637,8.5317
32,1,3.7412,10.627,28.638,10.416
32,1,2.8151,11.002,30.758,11.432
32,2,2.5944,13.243,44.438,16.773
32,2,3.39,12.802,41.037,15.008
32,2,4.2066,12.351,34.792,10.839
32,2,3.5654,13.118,42.936,15.95
32,2,3.5435,13.265,44.107,16.346
32,2,3.3686,12.634,40.267,14.926
32,2,3.2701,13.079,40.431,14.162
32,2,3.3885,12.529,38.053,13.42
32,2,4.0401,13.167,43.698,16.287
32,2,2.9564,13.548,45.407,16.669
32,2,4.2484,12.248,36.605,13.312
32,2,3.3324,13.864,48.79,18
32,2,4.3245,12.803,38.731,13.507
32,2,3.7537,12.781,41.488,15.544
32,2,4.9042,12.392,36.571,12.659
32,2,3.2109,12.626,39.841,14.911
32,2,3.0077,13.345,43.91,15.747
32,2,3.2822,13.195,43.465,15.611
32,2,3.9769,12.149,35.275,12.376
32,2,3.4744,12.672,38,13.135
32,2,3.5853,12.702,39.038,13.352
32,2,4.6639,12.734,42.276,16.058
32,2,3.6022,13.336,46.293,17.691
32,2,2.7775,13.202,44.31,16.9
32,2,3.9743,12.699,39.823,14.289
32,2,2.7708,13.313,43.807,16.047
32,2,3.3327,13.095,41.832,15.087
32,2,3.0703,12.635,39.106,14.084
32,2,3.0305,13.668,45.824,16.623
32,2,3.9493,12.562,36.769,12.364
32,2,4.8616,12.804,39.544,14.238
32,2,3.4833,12.802,39.991,14.585
32,2,4.2956,11.946,35.328,12.926
32,2,4.127,12.853,38.734,13.085
32,2,5.5616,12.615,39.6,14.25
32,2,3.1608,12.977,39.799,13.789
32,2,2.669,12.839,41.203,15.011
32,2,5.2781,12.408,37.848,13.635
32,2,3.6394,13.058,43.119,16.091
32,2,3.3177,13.118,42.185,15.16
32,2,4.6862,12.476,37.8,13.537
32,2,3.5184,12.762,41.145,15.395
32,2,3.5604,12.703,40.545,15.094
32,2,3.4526,12.874,39.189,13.368
32,2,3.9383,12.81,38.443,13.011
32,2,4.9293,12.981,41.045,14.575
32,2,3.8214,13.15,44.237,16.431
32,2,3.7015,12.524,38.828,14.351
32,2,5.2836,12.462,37.405,13.302
32,2,4.0182,12.765,38.979,13.368
32,2,4.0935,12.17,35.145,11.999
32,2,3.4203,13.263,42.653,14.774
32,2,3.3929,12.559,39.342,14.979
32,2,3.61,13.56,45.481,16.72
32,2,3.1284,12.897,41.802,14.938
32,2,4.4614,12.63,40.759,15.261
32,2,3.3611,12.162,36.036,13.024
32,2,3.3321,12.525,38.634,13.993
32,2,3.4899,12.974,41.922,15.356
32,2,3.2864,13.014,41.697,15.199
32,2,4.1811,13.165,41.785,14.747
32,2,3.08,12.314,36.002,12
32,2,3.6015,13.034,41.643,14.927
32,2,3.3739,12.634,37.625,12.638
32,2,3.0647,13.281,44.738,16.704
32,2,2.9535,13.151,44.173,16.749
32,2,4.2413,12.547,38.849,14.218
32,2,2.8813,12.653,39.891,14.477
32,2,4.1342,12.719,38.933,13.533
32,2,5.0768,13.141,42.741,15.252
32,2,3.1881,12.808,40.165,14.705
32,2,3.2788,12.545,37.677,13.065
32,2,3.564,13.167,41.364,14.685
32,2,3.366,12.571,39.117,14.236
32,2,3.18,12.902,38.637,13.228
32,2,3.2079,12.291,33.949,11.116
32,2,5.1482,12.641,37.608,12.643
32,2,4.0909,12.664,40.516,14.825
32,2,3.9544,13.354,43.29,15.35
32,2,3.4946,12.963,40.368,14.309
32,2,2.7723,13.187,40.955,14.309
32,2,3.1692,13.27,43.572,16.045
32,2,3.4192,12.859,40.509,14.201
32,2,3.7339,12.183,36.333,12.924
32,2,2.9628,13.345,45.268,17.073
32,2,3.6857,12.838,41.703,15.572
32,2,4.6687,13.264,44.506,16.745
32,2,3.9287,12.333,36.949,12.98
32,2,3.9456,12.7,39.695,14.105
32,2,2.5265,12.249,38.581,14.332
32,2,3.0344,13.411,45.895,17.426
32,2,5.4481,12.151,34.146,11.466
32,2,4.3361,13.884,47.345,16.406
32,2,3.7085,13.209,43.376,15.95
32,2,5.3252,12.851,39.694,13.291
32,2,3.7386,12.295,37.409,13.534
32,2,3.0979,12.728,37.707,12.663
32,2,2.7759,13.079,42.079,14.679
32,2,3.6357,12.887,39.188,13.426
32,2,3.8461,13.612,46.061,16.861
32,2,3.8133,12.625,38.45,13.63
32,2,5.3976,12.553,37.985,13.524
32,2,3.1874,13.806,45.401,15.5
32,2,3.2607,12.648,38.41,13.216
32,2,5.5925,13.094,43.322,16.519
32,2,3.2865,13.206,41.639,13.774
32,2,3.26,13.072,43.079,15.669
32,2,4.4911,13.03,42.292,15.513
32,2,3.3228,12.58,36.856,11.982
32,2,4.056,12.484,38.032,13.454
32,2,2.4104,13.105,43.926,16.201
32,2,3.2539,13.043,39.918,13.629
32,2,2.8853,13.001,40.621,14.013
32,2,2.9627,13.407,44.035,15.78
32,2,3.2857,13.404,44.058,15.781
32,2,3.4558,12.28,33.324,9.0481
32,2,3.136,12.786,40.934,15.195
32,2,3.4544,12.029,34.755,12.255
32,2,4.3763,12.693,39.867,14.42
32,2,3.0561,13.724,45.09,15.995
32,2,3.1113,13.208,41.935,15.022
32,2,3.086,13.204,41.704,14.576
32,2,3.8902,11.819,35.234,13.134
32,2,3.7182,12.897,39.794,14.09
32,2,3.4736,13.104,41.768,15.04
32,2,3.0361,12.614,39.162,14.274
32,2,3.2684,13.224,42.266,14.903
32,2,3.8262,12.498,39.901,15.164
32,2,4.3452,12.85,41.167,14.778
32,2,2.4313,13.117,42.488,15.601
32,2,2.5991,12.954,42.484,15.781
32,2,3.9335,12.671,37.644,12.49
32,2,4.1566,12.554,38.992,13.942
32,2,3.4931,12.61,37.822,13.351
32,2,4.2364,12.543,40.351,15.365
32,2,3.271,13.416,45.918,17.336
32,2,4.1416,12.774,40.458,14.482
32,2,3.224,12.407,37.536,13.111
32,2,5.2482,12.204,36.624,13.564
32,2,2.6702,13.439,44.473,15.972
32,2,4.1079,12.982,39.56,12.793
32,2,3.2878,12.771,40.48,14.959
32,2,2.9319,13.06,41.153,14.545
32,2,3.9273,13.466,43.2,14.861
32,2,3.2201,12.958,37.685,12.5
32,2,3.434,13.463,44.876,16.206
32,2,3.3393,13.481,45.04,16.546
32,2,3.6703,13.127,42.014,15.155
32,2,3.0438,13.508,46.82,17.626
32,2,5.9194,12.222,36.26,12.947
32,2,2.9863,12.721,39.262,14.061
32,2,4.2523,13.628,46.017,16.768
32,2,2.8845,13.196,41.451,14.018
32,2,4.6008,13.359,45.147,16.487
32,2,3.9896,13.243,42.931,15.506
32,2,4.3343,12.783,40.125,14.417
32,2,2.7548,12.622,38.118,13.319
32,2,3.3145,13.283,43.904,15.927
32,2,2.8459,13.225,44.543,16.752
32,2,5.2365,12.697,39.887,14.572
32,2,4.0254,13.478,46.975,18.113
32,2,3.9044,12.597,39.355,14.032
32,2,5.2014,12.626,39.76,14.48
32,2,3.2448,12.2,35.454,12.269
32,2,3.7502,13.136,41.249,14.496
32,2,3.5042,13.68,47.879,17.679
32,2,2.7414,12.866,41.138,15.133
32,2,3.2961,12.943,43.369,16.587
32,2,3.4655,12.479,37.966,13.732
32,2,4.2124,12.485,38.287,13.743
32,2,4.1914,12.532,36.466,12.53
32,2,2.9227,12.549,39.176,13.989
32,2,3.0115,12.449,36.71,12.546
32,2,2.9439,12.319,38.603,14.569
32,2,4.1017,12.983,39.447,13.159
32,2,3.1449,12.574,36.823,12.367
32,2,4.9189,12.731,39.404,14.206
32,2,3.5844,12.6,38.333,13.227
32,2,3.3115,12.932,40.994,14.68
32,2,4.9895,12.928,41.394,15.048
32,2,3.327,13.35,43.334,15.113
32,2,3.6951,12.452,38.972,14.506
32,2,4.3446,12.818,39.268,14.149
32,2,2.7511,12.968,41.652,14.537
32,2,4.441,13.109,42.137,15.286
32,2,3.3687,13.19,41.414,14.743
32,2,3.4662,12.669,38.84,13.833
32,2,3.9865,12.919,42.819,16.341
32,2,3.6353,12.833,39.054,13.185
32,2,2.8238,12.286,33.993,10.822
32,2,3.6551,12.919,41.372,14.814
32,2,2.9208,12.325,37.26,13.396
32,2,4.2823,12.866,41.11,15.039
32,2,3.8383,13.215,43.81,16.062
32,2,3.1495,12.223,36.089,12.803
32,2,3.1497,13.128,42.059,14.832
32,2,2.8141,13.353,45.076,16.979
32,2,3.6239,12.663,41.511,15.798
32,2,4.2128,12.753,39.694,14.431
32,2,3.9044,13.618,45.573,16.524
32,2,2.6856,13.146,44.503,16.854
32,2,3.8037,13.386,43.563,15.998
32,2,3.2293,12.7,40.846,15.422
32,2,3.3123,13.171,41.972,14.961
32,2,2.519,12.611,39.391,14.069
32,2,4.9759,12.768,38.517,12.809
32,2,3.8515,12.774,38.84,13.444
32,2,3.9181,12.309,36.038,12.016
32,2,3.7449,12.971,42.675,16.281
32,2,2.6648,12.59,36.222,12.256
32,2,5.9226,12.45,39.485,14.864
32,2,2.9417,12.957,41.545,14.841
32,2,3.3113,13.601,44.846,16.201
32,2,3.3162,13.268,44.297,16.35
32,2,5.2313,13.143,40.96,14.351
32,2,3.3307,13.549,45.383,16.54
32,2,3.0757,12.471,39.928,15.23
32,2,5.3051,12.787,40.307,14.379
32,2,4.7444,12.901,41.219,14.907
32,2,4.609,13.226,43.074,15.592
32,2,4.3204,12.677,37.643,11.703
32,2,2.913,12.776,40.547,14.62
32,2,4.5779,12.816,38.714,12.952
32,2,2.8119,13.631,45.101,16.241
32,2,4.0846,13.397,44.646,16.386
32,2,3.6603,13.039,41.827,15.022
32,2,4.35,12.895,39.535,13.762
32,2,3.9154,12.594,38.766,13.971
32,2,3.5131,12.71,41.906,16.152
32,2,3.0791,13.226,42.52,15.48
32,2,3.3221,13.323,42.683,15.291
32,2,3.2381,13.217,42.873,15.099
32,2,4.3303,13.669,46.008,16.518
32,2,3.0991,13.053,43.456,16.036
32,2,4.8213,12.587,39.266,14.512
32,2,2.8783,13.001,41.929,15.305
32,2,3.1967,12.906,42.21,15.838
32,2,4.5893,12.598,38.39,13.851
32,2,3.2014,13.11,43.385,16.019
32,2,4.9958,13.182,41.422,14.672
32,2,3.9117,13.115,43.267,15.995
32,2,3.1817,12.771,39.648,13.76
32,2,2.791,13.059,39.667,13.749
32,2,3.517,13.166,41.772,14.636
32,2,2.7516,13.722,45.685,15.891
32,2,3.9384,12.94,40.797,14.284
32,2,4.564,13.057,42.619,15.682
32,2,3.2144,12.451,39.424,15.009
32,2,3.541,12.674,39.805,14.683
32,2,3.8553,13.587,46.272,16.941
32,2,3.8789,12.822,38.387,13.063
32,2,4.2003,12.928,40.54,14.622
32,2,2.8491,13.371,47.324,18.289
32,2,3.1031,13.255,44.307,16.466
32,2,3.0141,12.528,39.593,14.878
32,2,2.8844,12.914,41.297,14.848
32,2,4.2982,12.321,36.201,12.495
32,2,3.5604,12.831,39.991,13.779
32,2,3.3839,12.156,36.467,13.469
32,2,3.1834,12.813,40.069,14.161
32,2,3.2685,13.479,41.029,12.994
32,2,4.1551,13.102,42.492,15.658
32,2,2.9332,13.173,41.359,14.316
32,2,4.2103,12.901,40.382,13.748
32,2,2.4433,13.096,43.616,16.304
32,2,2.9243,13.197,44.359,16.746
32,2,3.8634,13.013,40.682,14.477
32,2,3.205,12.323,35.341,12.035
32,2,4.7575,12.429,36.267,12.119
32,2,2.6848,12.503,38.099,13.414
32,2,3.2463,12.377,37.119,13.393
32,2,2.639,13.253,44.803,16.48
32,2,3.8286,12.215,37.386,13.909
32,2,2.8555,12.873,41.343,15.224
32,2,4.1243,12.492,37.549,13.507
32,2,3.4134,12.423,39.756,14.741
32,2,3.4136,13.111,40.778,14.042
32,2,3.5691,13.055,40.863,14.183
32,2,3.7091,12.894,42.241,15.935
32,2,3.6806,12.865,40.965,14.975
32,2,3.0131,13.037,41.294,14.137
32,2,3.9287,13.339,45.631,17.617
32,2,2.8441,12.92,41.358,15.143
32,2,4.739,13.354,44.912,17.055
32,2,3.2721,13.296,42.251,14.89
32,2,4.3344,12.6,36.92,12.548
32,2,3.1837,12.623,40.441,15.2
32,2,5.0666,12.463,35.092,11.358
32,2,4.1707,12.876,41.347,14.559
32,2,3.1454,13.304,45.394,17.311
32,2,3.8121,12.832,39.097,13.973
32,2,3.0571,13.045,43.12,16.571
32,2,3.3954,12.668,40.198,15.183
32,2,3.6134,12.832,38.945,13.466
32,2,3.6553,13.502,42.326,14.517
32,2,2.9191,12.709,37.722,12.432
32,2,3.4558,12.585,40.815,15.541
32,2,2.9588,13.38,45.615,17.092
32,2,3.9243,13.134,43.758,16.085
32,2,3.028,12.89,38.588,12.916
32,2,3.2227,12.992,43.09,16.089
32,2,3.0985,13.282,43.732,15.205
32,2,3.3154,13.33,41.749,14.002
32,2,3.1249,12.09,35.23,12.566
32,2,2.6962,12.855,39.525,13.783
32,2,3.3356,12.578,38.27,13.921
32,2,3.5439,12.791,40.369,14.558
32,2,3.6302,12.283,36.663,12.945
32,2,2.9645,12.654,38.431,12.985
32,2,2.5602,12.558,37.587,13.204
32,2,4.2116,12.552,37.007,12.513
32,2,3.1684,13.068,42.301,15.552
32,2,3.7413,12.984,38.943,12.843
32,2,4.5155,12.695,39.632,14.649
32,2,3.0522,13.142,43.307,16.052
32,2,2.6969,12.377,38.494,14.041
32,2,3.369,13.059,41.534,14.403
32,2,3.638,12.914,41.231,14.642
32,2,2.9073,13.331,43.213,15.282
32,2,2.9302,12.463,38.999,14.188
32,2,5.4642,12.793,40.175,14.544
32,2,3.381,12.647,39.631,13.941
32,2,3.9957,12.686,38.025,13.265
32,2,3.9855,13.101,42.24,14.954
32,2,2.9056,12.472,39.157,14.243
32,2,4.0967,12.844,40.531,14.755
32,2,3.0558,13.596,44.665,15.757
32,2,4.2764,12.408,38.313,13.929
32,2,3.368,13.209,42.729,15.611
32,2,4.0938,12.915,40.042,14.024
32,2,3.3763,13.253,42.588,14.702
32,2,3.7308,12.902,39.477,13.717
32,2,3.5345,13.248,40.867,13.889
32,2,3.655,13.214,44.825,17.053
32,2,2.6834,12.495,36.995,13.123
32,2,3.0565,12.996,42.163,15.707
32,2,3.4851,12.399,37.46,13.203
32,2,3.4395,12.808,41.344,15.617
32,2,3.8748,12.396,38.159,13.473
32,2,2.9459,12.953,41.129,14.628
32,2,3.279,13.19,43.633,15.775
32,2,4.082,12.205,35.244,12.454
32,2,3.5049,12.651,38.858,13.339
32,2,3.7207,12.722,39.556,14.143
32,2,3.1449,12.733,37.382,12.222
32,2,3.34,12.541,37.081,12.306
32,2,4.7495,13.615,46.181,17.175
32,2,4.6074,13.021,42.663,15.936
32,2,3.7676,12.914,42.574,15.842
32,2,4.6731,12.385,37.183,12.947
32,2,4.6445,12.855,40.301,14.277
32,2,3.4561,12.05,33.772,11.574
32,2,3.7651,12.992,43.527,16.683
32,2,3.4981,12.217,36.842,13.607
32,2,3.6442,12.624,36.549,12.281
32,2,3.5241,12.916,39.555,13.473
32,2,3.2177,13.643,45.948,16.157
32,2,3.0995,12.239,35.054,12.023
32,2,3.1616,12.767,39.657,14.274
32,2,4.1325,12.716,39.694,13.929
32,2,3.1036,12.596,40.007,15.025
32,2,3.7335,13.018,42.035,15.235
32,2,3.6866,13.104,42.855,16.048
32,2,2.9408,12.307,37.492,13.555
32,2,3.0128,12.99,42.026,15.568
32,2,4.5714,13.697,47.938,18.106
32,2,4.4154,12.952,41.464,15.272
32,2,3.8968,12.145,38.131,14.448
32,2,3.4727,12.075,37.406,14.27
32,2,3.6507,12.823,38.792,13.385
32,2,4.5061,12.758,40.702,15.354
32,2,2.9079,13.37,45.114,16.832
32,2,4.1152,12.536,36.784,12.87
32,2,4.0033,12.879,38.093,12.846
32,2,4.5863,12.819,39.199,13.828
32,2,3.0362,12.865,39.013,13.533
32,2,4.1025,12.58,40.882,16.088
32,2,3.866,12.711,37.276,12.811
32,2,3.4282,12.609,41.798,16.022
32,2,3.2483,13.554,44.79,16.223
32,2,3.5291,13.429,44.749,15.979
32,2,3.3425,12.459,37.03,12.73
32,2,3.6866,13.784,46.564,16.69
32,2,4.2613,13.145,42.804,15.747
32,2,5.6466,13.311,45.776,17.157
32,2,3.2236,12.801,39.97,14.366
32,2,4.3409,13.153,42.344,15.293
32,2,3.4215,13.043,39.214,12.924
32,2,2.8585,13.754,47.316,17.695
32,2,3.4095,12.521,38.676,14.103
32,2,2.5745,13.271,42.852,15.273
32,2,3.3945,13.013,41.327,14.589
32,2,2.6146,13.118,43.115,16.222
32,2,3.9711,12.85,39.146,13.585
32,2,3.6619,12.832,39.619,14.074
32,2,2.7595,13.189,43.138,15.8
32,2,4.8522,12.67,39.256,13.658
32,2,4.4271,12.524,38.283,13.659
32,2,3.3474,12.37,38.203,14.222
32,2,3.7511,12.826,43.584,17.217
32,2,3.4527,12.827,41.397,15.444
32,2,5.188,12.482,38.81,14.305
32,2,2.7485,13.422,46.302,17.194
32,2,3.4536,13.169,41.585,14.764
32,2,2.8591,12.648,37.783,12.67
32,2,3.9516,13.1,45.067,17.45
32,2,3.4587,13.489,45.224,16.119
32,2,2.9158,12.692,39.781,14.808
32,2,4.4948,12.776,38.711,13.543
32,2,3.5307,12.709,38.833,14.191
32,2,2.8929,13.009,40.563,14.318
32,2,3.2322,12.458,38.623,14.376
32,2,4.1401,12.127,37.395,13.903
32,2,3.8846,12.67,37.554,12.621
32,2,2.9943,13.08,42.87,15.612
32,2,3.5486,13.047,41.603,14.948
32,2,3.103,13.052,41.318,14.267
32,2,3.4641,13.043,41.479,14.732
32,2,3.8782,13.38,42.278,14.498
32,2,2.9898,13.202,42.213,14.943
32,2,3.7574,12.589,39.939,14.693
32,2,4.5176,12.881,41.819,15.363
32,2,3.6275,12.264,35.735,12.445
32,2,4.0536,12.694,37.605,12.975
32,2,4.173,12.688,37.814,13.164
32,2,3.6688,12.365,37.336,13.348
32,2,3.9599,12.85,38.945,13.466
32,2,3.4127,12.849,41.182,15.371
32,2,2.4778,12.95,42.686,15.857
32,2,3.3827,12.917,41.229,14.996
32,2,3.3753,13.129,37.612,11.672
32,2,3.8413,12.828,39.337,13.617
32,2,4.5986,12.988,39.889,13.726
32,2,3.2942,13.086,42.056,15.373
32,2,3.8892,13.096,40.818,13.978
32,2,3.0051,13.301,43.649,15.881
32,2,3.4145,12.252,32.817,10.289
32,2,3.1484,12.814,38.821,13.618
32,2,3.1401,12.395,37.37,13.404
32,2,2.6196,12.827,41.264,15.447
32,2,3.142,12.76,40.866,14.558
32,2,2.6664,12.986,41.165,14.506
32,2,5.615,13.027,41.455,15.227
32,2,4.8277,12.043,34.847,12.176
32,2,4.1804,13.777,46.53,16.675
32,2,3.5513,13.016,39.925,13.79
32,2,3.3288,12.133,37.445,14.505
32,2,3.1221,12.668,40.124,14.77
32,2,2.8061,13.499,44.44,15.854
32,2,3.7272,12.783,39.143,13.155
32,2,3.9005,13.659,48.785,18.804
32,2,3.428,12.476,39.582,15.174
32,2,3.5121,12.497,37.32,13.4
32,2,4.0194,13.383,44.99,16.962
32,2,3.2726,13.725,45.028,15.907
32,2,3.4901,12.686,38.307,13.08
32,2,6.4313,12.521,40.251,15.614
32,2,3.5589,13.517,45.516,16.668
32,2,3.0199,13.111,40.757,14.209
32,2,3.8455,12.165,36.309,13.056
32,2,3.0036,13.554,46.549,16.982
32,2,3.8714,13.237,43.605,15.646
32,2,4.9137,12.904,40.364,14.011
32,2,3.6385,13.167,43.118,14.94
32,2,3.9747,13.343,45.1,16.929
32,2,3.7022,12.79,40.9,15.224
32,2,4.2664,12.593,37.463,12.769
32,2,3.3428,12.662,37.369,12.739
32,2,5.159,13.383,43.895,14.98
32,2,2.9176,13.015,41.263,14.836
32,2,3.6587,12.688,39.733,14.645
32,2,5.6103,13.074,41.902,14.773
32,2,3.2604,13.317,44.302,16.148
32,2,2.5303,13.185,43.554,15.852
32,2,3.5495,13.278,42.871,15.555
32,2,3.4423,13.235,42.11,14.55
32,2,3.1719,12.83,41.612,15.744
32,2,3.7581,12.652,39.42,14.147
32,2,5.5382,13.288,45.044,17.273
32,2,3.0333,12.618,38.674,13.871
32,2,4.326,12.756,40.822,15.328
32,2,3.4161,12.543,38.122,13.653
32,2,4.3908,12.924,42.056,15.72
32,2,2.7185,12.767,38.78,13.376
32,2,5.1379,12.621,37.972,13.332
32,2,3.6909,12.482,37.962,13.023
32,2,3.643,13.186,42.159,15.188
32,2,3.1378,13.186,42.084,14.354
32,2,4.9654,12.346,36.389,12.926
32,2,3.3437,13.242,43.903,16.552
32,2,3.8042,12.69,38.51,13.563
32,2,3.9773,12.735,40.085,14.496
32,2,3.0638,12.208,36.982,13.493
32,2,2.8561,12.596,38.079,13.698
32,2,3.3798,12.192,36.792,13.556
32,2,3.8682,12.344,38.208,13.681
32,2,2.8045,13.125,41.216,14.198
32,2,2.9561,13.466,45.533,16.929
32,2,3.4425,13.207,41.688,14.621
32,2,4.9513,12.268,36.617,13.12
32,2,2.8208,12.795,41.17,15.055
32,2,3.5699,12.873,42.06,15.916
32,2,3.4734,12.957,42.323,15.883
32,2,2.8075,13.751,47.586,17.575
32,2,2.7839,12.261,38.418,14.079
32,2,3.3178,12.586,39.684,14.606
32,2,2.687,13.36,43.258,15.041
32,2,3.1866,12.824,39.791,14.019
32,2,4.7466,12.402,37.322,12.954
32,2,2.9902,12.366,35.342,12.043
32,2,3.6684,12.813,37.856,12.69
32,2,3.6609,13.118,43.446,16.052
32,2,3.1183,13.597,45.838,16.808
32,2,4.1171,12.903,40.753,14.494
32,2,3.4275,13.065,43.701,16.477
32,2,3.1182,12.576,38.005,13.042
32,2,5.3157,12.946,39.672,13.991
32,2,4.3751,12.525,37.489,13.089
32,2,4.7291,12.994,39.074,13.107
32,2,4.0327,12.654,38.152,12.707
32,2,3.125,13.36,45.88,17.923
32,2,3.8863,13.198,43.568,15.612
32,2,3.013,12.629,37.712,13.099
32,2,2.9808,12.381,37.548,13.565
32,2,3.9294,12.469,35.793,11.514
32,2,2.9959,12.673,39.246,14.012
32,2,2.7036,13.193,44.167,16.65
32,2,3.1854,12.372,35.765,12.187
32,2,4.0182,13.26,43.766,16.111
32,2,2.9442,13.483,45.152,16.088
32,2,3.0873,12.686,38.182,13.173
32,2,2.944,12.572,37.766,12.224
32,2,2.7158,13.528,45.167,16.257
32,2,4.2793,13.299,41.975,13.989
32,2,3.8511,12.707,38.687,13.716
32,2,4.6291,12.89,40.647,14.415
32,2,4.0383,12.509,37.732,13.231
32,2,3.0859,12.713,41.43,15.955
32,2,3.5495,13.639,47.579,17.32
32,2,2.6747,13.501,43.861,15.417
32,2,3.0235,12.834,39.175,13.552
32,2,3.1202,12.51,38.43,13.786
32,2,3.8589,12.624,38.807,14.09
32,2,3.5141,12.957,41.168,14.822
32,2,3.8743,13.168,42.35,15.207
32,2,3.4501,12.712,41.268,15.652
32,2,3.1034,13.554,41.727,12.885
32,2,3.5883,12.724,40.899,14.935
32,2,3.6512,13.594,44.149,14.984
32,2,3.9642,12.954,41.464,15.472
32,2,3.2536,13.346,42.354,14.85
32,2,3.9651,13.024,40.994,14.289
32,2,3.3417,12.385,37.46,13.791
32,2,3.4695,13.088,42.329,15.48
32,2,5.8029,12.621,40.42,14.897
32,2,3.9496,12.473,38.066,13.729
32,2,3.5437,12.508,38.238,13.803
32,2,2.4649,12.69,38.197,12.878
32,2,4.1892,12.63,37.895,12.874
32,2,4.81,12.452,37.2,13.037
32,2,3.2011,12.623,40.654,15.305
32,2,3.4808,12.9,42.088,15.987
32,2,3.5512,13.149,43.773,16.249
32,2,2.7111,13.157,42.834,15.353
32,2,3.9451,13.059,44.489,16.898
32,2,3.9992,13.136,41.74,14.602
32,2,3.347,12.386,34.616,10.879
32,2,3.1515,12.889,41.15,15.251
32,2,3.6302,13.372,43.201,15.539
32,2,3.0764,12.678,38.405,13.023
32,2,2.7814,12.748,41.071,15.262
32,2,3.9996,12.938,41.019,15.074
32,2,3.3363,13.521,43.295,14.757
32,2,2.7114,13.444,46.143,17.005
32,2,3.3719,13.127,42.41,15.405
32,2,5.5169,12.83,41.344,15.763
32,2,4.1207,12.596,38.885,14.114
32,2,4.6699,12.539,38.152,13.34
32,2,3.1302,12.544,38.833,13.808
32,2,3.5211,13.605,44.092,15.327
32,2,3.675,13.135,40.446,14.062
32,2,3.0869,13.204,40.205,13.205
32,2,2.7292,13.123,41.759,14.647
32,2,3.2291,12.786,39.189,13.68
32,2,3.9889,13.46,44.808,16.452
32,2,4.1316,12.792,38.757,13.477
32,2,2.636,12.93,43.183,16.575
32,2,3.2352,13.117,42.808,15.468
32,2,3.2334,12.701,40.629,14.399
32,2,3.9175,12.579,40.317,15.112
32,2,4.0275,12.826,40.038,14.381
32,2,4.0335,13.162,41.524,14.892
32,2,3.1287,12.248,35.117,12.302
32,2,3.8047,12.874,39.142,13.482
32,2,3.8718,12.663,36.343,11.341
32,2,3.1118,12.287,38.868,14.886
32,2,3.3952,12.826,41.492,15.197
32,2,3.2164,12.853,40.597,14.705
32,2,3.4863,12.388,37.299,13.378
32,2,4.3743,12.77,38.005,12.943
32,2,4.4517,12.413,38.312,13.639
32,2,2.7842,13.338,45.297,17.481
32,2,3.5152,12.801,38.949,13.06
32,2,2.8641,12.6,39.182,14.242
32,2,2.9009,12.564,36.993,12.75
32,2,3.2449,13.383,45.156,16.846
32,2,3.4505,13.296,44.198,16.661
32,2,4.2052,12.532,36.606,12.565
32,2,3.5929,12.411,37.935,13.513
32,2,3.598,12.666,38.727,13.82
32,2,3.4765,12.796,40.758,14.796
32,2,2.9443,12.624,39.233,13.85
32,2,4.3822,12.309,35.87,12.057
32,2,4.5339,12.32,37.446,13.528
32,2,2.7902,13.155,44.571,17.006
32,2,3.0869,13.749,46.312,16.459
32,2,3.8261,12.307,38.134,14.004
32,2,2.9204,13.4,45.594,16.903
32,2,3.8057,12.524,37.562,12.94
32,2,2.9924,13.032,42.673,16.109
32,2,3.5298,13.229,41.032,14.001
32,2,3.1736,13.164,42.636,15.556
32,2,4.611,12.378,37.502,13.221
32,2,3.5665,12.61,37.347,13.134
32,2,3.0699,12.873,40.289,14.306
32,2,3.0275,13.058,43.172,15.898
32,2,2.9709,13.26,44.05,16.248
32,2,3.2778,12.666,39.56,14.098
32,2,3.8856,13.037,42.795,15.905
32,2,2.5503,13.064,41.868,14.989
32,2,2.8904,12.478,37.538,13.236
32,2,3.6854,13.003,41.098,14.815
32,2,4.8685,12.964,39.499,13.51
32,2,3.0329,13.646,46.949,17.505
32,2,3.2129,13.155,41.25,14.388
32,2,4.4631,12.624,38.364,13.169
32,2,4.1174,12.557,38.537,13.951
32,2,3.6554,12.717,40.486,14.696
32,2,3.8886,13.131,45.273,17.816
32,2,6.5058,13.039,41.669,15.308
32,2,4.0597,12.846,40.236,14.39
32,2,4.6128,12.911,38.579,12.967
32,2,5.3973,12.985,39.848,13.777
32,2,4.0759,13.193,43.397,16.231
32,2,3.6939,13.059,40.881,13.966
32,2,3.7741,12.285,38.567,14.394
32,2,3.6434,12.626,37.339,12.082
32,2,2.7761,12.417,39.598,15.01
32,2,4.5176,13.143,41.657,14.847
32,2,3.0378,11.978,33.578,11.119
32,2,3.5203,12.884,40.312,14.088
32,2,3.5349,12.833,40.441,14.672
32,2,2.9007,12.536,36.872,12.213
32,2,2.6089,12.706,37.777,12.709
32,2,3.4333,13.532,44.377,16.076
32,2,4.0726,13.256,44.742,16.828
32,2,2.9441,12.827,38.52,13.274
32,2,4.4015,13.032,42.451,15.262
32,2,3.2985,12.598,37.68,12.632
32,2,4.1317,13.27,44.645,16.771
32,2,3.4908,12.626,41.659,15.791
32,2,5.0813,13.031,41.972,15.354
32,2,3.8522,13.077,40.836,14.261
32,2,2.7502,12.851,42.226,16.062
32,2,3.1408,13.041,42.75,15.893
32,2,3.0858,13.715,45.049,15.635
32,2,3.869,12.768,40.643,15.155
32,2,3.8259,13.121,41.96,15.038
32,2,3.7695,13.367,42.08,14.509
32,2,3.6314,12.892,39.489,13.247
32,2,3.4654,13.768,47.539,17.706
32,2,3.3879,12.593,36.592,11.563
32,2,2.6324,13.2,43.468,15.788
32,2,2.8287,13.619,43.169,14
32,2,2.8769,13.098,43.865,16.499
32,2,3.5473,12.434,37.349,12.593
32,2,2.5618,12.983,41.561,15.303
32,2,3.2431,12.92,40.522,14.393
32,2,2.628,12.865,41.141,15.33
32,2,3.1624,12.643,39.048,14.637
32,2,3.4349,13.573,43.98,15.577
32,2,3.3945,13.359,44.136,16.069
32,2,4.645,12.782,40.113,14.412
32,2,3.9699,12.938,39.51,13.961
32,2,3.2975,13.087,42.015,14.96
32,2,3.2628,13.269,41.401,14.012
32,2,2.8704,12.7,41.556,15.538
32,2,3.2701,13.581,46.858,17.233
32,2,3.0838,12.762,35.236,8.6458
32,2,4.2991,12.705,39.422,14.157
32,2,3.9942,12.854,39.1,13.729
32,2,3.0766,12.263,36.311,12.77
32,2,3.3788,12.947,39.699,14.119
32,2,2.7079,12.725,37.34,12.343
32,2,2.9741,12.966,40.756,14.261
32,2,2.9059,12.774,39.98,14.08
32,2,3.7413,12.468,39.106,14.794
32,2,3.6704,12.087,34.691,12.078
32,2,3.5648,13.21,44.547,16.764
32,2,3.4626,12.489,37.812,13.428
32,2,3.4293,13.536,42.827,14.555
32,2,2.6547,12.962,42.275,15.772
32,2,5.0642,12.792,39.557,14.161
32,2,4.0695,12.596,38.537,13.956
32,2,3.1783,12.522,38.273,13.833
32,2,4.2856,12.736,38.632,13.271
32,2,2.8109,13.221,43.758,16.115
32,2,5.4593,12.345,37.679,13.851
32,2,3.2693,13.314,41.477,14.127
32,2,3.6121,12.987,40.869,14.764
32,2,3.5125,12.055,35.244,12.581
32,2,4.0181,13.232,44.432,16.265
32,2,5.233,12.862,40.469,14.359
32,2,4.2705,12.323,37.999,14.181
32,2,4.2591,12.689,38.064,13.664
32,2,2.772,12.395,36.62,12.248
32,2,2.8244,13.378,43.763,15.689
32,2,3.385,12.628,37.219,12.718
32,2,3.5451,13.434,44.14,16.167
32,2,3.4128,13.188,43.402,16.016
32,2,4.2423,12.358,35.69,12.133
32,2,3.6845,12.681,38.426,13.511
32,2,2.8085,12.711,40.931,15.107
32,2,4.097,13.006,42.389,15.921
32,2,3.0369,13.193,42.816,15.621
32,2,2.5216,12.771,41.677,15.685
32,2,3.6386,13.319,43.061,14.953
32,2,3.2388,13.154,42.044,15.131
32,2,3.8587,12.274,34.518,11.602
32,2,3.0423,12.969,41.657,15.092
32,2,3.4868,13.185,41.545,14.618
32,2,2.6885,13.693,47.709,17.907
32,2,3.4847,12.488,37.913,13.657
32,2,3.3062,13.177,41.95,13.715
32,2,3.7968,12.947,41.32,15.169
32,2,2.9835,13.15,41.378,14.22
32,2,3.0194,12.634,38.264,13.298
32,2,3.2171,12.531,39.33,13.918
32,2,4.1918,13.107,43.599,16.54
32,2,3.3467,11.776,32.385,10.955
32,2,3.5576,13.338,42.739,15.409
32,2,3.0135,12.754,40.399,15.042
32,2,3.9047,12.216,38.39,14.533
32,2,2.974,12.765,42.02,15.852
32,2,3.4423,12.856,36.729,11.728
32,2,2.9142,12.971,43.293,16.299
32,2,3.6788,13.105,41.658,14.984
32,2,4.7622,13.144,42.319,15.373
32,2,2.8587,12.783,39.852,14.268
32,2,3.2533,12.564,39.253,14.535
32,2,4.347,12.65,40.234,14.858
32,2,3.1817,13.142,42.34,15.127
32,2,3.4957,12.489,36.418,11.768
32,2,3.9157,12.408,37.427,13.247
32,2,3.0388,12.913,41.175,14.565
32,2,4.2164,12.901,36.526,11.454
32,2,2.8233,13.742,43.543,14.508
32,2,3.3614,12.827,40.643,14.519
32,2,4.116,12.643,38.852,14.312
32,2,3.9332,13.004,42.121,15.473
32,2,3.3461,12.832,38.927,13.425
32,2,3.616,12.981,42.025,15.731
32,2,3.2619,12.908,40.716,14.75
32,2,4.3843,12.957,39.471,13.823
32,2,2.91,13.105,43.108,16.146
32,2,4.0674,12.421,36.353,12.733
32,2,5.7944,12.775,40.231,14.365
32,2,3.3677,12.375,36.27,12.921
32,2,3.0622,12.15,36.907,13.505
32,2,3.117,13.398,45.227,16.756
32,2,4.0228,12.388,37.512,13.219
32,2,4.618,12.738,40.409,15.045
32,2,3.2039,12.713,39.245,14.054
32,2,4.5791,12.739,39.301,13.202
32,2,3.1558,12.051,35.502,13.041
32,2,4.5324,12.856,39.975,14.456
32,2,3.3671,12.564,39.895,15.012
32,2,2.9914,12.965,41.808,14.987
32,2,3.2365,12.378,35.132,11.111
32,2,3.5405,13.463,46.181,16.948
32,2,2.8981,12.843,40.637,14.844
32,2,4.6207,13.414,43.941,15.605
32,2,2.908,12.81,38.883,13.519
32,2,3.8582,13.242,44.182,16.684
32,2,4.7307,13.061,40.738,14.49
32,2,4.2187,12.881,42.103,15.869
32,2,3.6415,12.726,39.769,14.397
32,2,3.4903,13.004,40.992,14.376
32,2,2.8885,13.008,41.536,14.102
32,2,2.4605,13.188,43.34,15.896
32,2,3.1476,12.393,36.71,12.886
32,2,4.2122,12.393,36.69,12.886
32,2,3.9231,12.603,37.733,12.594
32,2,4.9115,13.17,41.977,14.432
32,2,3.5139,12.747,39.272,14.355
32,2,3.8125,12.9,41.554,14.972
32,2,3.0426,12.532,39.918,15.122
32,2,3.4817,13.376,42.01,14.246
32,2,3.5325,13.117,42.016,15.353
32,2,3.2195,12.373,35.5,12.12
32,2,3.3656,12.856,42.87,16.433
32,2,3.4086,12.746,39.412,13.955
32,2,3.4929,13.003,39.356,13.345
32,2,4.0103,11.937,33.257,11.256
32,2,2.8702,12.835,43.588,17.021
32,2,3.5864,12.733,40.712,15.374
32,2,3.7061,12.338,35.081,11.016
32,2,2.7244,12.909,43.425,16.59
32,2,2.7124,13.299,41.841,14.545
32,2,2.4588,12.768,38.617,13.119
32,2,2.2421,13.012,41.648,15.241
32,2,2.8029,12.917,40.578,14.632
32,2,5.0918,12.428,37.967,13.658
32,2,3.0306,12.648,37.15,12.487
32,2,3.7853,13.264,43.316,15.674
32,2,4.1634,13.593,49.094,19.328
32,2,3.7876,13.134,41.04,13.965
32,2,3.3816,12.928,38.649,12.953
32,2,3.4253,13.194,43.605,16.1
32,2,3.0457,12.79,37.376,12.501
32,2,4.3033,12.874,38.97,13.494
32,2,4.2198,12.296,38.575,14.538
32,2,4.6974,12.549,37.735,13.174
32,2,4.5618,12.881,41.546,15.599
32,2,2.9893,12.97,41.743,14.972
32,2,3.5236,13.127,42.779,15.984
32,2,2.6647,12.514,38.216,13.841
32,2,3.4037,13.199,41.3,13.562
32,2,6.2516,13.224,42.3,14.875
32,2,2.7368,12.787,39.449,14.07
32,2,3.4677,12.682,38.722,13.427
32,2,4.1031,13.13,42.797,15.98
32,2,3.5855,12.664,38.863,14.133
32,2,3.2466,12.912,40.049,14.326
32,2,2.5711,13.405,44.048,15.702
32,2,4.6095,13.303,39.854,12.527
32,2,3.544,12.412,36.756,12.557
32,2,3.7106,13.477,46.272,17.468
32,2,3.1512,12.629,38.748,13.777
32,2,2.7678,13.009,40.459,13.967
32,2,3.7511,13.705,47.587,17.309
32,2,2.9622,13.075,40.525,13.721
32,2,2.8247,13.44,42.502,14.663
32,2,3.3045,13.216,40.806,13.319
32,2,4.3571,13.488,45.466,17.05
32,2,3.6802,13.105,40.874,13.612
32,2,3.8323,12.615,35.575,10.521
32,2,5.5655,13.9,47.847,17.124
32,2,2.7658,12.42,35.06,11.674
32,2,3.4798,13.133,43.254,15.946
32,2,2.8859,12.91,40.83,14.578
32,2,3.6614,12.568,36.906,12.427
32,2,3.6477,13.099,40.926,14.62
32,2,3.9873,12.857,40.843,14.453
32,2,3.7496,13.338,42.325,14.047
32,2,3.5015,13.376,43.757,15.604
32,2,3.9774,12.289,37.535,13.728
32,2,4.1415,12.986,39.706,13.573
32,2,3.6034,12.673,39.427,14.137
32,2,3.8179,13.455,43.868,15.786
32,2,6.0882,12.95,40.068,14.152
32,2,4.5897,12.908,42.158,15.952
32,2,3.1477,13.184,43.982,16.528
32,2,5.6149,13.003,42.622,16.103
32,2,4.9278,12.332,37.743,14.064
32,2,3.6841,13.115,43.747,16.39
32,2,3.0578,13.115,43.533,16.328
32,2,2.891,13.689,48.211,17.927
32,2,4.5995,12.393,35.806,11.961
32,2,3.0852,12.708,37.497,12.293
32,2,3.5239,12.938,38.86,13.029
32,2,3.3611,12.07,35.759,13.036
32,2,3.9102,12.513,38.846,14.324
32,2,4.9106,12.867,39.573,13.616
32,2,4.7056,13.138,41.148,14.179
32,2,3.2875,12.719,41.028,15.439
32,2,3.8198,12.799,39.602,13.618
32,2,2.6939,11.857,33.256,11.419
32,2,4.5328,13.783,45.72,15.713
32,2,3.1865,13.121,44.637,16.974
32,2,3.3122,12.33,37.826,13.891
32,2,4.4749,12.379,37.345,13.24
32,2,3.3366,12.655,37.058,12.436
32,2,3.2665,12.607,38.038,13.21
32,2,3.8543,13.194,43.632,16.335
32,2,3.1158,13.074,42.593,15.438
32,2,3.6636,12.442,38.507,14.254
32,2,2.8532,13.35,43.156,15.488
32,2,4.4175,13.016,41.47,14.9
32,2,3.1206,12.387,36.486,12.62
32,2,3.8352,12.904,40.627,14.656
32,2,2.8825,13.593,46.487,17.091
32,2,2.9128,13.078,43.204,15.683
32,2,3.1601,12.954,41.281,15.009
32,2,4.1735,12.632,39.281,14.275
32,2,3.4052,12.867,42.756,16.324
32,2,3.0032,13.017,43.279,16.445
32,2,3.1265,12.288,38.41,14.275
32,2,3.2729,12.948,40.679,14.152
32,2,2.8728,13.436,46.356,17.711
32,2,3.5059,13.51,43.606,15.05
32,2,3.8468,12.338,36.622,12.81
32,2,2.6491,12.67,40.339,14.994
32,2,3.1308,13.064,41.231,14.812
32,2,3.2623,12.253,35.187,12.048
32,2,5.2086,13.234,43.499,15.963
32,2,2.4463,12.69,39.307,14.215
32,2,3.5876,12.604,40.052,15.178
32,2,4.3208,12.558,37.255,12.302
32,2,2.8255,12.832,39.617,13.986
32,2,3.3035,13.164,40.961,14.032
32,2,3.8086,12.682,38.482,13.216
32,2,5.0034,13.01,41.828,15.13
32,2,4.0773,13.107,40.709,14.583
32,2,4.6411,12.961,40.825,14.467
32,2,3.4509,11.907,35.05,12.943
32,2,4.2559,12.905,40.823,14.741
32,2,2.956,12.991,39.84,13.925
32,2,2.77,12.777,41.078,15.123
32,2,3.9284,13.322,42.685,15.035
32,2,3.1109,12.941,39.932,13.992
32,2,3.6392,12.669,36.83,12.043
32,2,2.9271,13.09,39.925,13.466
32,2,3.126,13.213,44.774,17.156
32,2,3.9924,13.414,45.314,16.433
32,2,3.299,12.727,39.923,14.297
32,2,2.8094,12.415,38.523,14.484
32,2,3.0866,12.848,40.486,14.572
32,2,3.01,12.611,38.943,14.426
32,2,3.0323,13.491,43.474,14.976
32,2,3.4966,12.96,40.357,14.289
32,2,3.9709,11.926,34.26,11.9
32,2,4.4872,12.135,34.83,11.216
32,2,3.4292,13.518,46.22,16.974
32,2,4.5085,12.479,35.937,11.859
32,2,4.3816,13.363,43.309,15.167
32,2,3.3252,12.736,41.053,15.465
32,2,3.8896,12.398,37.239,13.147
32,2,3.1849,13.215,45.832,17.87
32,2,3.7548,13.32,42.759,14.673
32,2,3.5082,13.059,42.663,15.771
32,2,3.1193,13.412,44.21,15.644
32,2,3.0318,12.762,39.834,14.675
32,2,3.7637,12.6,37.406,12.574
32,2,2.6293,12.949,40.227,13.831
32,2,2.938,12.975,41.152,14.833
32,2,3.9229,12.216,37.106,13.454
32,2,4.1859,11.996,35.969,12.559
32,2,4.6009,12.814,41.316,15.281
32,2,4.4083,13.39,43.178,14.789
32,2,3.2446,12.646,40.676,15.269
32,2,3.1366,12.534,38.382,13.907
32,2,3.1088,13.349,40.447,13.409
32,2,3.4185,12.6,39.206,14.559
32,2,6.1687,12.354,38.022,13.868
32,2,2.3968,12.928,40.81,14.063
32,2,3.2656,13.053,41.828,15.248
32,2,3.8096,13.111,43.196,15.563
32,2,3.8391,13.017,41.465,15.002
32,2,3.4043,13.182,41.287,13.868
32,2,3.2532,13.39,43.933,15.861
32,2,2.6191,13.752,45.928,16.201
32,2,2.9305,13.163,42.775,15.487
32,2,3.5098,13.203,41.766,14.806
32,2,3.2669,12.678,36.109,12.181
32,2,3.6513,13.093,42.666,15.042
32,2,3.3578,12.817,40.248,14.539
32,2,4.7185,13.488,43.954,15.711
32,2,3.7413,12.86,40.227,13.985
32,2,5.9178,13.42,42.309,14.813
32,2,3.1552,13.214,43.78,16.02
32,2,5.6232,13.091,42.846,15.932
32,2,3.705,12.601,38.463,13.575
32,2,3.6117,12.994,40.347,13.879
32,2,3.2075,12.34,38.276,13.739
32,2,4.0789,12.941,41.792,15.583
32,2,4.4059,12.655,37.556,12.445
32,2,2.9664,12.874,42.609,15.682
32,2,3.3096,12.885,39.535,13.903
32,2,3.8205,12.733,40.421,14.985
32,2,3.4309,12.184,35.306,12.656
32,2,2.7953,12.266,35.008,11.803
32,2,3.211,13.484,45.344,17.009
32,2,3.9084,12.484,37.704,13.438
32,2,3.2909,12.336,35.385,12.14
32,2,3.2436,12.822,37.69,12.636
32,2,3.5084,13.189,41.921,15.136
32,2,5.2152,12.427,36.7,12.761
32,2,3.1631,12.902,42.525,16.245
32,2,2.7925,13.563,46.01,16.876
32,2,2.9326,12.907,40.468,13.971
32,2,2.8068,12.858,38.716,12.722
32,2,4.2092,12.73,41.442,15.866
32,2,3.7894,14.029,49.816,18.547
32,2,4.8263,12.434,36.037,12.092
32,2,4.0477,12.902,38.287,12.639
32,2,3.7291,12.302,36.522,12.848
32,2,3.588,12.848,39.86,14.031
32,2,3.3708,13.432,45.015,16.383
32,2,4.6648,12.75,40.184,14.53
32,2,3.418,12.824,38.11,12.61
32,2,3.8786,12.45,37.52,13.419
32,2,3.7272,13.321,44.207,16.466
32,2,3.2979,12.296,36.378,12.704
32,2,3.8271,13.097,43.575,16.284
32,2,3.8895,13.43,44.076,15.822
32,2,4.3833,13.02,41.948,15.713
32,2,4.3477,12.836,40.44,14.787
32,2,5.1051,13.211,43.841,16.271
32,2,3.6561,12.538,37.949,13.552
32,2,3.8914,13.164,43.11,15.385
32,2,3.0337,12.886,42.541,16.295
32,2,4.2159,13.018,41.193,14.673
32,2,4.7897,13.498,40.954,12.973
32,2,2.9221,12.867,40.213,14.154
32,2,5.9586,13.035,40.611,13.906
32,2,3.5362,13.068,41.665,15.065
32,2,2.2471,13.109,42.819,15.67
32,2,3.7448,12.509,36.887,12.674
32,2,4.2926,13.108,43.483,16.52
32,2,3.1759,13.002,42.2,15.652
32,2,6.1281,12.749,40.625,14.825
32,2,2.6517,12.497,38.371,14.1
32,2,3.4833,12.834,40.399,14.442
32,2,3.4896,12.989,41.198,14.459
32,2,3.9475,13.475,42.627,14.719
32,2,3.4982,13.575,43.063,14.38
32,2,3.3538,12.792,41.051,14.909
32,2,3.1511,13.249,43.789,15.917
32,2,3.4573,13.061,44.33,17.005
32,2,4.5161,13.38,45.892,17.478
32,2,3.1136,13.201,42.693,15.821
32,2,3.6437,12.444,37.207,13.185
32,2,3.1635,13.106,42.949,16.11
32,2,4.7508,12.897,42.905,16.281
32,2,4.0308,12.161,37.088,13.597
32,2,3.2374,12.863,39.703,13.905
32,2,3.2762,12.975,39.58,13.356
32,2,3.2942,12.81,38.825,13.199
32,2,2.6158,13.107,42.201,15.506
32,2,2.9462,13.309,42.613,15.207
32,2,3.6829,12.918,41.173,15.068
32,2,3.9057,12.552,38.877,13.969
32,2,3.65,12.945,41.517,15.302
32,2,2.8454,13.394,40.721,13.109
32,2,3.1589,13.128,43.693,16.336
32,2,3.3436,12.709,41.562,15.919
32,2,2.6425,12.127,35.403,12.213
32,2,2.9651,13.489,44.702,15.934
32,2,3.9894,12.952,40.032,14.076
32,2,2.8418,13.533,44.133,15.482
32,2,2.5672,12.718,39.798,14.293
32,2,3.0254,12.449,37.742,13.636
32,2,3.6685,13.028,40.389,13.713
32,2,3.8079,13.013,41.747,15.416
32,2,3.1313,12.384,38.275,14.096
32,2,2.7907,13.283,42.421,14.646
32,2,3.2499,13.663,43.464,14.668
32,2,3.8377,12.333,36.279,12.479
32,2,3.3057,12.222,38.368,14.756
32,2,2.7912,12.375,37.208,13.305
32,2,4.3341,12.854,41.048,14.994
32,2,3.3094,13.176,42.237,15.451
32,2,4.0397,12.746,40.532,14.732
32,2,3.1459,13.908,48.849,17.934
32,2,4.5898,12.713,39.081,13.847
32,2,3.3171,13.124,43.566,16.52
32,2,3.4198,12.3,37.866,14.032
32,2,4.0565,12.549,39.367,14.501
32,2,2.9817,12.341,39.079,14.61
32,2,3.3097,12.826,37.538,12.247
32,2,3.4731,12.489,37.386,13.157
32,2,3.302,13.134,41.501,14.668
32,2,3.0404,12.295,38.633,14.531
32,2,2.9204,12.923,41.372,15.057
32,2,3.6794,13.31,45.104,16.905
32,2,3.7611,12.833,42.757,16.335
32,2,2.9322,12.623,38.092,13.681
32,2,4.4183,12.405,35.94,11.306
32,2,3.3381,13.895,48.593,17.793
32,3,3.2063,15.658,63.713,25.03
32,3,3.6059,14.958,54.962,20.225
32,3,4.4022,15.183,55.544,18.981
32,3,3.594,14.489,50.943,17.71
32,3,3.2208,14.801,57.283,22.034
32,3,3.3284,15.608,59.481,21.673
32,3,4.4577,15.298,58.059,21.054
32,3,3.8579,14.909,54.333,19.852
32,3,4.5001,14.537,52.309,19.056
32,3,3.7295,14.296,49.485,17.736
32,3,3.3935,15.233,58.296,21.685
32,3,4.2614,14.651,52.608,19.487
32,3,5.8581,15.184,58.992,22.667
32,3,4.3478,15.021,55.441,19.919
32,3,4.1259,14.799,53.168,19.168
32,3,2.4747,15.101,57.429,20.94
32,3,4.0663,15.216,55.503,19.273
32,3,3.1547,15.042,58.012,21.929
32,3,3.4163,14.407,51.5,18.832
32,3,4.046,15.202,57.166,21.232
32,3,3.2982,14.639,49.965,16.742
32,3,3.76,15.287,59.097,21.894
32,3,3.6083,14.904,55.047,19.77
32,3,3.023,14.429,52.629,19.641
32,3,4.5334,14.513,52.675,19.552
32,3,4.427,14.572,53.295,18.888
32,3,3.4892,15.056,55.743,19.781
32,3,4.4619,14.287,51.93,19.379
32,3,5.0382,14.735,53.116,19.356
32,3,4.4739,14.674,55.171,21.103
32,3,3.6954,14.353,48.42,16.725
32,3,4.8431,14.706,55.46,21.128
32,3,3.3039,15.956,65.844,25.654
32,3,4.8895,14.779,54.691,20.397
32,3,3.454,15.029,56.09,20.155
32,3,3.8404,14.983,55.07,20.382
32,3,3.1666,14.874,55.79,21.012
32,3,4.6045,14.82,55.654,21.391
32,3,2.9731,15.886,64.613,24.215
32,3,3.4799,14.961,54.425,19.852
32,3,3.119,14.331,51.971,19.129
32,3,3.2323,14.391,48.949,16.4
32,3,4.0724,14.358,51.536,18.116
32,3,3.423,15.286,56.291,20.019
32,3,3.8121,14.992,57.346,21.871
32,3,4.3921,15.107,56.841,21.091
32,3,3.571,15.482,61.629,23.767
32,3,3.151,15.112,60.418,23.378
32,3,2.9818,15.295,60.074,22.928
32,3,3.753,15.189,56.242,19.713
32,3,2.9458,14.951,56.198,20.39
32,3,3.8827,15.285,58.96,22.214
32,3,4.6789,15.552,61.412,22.808
32,3,3.1043,15.181,57.457,21.541
32,3,3.5153,14.859,56.288,21.556
32,3,3.1404,14.688,55.322,21.175
32,3,3.356,15.337,58.922,20.581
32,3,3.6012,15.392,60.444,23.041
32,3,3.9605,14.832,55.355,20.153
32,3,3.8374,15.35,61.142,23.619
32,3,3.386,14.637,51.734,18.117
32,3,3.527,15.216,56.867,20.573
32,3,3.926,14.554,54.486,21.216
32,3,3.8927,14.495,51.84,18.245
32,3,3.9673,14.504,49.955,17.335
32,3,2.8914,15.303,59.237,22.013
32,3,3.2098,15.678,63.622,25.149
32,3,5.4743,14.06,49.491,18.374
32,3,3.1145,15.063,53.833,19.063
32,3,3.3786,14.844,52.984,18.609
32,3,3.1724,15.523,60.224,21.723
32,3,2.9952,14.971,57.086,21.529
32,3,2.823,15.546,62.066,23.552
32,3,4.7351,14.652,54.921,21.05
32,3,4.9982,14.667,57.255,22.793
32,3,4.5046,15.348,62.011,24.564
32,3,4.2529,14.371,50.186,17.727
32,3,3.1959,14.493,51.91,18.148
32,3,4.1354,15.796,61.179,22.162
32,3,3.2374,15.686,63.459,24.743
32,3,3.7495,14.726,54.785,20.524
32,3,3.7261,14.252,51.229,19.255
32,3,4.4726,14.78,55.056,20.289
32,3,4.2758,15.167,54.17,17.793
32,3,3.301,14.998,57.971,22.484
32,3,4.3771,14.997,53.95,19.547
32,3,4.251,13.966,47.227,16.805
32,3,4.6736,14.9,57.311,21.641
32,3,3.5195,16.357,70.68,26.917
32,3,2.9999,15.396,59.645,22.453
32,3,3.405,15.259,58.02,21.837
32,3,4.8912,15.062,57.282,21.243
32,3,2.9559,15.063,61.164,24.66
32,3,3.5201,14.664,52.254,18.641
32,3,2.8708,15.086,56.934,21.565
32,3,3.5321,14.18,51.214,19.533
32,3,3.9986,15.229,57.244,20.97
32,3,4.0681,14.893,56.242,21.244
32,3,3.8824,14.723,52.232,18.506
32,3,3.086,14.667,51.427,17.607
32,3,3.185,15.603,60.316,21.752
32,3,4.96,15.478,60.165,22.384
32,3,3.119,14.865,56.865,21.779
32,3,4.6454,15.648,62.985,23.991
32,3,4.2565,14.967,58.518,22.501
32,3,2.6789,14.979,58.465,22.142
32,3,4.4332,14.473,52.468,19.46
32,3,3.2317,15.118,58.947,22.71
32,3,3.1259,15.428,59.744,21.924
32,3,4.5108,15.031,53.8,18.466
32,3,3.6906,15.273,60.287,22.857
32,3,5.1104,14.314,53.073,19.902
32,3,3.7909,14.762,52.559,18.105
32,3,3.4415,14.894,55.903,21.02
32,3,3.762,13.928,47.839,17.216
32,3,3.6264,14.722,58.026,23.045
32,3,4.6456,15.331,58.067,20.253
32,3,4.0937,14.289,49.952,18.292
32,3,3.4489,14.209,49.297,17.09
32,3,3.134,14.635,53.847,20.549
32,3,3.3951,15.355,61.515,23.46
32,3,3.4092,15.088,56.466,19.875
32,3,3.5391,15.583,57.152,19.481
32,3,3.9557,14.554,52.295,19.117
32,3,3.2315,14.91,55.47,20.07
32,3,3.4281,15.77,62.723,23.546
32,3,4.6151,14.668,52.781,19.514
32,3,5.49,14.99,55.353,19.562
32,3,4.5234,14.735,52.549,18.222
32,3,3.8523,15.195,56.947,20.81
32,3,3.7347,14.655,53.8,19.549
32,3,4.1365,14.975,54.004,19.231
32,3,5.6727,15.187,58.17,21.146
32,3,3.9628,15.239,56.686,20.433
32,3,5.4777,14.545,51.321,18.125
32,3,3.5115,14.388,52.637,20.08
32,3,3.3393,15.645,60.807,21.553
32,3,4.2033,14.612,52.916,19.106
32,3,4.3011,14.278,51.522,19.411
32,3,4.0086,15.283,57.888,20.944
32,3,3.1778,14.577,52.255,19.495
32,3,4.8013,14.988,58.444,22.954
32,3,4.8057,14.301,50.606,18.14
32,3,3.9275,14.573,53.768,19.985
32,3,3.4598,15.684,63.236,24.585
32,3,3.6339,14.444,53.531,20.516
32,3,4.4123,15.201,58.146,21.805
32,3,3.2818,14.605,53.145,19.747
32,3,3.6674,15.019,57.367,21.593
32,3,3.623,14.967,56.275,20.731
32,3,5.2759,14.737,54.216,19.61
32,3,3.0777,15.189,56.822,20.603
32,3,3.5034,14.43,51.628,18.548
32,3,5.1478,15.027,53.356,18.11
32,3,4.9019,14.409,50.239,17.291
32,3,4.9971,14.555,54.814,21.703
32,3,3.9467,15.405,59.858,22.295
32,3,3.3717,14.785,54.501,20.04
32,3,4.8426,14.592,53.51,20.017
32,3,4.4539,14.209,50.042,18.35
32,3,4.0826,15.288,60.997,22.732
32,3,2.7488,15.162,59.192,22.412
32,3,2.7814,15.188,56.404,19.992
32,3,2.8683,15.077,55.84,20.229
32,3,3.7709,15.132,59.05,22.224
32,3,4.0656,14.885,56.656,21.788
32,3,3.3923,15.734,61.734,22.852
32,3,4.6074,14.854,54.711,20.277
32,3,3.499,15.548,60.554,22.525
32,3,4.8501,15.078,57.476,21.959
32,3,4.9208,15.674,62.632,23.241
32,3,4.8088,14.841,57.974,22.979
32,3,4.3786,14.634,54.779,20.636
32,3,3.4434,14.429,52.075,19.498
32,3,4.5745,14.601,51.648,18.005
32,3,3.7041,14.767,52.294,18.22
32,3,4.3401,15.14,56.215,20.072
32,3,3.5816,15.571,63.017,24.624
32,3,4.6467,14.732,51.972,17.102
32,3,3.2607,14.847,54.68,19.752
32,3,4.4385,15.208,59.036,22.694
32,3,3.1667,14.876,55.736,20.563
32,3,3.578,14.834,55.495,21.007
32,3,3.5003,15.24,59.001,22.013
32,3,4.9208,14.903,52.457,17.598
32,3,3.5061,15.263,60.147,22.959
32,3,4.4334,14.906,57.484,22.158
32,3,2.9256,14.797,53.387,19.436
32,3,5.3303,15.21,60.553,22.991
32,3,3.1253,15.34,60.087,23.058
32,3,4.8578,15.026,60.862,24.11
32,3,3.477,15.095,57.075,21.008
32,3,4.0931,15.618,63.287,24.251
32,3,4.9366,14.502,50.945,17.8
32,3,3.2688,14.845,55.221,19.691
32,3,4.7495,14.367,53.688,21.088
32,3,3.2117,14.91,55.138,19.867
32,3,3.3142,14.495,51.555,18.766
32,3,3.7644,14.52,53.631,20.029
32,3,5.4909,14.761,56.487,21.062
32,3,4.8217,15.172,59.829,23.33
32,3,3.7466,14.467,51.829,18.965
32,3,3.7597,15.479,57.025,19.769
32,3,3.9349,14.504,48.741,16
32,3,3.5303,15.303,58.762,21.56
32,3,4.7931,14.893,55.185,20.148
32,3,3.5784,15.519,61.89,23.349
32,3,2.62,15.221,56.659,19.807
32,3,6.0169,14.682,52.541,19.003
32,3,4.3658,14.77,52.103,18.472
32,3,4.5349,15.092,56.491,20.295
32,3,4.2339,15.165,58.507,22.052
32,3,4.1629,15.315,59.406,22.287
32,3,4.3122,14.731,53.627,19.963
32,3,3.1178,15.306,58.663,21.69
32,3,3.4844,14.925,55.335,19.708
32,3,4.7842,15.3,58.662,21.847
32,3,3.5632,14.747,57.16,22.325
32,3,5.0455,15.11,57.785,21.631
32,3,3.3236,15.079,55.005,19.847
32,3,4.1012,15.463,61.109,23.587
32,3,3.707,14.526,50.191,17.739
32,3,3.5219,15.629,59.714,21.602
32,3,3.948,15.532,60.859,22.725
32,3,3.4709,15.179,55.628,19.111
32,3,3.9787,15.036,55.824,20.11
32,3,3.1335,15.017,59.78,23.611
32,3,5.6459,14.105,47.33,16.804
32,3,3.6156,14.809,55.28,20.502
32,3,3.2994,15.084,59.571,23.311
32,3,6.3772,14.839,52.737,18.478
32,3,4.1035,15.05,55.25,19.586
32,3,4.2465,14.782,53.702,19.462
32,3,3.3351,14.765,51.419,16.988
32,3,4.4719,13.704,46.407,17.481
32,3,2.7863,14.95,57.768,21.84
32,3,3.8177,15.287,58.368,21.878
32,3,4.1054,14.128,47.51,16.547
32,3,4.0953,15.508,57.49,19.596
32,3,3.8448,15.016,56.741,20.89
32,3,3.6696,14.52,55.229,21.715
32,3,4.4343,14.727,53.511,19.772
32,3,3.4941,15.394,58.846,21.403
32,3,3.5638,14.77,54.312,20.561
32,3,3.9108,14.745,53.405,19.782
32,3,5.0733,14.899,54.729,19.794
32,3,4.7875,15.437,60.908,23.203
32,3,3.2144,14.393,53.491,20.371
32,3,3.8519,14.241,49.769,18.041
32,3,3.2971,15.38,58.996,21.428
32,3,5.1932,15.357,59.706,22.261
32,3,3.2574,15.375,58.214,21.452
32,3,3.5517,14.426,50.386,17.566
32,3,3.6578,14.961,53.882,19.217
32,3,3.4693,15.815,60.87,20.855
32,3,3.4788,14.485,51.01,17.911
32,3,3.2172,14.956,56.116,21.286
32,3,3.5923,15.111,59.139,22.709
32,3,3.1331,15.263,60.727,23.349
32,3,3.4886,15.505,61.496,23.967
32,3,4.0586,15.206,57.441,21.421
32,3,3.8492,14.919,55.095,20.212
32,3,4.23,14.604,55.007,21.434
32,3,4.6606,14.917,59.197,23.303
32,3,3.3924,15.224,58.134,21.413
32,3,5.244,13.829,46.968,17.293
32,3,3.5399,15.531,59.05,21.873
32,3,3.3488,14.123,47.891,16.364
32,3,7.0554,15.117,58.375,21.995
32,3,2.8049,14.507,54.344,20.511
32,3,3.7015,14.808,54.65,19.606
32,3,3.0294,15.166,56.699,19.445
32,3,3.8306,15.284,60.873,23.752
32,3,3.1968,14.446,49.508,17.068
32,3,3.8778,14.211,50.379,18.255
32,3,3.2275,14.782,56.481,21.812
32,3,4.5344,14.684,56.414,21.843
32,3,5.2405,14.87,56.219,21.273
32,3,3.3563,15.104,56.7,20.963
32,3,3.4982,14.558,53.66,19.988
32,3,5.1295,14.632,52.63,19.285
32,3,4.937,14.469,54.237,20.959
32,3,3.452,15.418,59.647,22.02
32,3,2.9249,14.54,53.641,19.895
32,3,4.8498,14.538,51.483,18.865
32,3,3.3038,14.82,54.208,19.97
32,3,4.1345,15.023,54.53,19.52
32,3,3.5851,14.208,50.539,18.784
32,3,3.2626,15.556,60.042,21.576
32,3,3.5183,15.289,60.543,23.088
32,3,3.2048,15.01,57.212,21.449
32,3,3.2756,15.135,57.519,20.688
32,3,4.6209,15.874,66.768,26.313
32,3,4.8117,15.036,54.919,19.306
32,3,3.1329,14.739,53.87,20.256
32,3,3.5602,14.652,54.856,20.722
32,3,3.5284,14.256,49.721,18.195
32,3,4.2558,14.702,51.446,18.249
32,3,4.735,14.943,53.7,18.565
32,3,3.6201,15.575,60.296,22.441
32,3,3.5613,15.232,57.697,20.586
32,3,3.4241,15.043,56.752,21.162
32,3,4.1412,14.766,55.974,21.69
32,3,3.6288,15.658,61.808,22.919
32,3,4.5114,14.934,58.081,22.227
32,3,3.5966,14.746,56.892,22.358
32,3,3.3158,15.034,57.346,21.222
32,3,3.8866,15.025,53.64,17.942
32,3,4.8914,14.673,50.914,17.657
32,3,4.5289,14.52,49.726,16.472
32,3,3.5145,14.937,56.911,21.379
32,3,4.6587,14.635,53.1,19.409
32,3,3.4029,15.119,56.927,20.816
32,3,5.045,14.402,52.114,19.259
32,3,3.7762,14.852,55.497,20.969
32,3,3.4682,14.975,52.582,17.447
32,3,4.0561,14.602,52.023,18.787
32,3,4.4387,14.983,55.634,20.708
32,3,4.9809,14.452,52.181,19.319
32,3,2.9048,14.707,53.821,20.049
32,3,3.867,15.631,57.332,19.365
32,3,2.9286,15.732,60.774,21.421
32,3,3.5534,14.805,54.215,19.534
32,3,5.1071,14.352,49.511,17.183
32,3,3.1341,14.817,54.56,19.524
32,3,3.6488,15.299,57.452,20.613
32,3,3.4414,14.492,53.587,20.041
32,3,4.364,14.888,55.013,20.305
32,3,3.5368,14.479,52.582,19.43
32,3,3.1274,15.855,64.665,24.397
32,3,5.5017,15.482,62.946,24.945
32,3,3.4531,15.594,62.103,23.713
32,3,4.1287,14.707,59.29,24.212
32,3,4.3708,14.681,54.041,19.924
32,3,4.1105,15.263,58.504,21.664
32,3,3.9313,14.657,54.529,20.354
32,3,5.681,13.9,48.642,18.316
32,3,3.6405,14.874,55.063,20.538
32,3,3.3142,15.381,59.731,22.667
32,3,3.0338,15.226,56.071,19.723
32,3,4.5003,14.227,49.907,17.653
32,3,3.4367,15.096,56.897,20.139
32,3,4.3251,14.785,54.193,20.196
32,3,3.0234,14.918,54.88,20.204
32,3,3.9403,14.958,55.93,20.384
32,3,4.1286,14.843,54.444,20.058
32,3,3.245,14.953,56.824,21.828
32,3,3.4649,14.816,54.221,19.717
32,3,4.539,15.683,62.522,23.273
32,3,3.6759,15.403,59.737,22.168
32,3,3.6893,14.775,53.583,19.61
32,3,3.0202,14.958,55.469,20.228
32,3,3.789,15.041,53.787,18.502
32,3,5.9616,14.605,51.977,18.033
32,3,3.3251,15.444,60.423,23.008
32,3,3.4851,15.002,53.692,19.229
32,3,3.4429,14.519,53.159,20.129
32,3,4.3477,14.551,54.547,21.38
32,3,3.4184,14.745,54.84,20.214
32,3,6.8816,14.326,49.549,17.643
32,3,3.5626,14.68,51.281,18.061
32,3,4.0786,14.536,52.741,19.643
32,3,3.7668,15.076,57.79,21.554
32,3,4.3682,14.301,50.445,18.362
32,3,4.1215,14.394,47.995,15.811
32,3,3.954,14.591,54.238,20.53
32,3,3.2474,14.492,52.445,19.28
32,3,3.8329,14.739,53.86,19.053
32,3,4.4333,14.567,54.587,20.983
32,3,3.4099,14.537,51.127,18.396
32,3,3.421,14.998,56.62,21.015
32,3,3.5126,14.836,51.132,17.367
32,3,3.8819,14.496,51.348,18.822
32,3,3.6049,14.681,54.244,19.926
32,3,3.3903,14.196,49.514,17.27
32,3,4.9448,14.945,56.73,21.421
32,3,3.3014,14.703,55.408,21.188
32,3,3.5422,14.58,52.854,19.532
32,3,3.4852,15.018,56.744,21.268
32,3,3.6187,15.218,57.934,21.34
32,3,4.4388,14.676,55.238,20.843
32,3,3.1988,15.121,58.171,22.278
32,3,2.6711,14.399,51.253,18.585
32,3,3.7352,14.499,53.545,20.089
32,3,3.7142,14.748,56.914,21.926
32,3,3.3911,15.054,59.264,22.962
32,3,3.5183,15.718,62.096,23.277
32,3,3.5355,14.266,50.421,18.717
32,3,3.6316,14.646,53.159,18.96
32,3,3.469,14.555,55.083,21.459
32,3,5.0229,15.554,60.218,21.999
32,3,3.9986,15.619,60.843,22.128
32,3,4.028,14.854,56.067,20.995
32,3,3.9889,14.717,54.562,20.553
32,3,3.8776,14.738,51.502,16.897
32,3,2.9596,14.356,51.328,19.009
32,3,4.3272,14.865,55.798,20.608
32,3,3.1464,15.233,58.861,21.967
32,3,3.4194,14.752,55.766,21.241
32,3,2.9752,16.116,64.676,23.227
32,3,3.8884,15.087,57.55,21.388
32,3,5.5215,14.909,57.378,21.8
32,3,3.4751,14.943,55.847,20.741
32,3,4.8071,15.325,60.759,23.322
32,3,3.1217,15.241,59.55,22.549
32,3,4.0574,14.285,51.503,19.31
32,3,4.5842,14.583,51.21,17.986
32,3,3.0859,15.159,55.051,18.982
32,3,3.725,15.146,57.918,21.997
32,3,3.4918,15.089,56.533,20.876
32,3,3.2024,15.02,57.62,21.931
32,3,4.6914,14.328,51.995,19.521
32,3,3.5563,15.063,57.615,21.779
32,3,4.5041,14.911,56.047,20.221
32,3,3.8556,15.055,56.817,20.869
32,3,3.4987,15.12,57.259,20.951
32,3,4.3153,15.415,58.93,21.745
32,3,3.5282,15.136,56.146,20.713
32,3,4.6476,14.17,48.527,17.385
32,3,3.8777,14.86,54.635,19.891
32,3,5.996,14.668,54.081,20.163
32,3,3.0736,15.045,59.208,22.799
32,3,2.9196,14.045,47.623,16.829
32,3,4.1477,14.276,50.389,18.171
32,3,3.2821,15.86,61.081,21.951
32,3,3.4187,15.466,59.164,21.791
32,3,3.1108,14.811,55.549,20.453
32,3,3.0251,14.691,57.792,22.765
32,3,2.9164,15.17,57.69,21.947
32,3,5.6932,14.464,49.601,16.237
32,3,4.6665,14.926,55.742,20.268
32,3,3.7707,14.959,57.652,22.161
32,3,4.0267,15.441,60.89,23.113
32,3,4.8615,15.47,59.636,22.294
32,3,3.4515,14.775,52.814,18.562
32,3,3.6037,14.347,52.657,19.972
32,3,4.1609,13.844,45.981,16.275
32,3,2.5717,15.876,64.081,23.68
32,3,4.0078,14.527,51.901,18.952
32,3,2.9483,14.345,52.169,19.417
32,3,3.0161,15.314,60.349,22.952
32,3,4.4254,14.79,53.931,19.846
32,3,3.1776,14.66,53.715,19.862
32,3,5.1493,14.744,53.173,18.993
32,3,3.3637,15.03,59.338,23.272
32,3,4.1132,14.917,52.479,17.516
32,3,4.2615,14.559,54.79,20.49
32,3,4.8558,14.397,52.894,19.862
32,3,3.8704,15.888,65.976,25.396
32,3,3.722,14.825,53.929,19.333
32,3,3.2132,15.281,56.921,20.761
32,3,3.9291,15.542,60.551,22.282
32,3,3.886,15.602,59.422,21.875
32,3,5.9958,15.225,55.881,20.047
32,3,5.4461,15.018,54.471,19.134
32,3,4.2164,14.884,54.099,19.508
32,3,3.4264,14.909,55.172,19.892
32,3,3.6281,14.864,53.984,19.799
32,3,3.8019,14.865,54.221,20.089
32,3,3.5471,15.634,61.541,22.583
32,3,4.3442,14.878,55.383,20.575
32,3,4.2285,14.386,53.13,20.284
32,3,2.5417,15.208,59.543,22.668
32,3,4.5489,14.451,50.755,17.46
32,3,2.8972,14.691,56.132,21.797
32,3,4.1155,14.45,53.216,19.553
32,3,3.8796,15.314,62.02,24.78
32,3,2.8554,14.2,51.304,19.386
32,3,3.7653,15.361,59.949,22.069
32,3,3.2471,15.289,59.923,22.351
32,3,3.1254,15.495,59.752,21.068
32,3,4.364,15.098,58.085,21.59
32,3,3.2813,14.95,56.325,20.824
32,3,3.8442,15.367,59.632,22.367
32,3,4.218,14.887,58.339,23.268
32,3,3.384,14.494,48.841,16.822
32,3,4.8516,14.513,51.773,18.674
32,3,3.5593,14.886,52.764,17.965
32,3,5.7335,15.019,56.195,20.514
32,3,4.2445,14.636,54.215,19.903
32,3,3.2965,15.748,60.749,22.571
32,3,5.0547,15.16,58.838,22.439
32,3,3.9828,14.085,49.934,18.645
32,3,3.2933,14.479,52.339,19.324
32,3,3.0909,14.668,52.062,18.186
32,3,5.1377,14.791,52.098,18.211
32,3,3.5433,15.028,58.089,22.558
32,3,3.0822,15.609,61.579,22.984
32,3,4.1062,15.205,56.433,20.053
32,3,3.9161,15.043,60.196,23.73
32,3,3.5353,15.245,57.393,20.409
32,3,4.0375,14.893,54.712,19.502
32,3,3.4338,15.141,56.283,20.062
32,3,2.7189,14.433,49.729,17.419
32,3,3.0133,14.996,56.961,20.839
32,3,3.9156,14.634,54.51,20.195
32,3,6.3599,15.1,57.445,21.312
32,3,3.5843,15.579,59.313,20.499
32,3,3.3006,15.432,57.909,20.996
32,3,3.6486,14.777,53.847,19.935
32,3,3.1655,15.038,58.897,23.073
32,3,4.2946,14.687,52.386,18.786
32,3,3.8301,15.612,59.472,21.062
32,3,3.6235,15.132,61.352,24.313
32,3,3.5487,14.714,55.728,21.332
32,3,5.901,14.772,52.792,19.057
32,3,4.1313,15.465,60.445,22.512
32,3,4.6116,14.933,53.508,18.817
32,3,3.8918,14.927,54.838,19.518
32,3,4.8386,15.252,58.61,22.431
32,3,3.527,15.088,56.605,20.843
32,3,3.948,14.493,49.684,17.581
32,3,3.2281,15.877,63.248,24.017
32,3,3.4669,14.831,55.163,20.469
32,3,3.2685,14.769,53.854,19.434
32,3,3.7612,15.065,55.651,19.396
32,3,3.1839,14.8,53.785,19.804
32,3,2.9473,15.184,57.554,21.273
32,3,4.183,14.553,51.061,17.408
32,3,3.8147,14.669,55.521,21.254
32,3,3.3638,15.734,60.116,21.144
32,3,3.0242,14.802,54.991,19.672
32,3,4.6545,15.486,58.148,20.951
32,3,3.8545,15.638,63.729,24.871
32,3,4.208,14.846,55.957,21.266
32,3,4.4799,14.768,54.07,19.724
32,3,2.9303,15.183,57.559,21.372
32,3,3.8375,15.752,66.043,26.424
32,3,3.8948,15.133,59.672,23.38
32,3,2.7432,14.827,52.938,18.591
32,3,3.8287,15.803,62.409,23.036
32,3,4.5121,14.831,55.798,21.299
32,3,3.563,14.91,54.314,19.69
32,3,5.2418,14.748,51.372,17.32
32,3,3.5701,15.139,57.305,21.175
32,3,3.2822,15.733,62.137,22.603
32,3,4.6118,14.676,53.357,19.396
32,3,3.0854,15.616,61.892,23.143
32,3,3.4906,14.414,50.619,17.73
32,3,3.4774,14.323,53.089,20.574
32,3,3.0351,15.192,58.127,21.803
32,3,3.4803,14.649,53.384,19.778
32,3,3.0695,15.11,57.978,21.695
32,3,2.7225,14.913,55.964,20.747
32,3,4.7336,14.994,52.194,17.034
32,3,3.9612,15.339,56.623,20.329
32,3,3.2859,15.292,55.153,18.722
32,3,3.6522,15.314,58.281,21.235
32,3,2.8608,14.928,54.651,19.635
32,3,3.1292,14.925,55.365,20.909
32,3,4.0494,15.232,56.154,19.386
32,3,5.1331,14.571,48.77,16.1
32,3,3.2045,14.42,50.749,17.979
32,3,3.9512,14.574,49.902,17.364
32,3,3.2276,14.312,50.222,18.051
32,3,3.2937,15.049,55.133,20.308
32,3,2.8606,14.871,56.979,21.924
32,3,3.9879,14.343,50.479,18.204
32,3,4.057,14.718,54.712,20.668
32,3,3.6564,15.354,57.109,20.19
32,3,3.3721,15.2,58.08,21.504
32,3,4.2872,14.614,54.053,20.806
32,3,3.2367,15.27,57.009,20.98
32,3,3.4425,14.45,51.545,18.418
32,3,3.5998,14.377,52.826,20.491
32,3,4.9667,15.314,57.367,20.506
32,3,3.6458,14.65,51.037,16.915
32,3,3.9198,14.138,48.757,17.131
32,3,3.9195,14.574,53.006,19.759
32,3,4.5773,14.448,53.121,19.859
32,3,3.6686,14.955,52.577,18.044
32,3,3.8115,15.475,62.559,24.364
32,3,4.5072,14.493,51.801,18.891
32,3,3.1724,14.787,55.51,20.802
32,3,3.3954,15.753,63.663,24.501
32,3,5.2808,15.01,55.494,20.4
32,3,2.5773,14.625,54.406,20.718
32,3,5.1204,14.992,55.751,20.791
32,3,3.5925,14.067,48.492,16.824
32,3,4.0976,14.771,54.609,20.719
32,3,4.0807,14.74,53.126,19.297
32,3,3.1111,15.416,59.774,22.05
32,3,3.1993,15.256,57.494,20.888
32,3,4.1686,15.143,58.457,21.813
32,3,3.3241,15.146,56.251,19.808
32,3,3.7914,15.266,60.319,23.408
32,3,3.8465,15.224,58.82,22.105
32,3,3.4434,13.998,49.313,18.262
32,3,4.2768,15.62,61.375,22.598
32,3,3.7072,14.652,55.549,21.485
32,3,5.7886,14.91,54.627,19.493
32,3,4.984,14.653,54.64,20.342
32,3,3.6265,14.478,56.488,22.163
32,3,3.0591,14.962,56.818,21.617
32,3,3.3395,15.429,59.632,22.087
32,3,3.4768,15.179,55.912,19.753
32,3,3.7507,15.465,60.202,22.831
32,3,3.2717,14.791,57.278,21.92
32,3,3.5201,15.209,56.291,20.381
32,3,3.846,14.218,50.18,19.021
32,3,3.6947,15.707,60.914,21.902
32,3,3.6514,14.165,49.966,18.61
32,3,3.8903,14.91,51.789,17.077
32,3,4.3388,14.93,57.443,22.046
32,3,3.3364,14.845,56.132,21.339
32,3,4.2247,15.416,59.317,21.672
32,3,3.6015,14.698,53.437,19.784
32,3,4.2854,14.714,54.967,20.786
32,3,4.918,15.001,57.887,21.796
32,3,4.3145,15.283,57.923,21.094
32,3,3.4972,14.936,55.103,19.605
32,3,3.1064,14.702,52.298,18.612
32,3,6.1963,15.124,58.641,22.563
32,3,5.2296,15.373,59.145,21.925
32,3,3.8099,15.377,61.823,23.94
32,3,4.3573,14.31,52.686,20.33
32,3,3.6065,14.944,54.477,19.687
32,3,3.4504,14.97,53.071,18.452
32,3,2.7289,15.467,61.284,23.04
32,3,2.8537,15.563,63.697,24.8
32,3,3.2083,15.386,63.217,24.666
32,3,3.4505,15.204,61.685,24.817
32,3,3.1527,14.918,52.624,18.033
32,3,3.5567,14.049,48.367,17.587
32,3,3.85,15.418,57.486,20.288
32,3,3.728,15.265,61.185,23.995
32,3,3.4619,15.605,62.614,23.701
32,3,4.1963,14.131,49.649,17.776
32,3,4.603,14.45,49.289,17.458
32,3,3.0222,14.893,56.701,21.082
32,3,4.2223,14.644,51.659,17.514
32,3,3.7492,14.755,56.026,21.671
32,3,3.9354,15.429,57.622,19.836
32,3,3.3117,15.131,55.037,19.372
32,3,3.7347,14.908,57.664,22.133
32,3,3.3123,15.174,57.719,20.942
32,3,4.2091,15.573,61.926,22.551
32,3,5.4671,14.733,53.8,19.728
32,3,3.3957,14.679,53.13,18.9
32,3,3.9613,15.101,57.579,21.057
32,3,4.1517,15.205,59.836,23.168
32,3,3.2486,15.288,58.985,21.356
32,3,3.5881,14.171,48.888,17.331
32,3,3.0099,15.031,52.905,17.433
32,3,3.6949,14.888,56.375,21.164
32,3,3.4811,14.668,56.929,22.752
32,3,3.0081,14.84,52.07,17.644
32,3,3.0888,15.526,63.382,24.727
32,3,3.0558,14.163,53.005,20.514
32,3,4.5056,14.669,55.748,21.595
32,3,5.3494,14.647,51.089,17.623
32,3,3.8305,15.359,60.047,22.588
32,3,6.2367,14.595,52.375,19.441
32,3,3.9798,15.082,55.162,19.716
32,3,3.9273,14.028,48.407,17.719
32,3,3.1375,15.35,56.945,20.431
32,3,3.5954,14.766,53.59,19.489
32,3,3.2812,14.416,50.51,17.214
32,3,3.3285,14.873,54.312,19.612
32,3,3.9621,14.888,56.203,21.255
32,3,3.7894,15.571,62.228,23.764
32,3,5.1778,14.556,55.341,21.58
32,3,3.5275,14.641,54.664,21.038
32,3,4.5858,14.956,56.054,20.912
32,3,3.9751,15.51,58.902,20.825
32,3,4.4933,15.078,56.115,20.526
32,3,3.1837,14.408,52,19.43
32,3,4.5096,14.798,54.336,20.213
32,3,4.0689,14.147,49.31,17.695
32,3,2.8482,15.516,60.442,22.135
32,3,3.7004,15.449,63.279,24.95
32,3,3.794,14.096,50.218,18.461
32,3,3.4897,15.784,60.28,21.707
32,3,2.962,14.333,52.58,20.097
32,3,3.2152,14.814,54.728,20.46
32,3,3.7109,15.308,61.412,23.95
32,3,4.452,14.281,52.039,20.006
32,3,3.4704,15.226,60.529,23.303
32,3,3.4779,15.301,58.906,21.418
32,3,3.8094,13.843,49.455,18.69
32,3,3.0798,15.036,57.094,21.413
32,3,3.7411,14.904,57.349,21.809
32,3,4.76,15.861,61.625,22.034
32,3,2.5693,15.011,55.989,20.146
32,3,3.5266,15.467,62.469,24.04
32,3,3.5418,15.556,59.066,21.38
32,3,3.0318,15.685,61.077,22.666
32,3,4.4714,14.923,54.9,19.813
32,3,4.0745,14.703,54.802,20.385
32,3,4.0414,15.131,56.221,20.077
32,3,4.2043,15.271,59.064,22.255
32,3,3.8067,15.098,58.547,22.451
32,3,4.3928,15.031,54.855,19.805
32,3,3.8235,14.874,53.012,17.822
32,3,3.459,14.9,53.552,18.112
32,3,2.6271,15.867,64.43,23.774
32,3,3.2672,14.663,53.403,19.236
32,3,3.7361,13.939,47.06,16.76
32,3,3.6174,14.773,54.278,19.437
32,3,5.1666,14.637,54.577,21.105
32,3,2.6819,14.679,55.569,21.038
32,3,2.771,14.391,50.95,18.726
32,3,2.9865,15.511,62.005,23.742
32,3,3.4686,14.941,57.935,21.881
32,3,3.0278,15.484,62.164,24.149
32,3,3.9272,14.34,50.854,18.76
32,3,3.7378,15.381,61.158,23.876
32,3,5.0058,15.501,63.24,23.939
32,3,4.2953,14.621,55.568,21.385
32,3,4.9392,14.815,56.117,21.666
32,3,4.7042,14.673,57.893,23.143
32,3,5.035,15.259,58.182,20.959
32,3,3.9885,14.611,54.022,20.203
32,3,4.7116,14.771,55.799,20.971
32,3,3.9463,15.573,61.187,23.125
32,3,3.743,14.933,53.178,18.507
32,3,4.3487,14.544,53.774,20.647
32,3,3.878,15.641,61.458,22.814
32,3,5.0739,15.148,56.053,20.567
32,3,6.1992,14.903,57.705,22.367
32,3,4.137,14.67,51.293,17.512
32,3,5.131,14.647,54.681,20.69
32,3,3.6741,14.953,53.462,18.708
32,3,4.6503,13.655,45.579,16.259
32,3,3.4271,14.48,52.628,19.87
32,3,3.8275,14.744,53.802,19.529
32,3,4.7278,14.881,54.186,19.389
32,3,3.7874,14.999,56.255,20.6
32,3,4.8012,14.996,56.514,21.338
32,3,3.9707,15.746,63.516,23.608
32,3,2.9607,14.944,57.256,21.989
32,3,4.6785,14.823,54.264,20.029
32,3,3.4738,15.596,60.823,23.045
32,3,4.1401,15.363,59.631,21.913
32,3,3.3481,14.953,53.808,18.954
32,3,4.2211,15.201,58.256,21.514
32,3,4.8879,14.788,54.874,20.651
32,3,4.6298,14.35,54.038,21.006
32,3,3.3666,15.4,62.816,25.055
32,3,3.5604,15.193,59.407,22.89
32,3,4.2074,14.962,54.582,19.182
32,3,3.9823,15.44,62.596,25.102
32,3,3.5153,14.791,56.663,21.712
32,3,3.4484,14.858,54.901,20.231
32,3,3.4756,14.358,49.347,17.293
32,3,4.4274,14.462,53.185,20.128
32,3,3.0227,15.517,58.687,20.755
32,3,3.3354,15.927,62.312,21.914
32,3,3.841,13.976,47.661,17.331
32,3,2.8534,15.276,60.569,23.152
32,3,4.942,15.251,61.628,24.392
32,3,3.5598,14.437,52.869,20.08
32,3,3.4473,14.904,53.066,18.079
32,3,5.3889,14.451,52.711,19.719
32,3,3.9421,15.18,59.686,22.77
32,3,3.0131,14.392,49.549,17.272
32,3,3.9551,15.23,59.463,22.67
32,3,3.4653,15.188,56.187,19.966
32,3,4.5542,14.755,52.842,18.669
32,3,3.1077,15.382,58.546,21.093
32,3,3.5989,16.054,63.217,22.682
32,3,2.8441,14.973,57.875,22.072
32,3,3.3508,15.331,60.775,23.513
32,3,3.7409,14.892,56.57,21.48
32,3,4.5097,14.478,51.009,18.013
32,3,4.0238,14.667,55.372,21.309
32,3,3.3824,15.349,60.901,23.51
32,3,4.5781,14.779,55.074,20.789
32,3,4.0157,14.613,54.44,20.575
32,3,2.7663,15.199,59.443,22.486
32,3,3.899,14.91,54.387,19.578
32,3,3.6829,15.333,61.275,24.006
32,3,4.0573,15.519,60.587,22.156
32,3,4.0064,15.246,55.684,19.072
32,3,4.6867,14.283,49.074,17.308
32,3,3.2707,14.599,50.401,16.964
32,3,3.5509,14.704,55.067,20.643
32,3,3.8929,14.347,49.539,17.416
32,3,3.3405,14.558,53.053,19.924
32,3,5.0331,15.127,57.072,21.737
32,3,5.1371,14.304,51.226,18.971
32,3,3.1693,14.637,52.654,17.629
32,3,3.3002,15.031,54.893,19.806
32,3,4.0082,14.594,55.452,21.406
32,3,4.0691,15.199,55.538,19.807
32,3,3.0451,14.989,53.831,18.535
32,3,3.7766,15.08,55.607,20.066
32,3,3.2545,14.917,56.22,21.036
32,3,3.167,14.303,51.237,19.277
32,3,4.1499,15.428,58.545,22.072
32,3,5.0802,15.193,58.949,22.479
32,3,5.1562,14.18,49.077,17.381
32,3,3.7936,15.178,57.183,21.342
32,3,4.0164,13.793,46.599,16.544
32,3,3.33,14.788,53.99,19.468
32,3,3.8572,14.382,50.791,17.774
32,3,3.139,15.31,59.828,22.834
32,3,3.711,14.93,55.645,20.863
32,3,3.9865,15.44,61.261,23.299
32,3,2.8719,14.973,56.316,20.219
32,3,3.6309,14.5,52.328,19.248
32,3,3.5262,14.381,54.531,21.215
32,3,3.0186,15.386,62.128,24.11
32,3,3.1551,15.373,60.002,22.448
32,3,3.1649,14.388,52.274,19.593
32,3,5.3109,14.127,50.863,19.336
32,3,3.8303,15.637,62.712,24.285
32,3,3.3921,15.282,61.333,23.959
32,3,4.9907,15.656,60.891,22.574
32,3,3.0169,14.866,56.476,20.73
32,3,2.8933,14.565,52.265,18.798
32,3,4.5657,15.161,57.401,21.336
32,3,4.1774,14.985,56.463,20.967
32,3,3.396,15.511,61.709,22.82
32,3,3.5895,14.834,54.955,20.319
32,3,2.847,14.12,50.468,19.372
32,3,4.1082,15.279,57.669,20.727
32,3,5.1546,14.506,52.453,19.679
32,3,3.7182,15.168,59.54,22.571
32,3,3.5723,15.096,56.292,19.95
32,3,3.1464,14.562,56.773,22.531
32,3,3.9196,15.228,59.544,22.251
32,3,4.3992,14.72,55.455,21.436
32,3,4.4611,14.507,53.636,20.056
32,3,4.4452,14.722,55.169,20.62
32,3,4.5708,14.31,51.377,18.967
32,3,3.3179,15.092,56.181,20.586
32,3,3.5094,15.631,61.874,23.222
32,3,5.5567,14.85,53.175,18.518
32,3,3.4703,14.836,51.676,17.547
32,3,4.8081,14.934,55.256,20.356
32,3,4.6714,15.094,57.653,21.84
32,3,4.9772,14.313,52.534,19.966
32,3,5.6185,14.928,58.099,22.426
32,3,2.8697,15.291,57.784,20.585
32,3,3.3569,15.024,58.604,22.531
32,3,3.5371,14.98,56.216,21.207
32,3,3.7203,15.016,57.34,21.298
32,3,3.6944,15.369,60.666,23.28
32,3,4.2461,14.645,52.863,19.405
32,3,3.4864,14.985,56.869,21.387
32,3,3.2451,15.056,55.578,19.68
32,3,3.3829,14.921,56.635,21.711
32,3,3.2333,15.141,57.963,20.821
32,3,3.0468,15.202,57.955,21.413
32,3,5.049,15.319,60.512,23.439
32,3,4.0055,14.917,55.42,19.915
32,3,3.3288,14.418,53.766,20.667
32,3,3.6457,14.965,55.527,20.5
32,3,4.0729,15.224,55.946,20.052
32,3,4.5938,15.283,60.631,22.657
32,3,2.7064,15.157,61.408,24.355
32,3,3.0782,14.373,50.622,18.694
32,3,4.096,14.007,45.751,14.86
32,3,4.1501,14.94,55.437,20.719
32,3,4.3312,14.936,56.919,21.208
32,3,4.1956,15.6,60.319,22.18
32,3,4.287,14.678,54.537,20.453
32,3,4.6456,14.316,50.079,18.127
32,3,2.4647,14.853,56.314,21.121
32,3,5.3393,14.97,56.534,21.312
32,3,2.9792,14.653,53.089,19.516
32,3,3.3115,15.529,61.97,23.308
32,3,4.4245,14.42,52.343,19.21
32,3,3.342,15.893,60.939,21.17
32,3,3.3163,14.805,55.239,20.725
32,3,4.1227,14.893,55.069,20.165
32,3,5.0202,15.155,56.58,20.683
32,3,4.7829,14.159,50.066,18.532
32,3,4.0584,14.399,51.221,18.576
32,3,3.969,14.629,55.428,21.015
32,3,4.6735,14.312,51.424,19.346
32,3,4.3379,14.912,55.225,19.893
32,3,4.3739,14.693,55.169,20.426
32,3,3.5522,15.06,57.505,21.576
32,3,2.9802,14.878,56.988,21.731
32,3,4.557,15.053,57.408,21.624
32,3,3.3127,15.5,59.624,21.59
32,3,3.0245,14.701,54.362,20.136
32,3,4.1448,14.994,58.129,22.071
32,3,3.4581,15.305,60.342,23.309
32,3,5.0461,14.798,54.027,19.831
32,3,5.0382,14.496,52.612,19.44
32,3,3.9725,15.06,56.81,21.289
32,3,4.3237,14.649,52.081,18.877
32,3,4.2513,14.521,54.182,20.544
32,3,4.5577,14.985,53.192,17.638
32,3,4.1198,14.7,53.767,19.629
32,3,3.2927,15.358,58.37,21.575
32,3,3.6368,14.92,53.86,19.606
32,3,4.4078,14.483,53.221,18.599
32,3,5.0794,15.179,57.287,20.805
32,3,2.9689,15.163,58.7,22.588
32,3,3.895,14.849,55.207,20.42
32,3,3.6999,14.904,54.363,19.846
32,3,4.5287,14.066,48.575,17.292
32,3,3.1596,14.544,50.801,17.874
32,3,4.3175,15.318,58.687,21.881
32,3,3.5619,14.98,55.891,20.148
32,3,3.8066,14.809,55.173,20.944
32,3,4.3761,15.018,54.167,18.331
32,3,5.8482,14.288,50.845,18.932
32,3,2.9461,14.888,56.566,21.212
32,3,5.6467,14.513,54.012,21.176
32,3,3.6188,14.915,55.064,20.31
32,3,2.8186,15.049,56.351,20.633
32,3,3.2266,14.951,57.493,21.467
32,3,4.144,14.474,54.072,20.482
32,3,5.3332,14.914,53.157,17.623
32,3,3.1114,15.49,62.663,24.02
32,3,2.7265,15.091,57.313,21.415
32,3,3.8274,14.335,50.597,18.548
32,3,3.1677,15.026,56.449,21.279
32,3,3.5508,15.286,61.032,23.384
32,3,4.6972,15.162,57.302,20.855
32,3,5.189,14.679,53.843,19.652
32,3,4.1157,14.765,54.216,19.643
32,3,4.1136,14.523,52.418,19.33
32,3,4.0686,14.501,52.1,18.615
32,3,3.0437,14.355,49.051,17.334
32,3,3.3312,15.285,60.091,22.792
32,3,3.9421,15.014,57.97,22.005
32,3,4.126,15.564,59.115,21.11
32,3,3.5549,14.909,57.012,21.506
32,3,2.8912,14.602,52.494,19.123
32,3,4.4628,15.638,62.533,23.851
32,3,4.9974,14.235,51.636,19.364
32,3,4.4793,14.93,58.704,22.995
32,3,3.9456,15.579,61.385,23.242
32,3,4.458,15.203,55.848,20.199
32,3,5.0897,14.549,52.33,18.799
32,3,3.427,14.581,54.975,21.338
32,3,3.97,14.505,54.403,20.852
32,3,3.9685,15.331,59.949,22.316
32,3,3.4209,14.621,52.871,19.165
32,3,4.4669,15.028,58.114,21.866
32,3,3.8122,15.364,58.289,21.501
32,3,2.7877,15.907,59.92,19.306
32,3,3.5141,14.881,55.981,20.451
32,3,4.7966,14.866,56.215,21.26
32,3,4.2122,14.805,53.201,19.078
32,3,3.1375,15.528,62.523,24.013
32,3,5.5165,14.013,50.704,19.532
32,3,4.2726,14.796,56.185,21.485
32,3,3.6024,15.536,62.615,24.488
32,3,3.8394,14.535,52.184,18.478
32,3,3.1958,14.509,52.861,19.35
32,3,4.0849,15.694,61.803,22.882
32,3,3.0116,14.255,51.523,19.506
32,3,3.5288,14.121,50.968,18.965
32,3,3.8513,14.926,57.233,21.898
32,3,3.3625,14.883,56.687,21.846
32,3,5.3161,14.002,49.369,18.052
32,3,4.417,15.196,58.142,20.977
32,3,5.0989,15.302,58.442,21.239
32,3,3.3405,14.699,54.317,20.126
32,3,3.9802,14.643,54.28,20.439
32,3,4.9408,14.814,54.96,20.643
32,3,4.6988,15.087,57.549,21.352
32,3,2.785,15.702,60.248,22.008
32,3,3.8049,16.042,64.501,23.866
32,3,3.6323,14.391,50.931,18.291
32,3,3.8889,15.25,59.589,22.543
32,3,4.0333,14.757,55.553,21.605
32,3,3.2118,15.56,59.201,21.536
32,3,3.7251,14.5,54.296,20.951
32,3,3.6716,15.636,63.239,24.198
32,3,5.0213,14.765,54.615,19.412
32,3,3.9091,14.889,56.142,21.13
32,3,3.3461,15.034,53.355,18.361
32,3,3.3023,14.596,54.085,20.472
32,3,4.8461,14.475,51.89,19.384
32,3,3.2007,15.038,58.403,21.709
32,3,3.5036,14.468,50.49,17.858
32,3,3.9303,14.732,57.402,23.007
32,3,4.807,14.462,52.39,19.819
32,3,5.4626,15.526,64.273,25.233
32,3,3.5539,14.076,49.001,17.862
32,3,4.0366,15.408,58.756,21.289
32,3,3.7981,14.556,52.561,19.123
32,3,6.2662,14.016,48.553,18.096
32,3,2.934,14.729,54.975,20.977
32,3,3.1188,15.265,59.176,21.957
32,3,3.5743,15.087,54.323,19.14
32,3,2.7708,14.912,55.716,20.463
32,3,3.1621,15.479,58.578,20.969
32,3,3.1407,15.13,57.156,21.511
32,3,6.593,14.647,50.583,17.623
32,3,3.76,15.129,58.877,22.379
32,3,3.953,15.603,61.146,22.904
32,3,3.6719,14.616,51.969,18.67
32,3,4.3531,14.927,56.036,20.98
32,3,3.9618,15.167,59.961,22.974
32,3,3.82,15.924,65.339,24.844
32,3,3.5727,15.542,61.608,22.877
32,3,3.479,14.659,51.769,18.203
32,3,3.8096,15.268,57.67,21.084
32,3,3.0472,14.652,48.104,14.343
32,3,3.1968,15.023,58.931,22.71
32,3,3.2919,15.277,59.673,22.975
32,3,3.64,14.792,54.59,19.622
32,3,4.788,14.641,55.649,20.574
32,3,4.1636,15.362,56.988,19.908
32,3,3.1162,14.591,52.695,19.233
32,3,4.7143,15.318,61.517,24.072
32,3,4.2191,14.394,49.969,17.292
32,3,3.3582,15.073,54.824,18.949
32,3,3.4282,15.253,63.849,26.132
32,3,5.37,14.48,50.948,17.809
32,3,3.7422,14.984,57.59,22.078
32,3,3.2661,14.592,53.204,19.167
32,3,3.6241,14.415,50.693,17.971
32,3,3.5508,14.205,50.301,18.317
32,3,4.3016,15.183,57.703,21.9
32,3,3.7604,15.44,56.598,19.717
32,3,3.3236,14.775,55.735,20.851
32,3,5.2618,15.018,53.878,19.065
32,3,4.4309,14.665,47.666,15.007
32,3,3.5884,15.001,56.901,21.663
32,3,3.4315,14.953,55.258,19.947
32,3,3.6934,15.39,58.843,21.395
32,3,4.8513,14.632,53.473,19.733
32,3,3.6221,15.203,56.643,20.178
32,3,3.4076,15.701,63.547,24.493
32,3,4.2183,14.195,47.348,16.048
32,3,3.6284,14.895,57.111,22.365
32,3,4.0615,15.165,57.023,20.864
32,3,2.5763,14.903,55.756,20.338
32,3,3.8461,14.836,55.647,21.011
32,3,3.568,15.223,58.559,22.121
32,3,3.6106,14.122,50.965,19.338
32,3,3.5189,14.643,52.341,18.95
32,3,3.707,15.132,59.903,23.063
32,3,3.2231,14.778,53.26,19.038
32,3,4.0401,14.418,53.068,20.331
32,3,4.7921,14.581,53.993,20.254
32,3,3.353,15.401,59.245,21.934
32,3,3.4116,14.711,54.504,20.562
32,3,3.723,15.151,56.384,20.508
32,3,3.3372,14.931,54.951,20.489
32,3,4.215,15.297,59.051,21.767
32,3,3.3915,15.368,56.914,19.549
32,3,3.883,14.82,52.234,18.002
32,3,2.9316,14.672,53.747,19.887
32,3,3.2793,14.451,48.857,16.444
32,3,4.2023,14.698,54.475,20.285
32,3,4.0802,14.379,49.552,17.45
32,3,3.4791,15.367,58.05,20.86
32,3,4.7482,15.026,55.882,20.685
32,3,3.2353,14.21,50.458,18.821
32,3,2.6874,15.359,58.164,20.747
32,3,5.6237,14.831,54.438,19.579
32,3,5.131,15.421,58.126,20.983
32,3,3.87,14.785,52.579,18.337
32,3,3.8112,15.585,63.961,25.012
32,3,3.125,14.467,51.443,18.507
32,3,3.2547,15.526,61.447,22.999
32,3,3.6649,14.842,53.814,19.094
32,3,3.5907,15.269,56.396,20.091
32,3,3.5232,15.133,57.221,20.806
32,3,3.4586,14.082,47.394,16.349
32,3,3.0833,14.776,54.405,19.529
32,3,3.6762,14.903,58.31,22.68
32,3,3.013,14.136,49.661,18.058
32,3,3.8739,14.842,53.792,19.843
32,3,3.5489,15.196,57.379,21.025
32,3,5.2123,14.667,52.604,19.052
32,3,3.1024,14.989,53.938,18.972
32,3,5.3936,14.599,54.256,20.646
32,3,3.7209,15.256,58.513,21.633
32,3,3.5603,15.08,59.436,23.011
32,3,3.9724,14.837,53.324,18.353
32,3,5.2768,14.724,54.681,20.424
32,3,3.6817,15.874,61.851,22.539
32,3,3.3559,15.693,63.386,24.169
32,3,4.3486,14.669,53.857,19.752
32,3,2.9111,14.505,52.834,18.92
32,3,5.867,15.431,61.446,24.262
32,3,4.5595,14.948,53.009,17.761
32,3,3.6758,15.296,59.573,22.525
32,4,4.4853,17.022,74.471,29.036
32,4,4.5112,16.763,71.558,26.006
32,4,3.6966,17.014,74.546,28.547
32,4,3.9503,17.263,77.817,30.567
32,4,5.5527,16.692,71.337,27.111
32,4,3.7134,17.023,77.114,30.49
32,4,3.5867,17.09,73.402,27.544
32,4,4.0601,16.413,67.441,25.429
32,4,3.5096,17.299,74.483,27.559
32,4,4.0048,16.93,76.742,30.915
32,4,3.5618,16.645,66.781,22.736
32,4,3.8209,16.639,68.353,24.774
32,4,4.9461,15.765,64.557,24.757
32,4,2.9547,16.192,68.771,26.713
32,4,3.3147,16.95,71.242,26.709
32,4,4.2722,16.815,74.573,28.951
32,4,3.5011,17.065,76.599,29.964
32,4,3.2554,16.953,77.107,30.47
32,4,4.1135,17.24,76.936,29.996
32,4,3.3096,16.951,74.976,29.02
32,4,4.0568,16.874,74.178,28.186
32,4,4.3308,16.98,75.054,29.33
32,4,3.1904,16.692,71.914,27.609
32,4,4.1095,18.091,87.413,34.315
32,4,3.6276,17.098,73.809,26.824
32,4,4.5494,15.991,66.687,25.583
32,4,4.4532,16.541,70.852,27.527
32,4,3.637,16.774,70.471,25.859
32,4,4.8895,16.723,70.51,26.359
32,4,2.9709,16.277,68.258,25.855
32,4,4.6051,17.107,76.829,29.489
32,4,3.8567,16.68,70.385,26.796
32,4,4.2565,17.471,81.752,32.365
32,4,4.8552,16.423,73.671,29.899
32,4,4.0321,17.387,77.624,28.728
32,4,4.4888,16.535,66.677,23.925
32,4,3.7145,16.864,71.155,26.098
32,4,4.2247,16.389,69.957,27.262
32,4,3.5567,17.036,73.259,27.143
32,4,3.924,17.409,80.007,31.062
32,4,3.2948,17.383,79.676,30.991
32,4,4.1266,16.735,71.291,26.517
32,4,3.5914,16.597,68.924,24.796
32,4,3.7087,16.581,68.126,24.993
32,4,4.8553,16.147,66.658,25.332
32,4,3.8454,17.035,77.024,31.248
32,4,4.5258,16.761,68.788,25.45
32,4,3.5049,16.413,72.794,28.725
32,4,3.4656,16.772,74.319,29.141
32,4,3.3722,17.05,75.127,29.031
32,4,3.3903,17.497,79.398,30.523
32,4,3.9933,16.684,70.644,26.582
32,4,4.9169,17.456,80.953,32.192
32,4,4.3518,16.32,69.354,27.112
32,4,4.6473,17.356,80.927,31.793
32,4,4.4491,16.769,72.889,28.243
32,4,3.1968,16.858,71.335,26.191
32,4,4.4403,16.781,74.872,29.506
32,4,4.8518,16.873,73.652,28.607
32,4,5.2195,17.247,76.584,29.091
32,4,4.8862,15.998,64.342,24.241
32,4,3.6033,16.387,68.403,25.885
32,4,3.7035,16.48,68.48,25.533
32,4,3.6944,16.916,75.989,30.758
32,4,4.0386,16.089,61.42,21.455
32,4,3.6948,16.484,71.308,27.846
32,4,3.2045,16.819,72.809,27.464
32,4,4.273,16.544,69.306,26.12
32,4,4.758,17.195,75.138,28.604
32,4,3.329,16.883,73.656,28.273
32,4,3.9596,16.906,73.813,28.821
32,4,4.2212,16.377,69.629,27.564
32,4,3.5831,17.222,78.477,30.862
32,4,4.0363,16.539,67.93,25.239
32,4,3.8076,16.861,75.163,29.898
32,4,3.5196,16.616,72.057,27.759
32,4,5.2551,16.718,73.577,28.61
32,4,4.0268,17.642,78.782,29.524
32,4,3.5217,16.986,71.727,25.91
32,4,6.1425,16.859,74.584,29.158
32,4,4.144,17.596,81.809,31.932
32,4,4.3894,16.595,70.649,26.826
32,4,5.6512,16.469,68.36,25.768
32,4,3.8974,15.89,66.525,26.215
32,4,3.7702,17.395,77.866,30.015
32,4,4.0442,16.487,71.988,27.98
32,4,4.2106,16.344,62.6,20.277
32,4,3.4981,16.418,70.2,27.123
32,4,3.5554,16.301,68.847,26.17
32,4,3.6495,17.583,81.623,31.748
32,4,3.4179,17.303,77.6,29.667
32,4,4.7704,16.59,70.237,26.788
32,4,6.0984,17.458,79.209,30.707
32,4,4.6021,16.95,73.297,28.086
32,4,3.7446,17.011,76.532,30.868
32,4,3.6663,17.362,77.497,29.007
32,4,4.3671,17.051,74.495,28.101
32,4,4.1004,16.225,70.575,27.716
32,4,3.7198,17.128,77.515,29.482
32,4,5.9733,16.092,66.451,24.988
32,4,4.7656,17.897,84.791,33.349
32,4,4.4379,16.788,70.584,25.642
32,4,5.9915,16.489,67.467,24.919
32,4,3.2473,18.15,85.015,32.573
32,4,3.5517,17.079,76.375,29.987
32,4,3.987,16.851,74.481,28.656
32,4,4.4557,17.141,79.205,31.911
32,4,4.4359,15.849,66.102,25.837
32,4,4.7715,17.075,72.963,26.178
32,4,4.7161,16.286,66.109,23.666
32,4,4.1437,16.875,76.186,30.299
32,4,4.5464,17.354,79.999,31.862
32,4,4.7064,17.597,79.18,30.047
32,4,3.1893,16.51,68.557,24.149
32,4,3.6222,16.494,73.93,30.502
32,4,3.4936,16.822,71.101,26.649
32,4,3.9384,16.046,67.866,26.431
32,4,3.7942,16.811,71.354,26.039
32,4,3.4413,16.751,72.149,27.3
32,4,4.0231,17.112,72.42,26.693
32,4,3.2283,17.239,77.962,30.693
32,4,4.1604,16.193,66.068,24.26
32,4,3.194,16.319,69.22,26.27
32,4,5.8883,16.876,73.549,28.309
32,4,3.5311,16.933,73.39,27.954
32,4,3.513,16.721,69.938,25.767
32,4,4.4434,16.901,75.558,29.608
32,4,3.8401,16.441,66.826,24.449
32,4,4.237,17.218,74.139,27.419
32,4,3.2363,18.037,84.963,33.116
32,4,5.6665,16.376,69.998,26.709
32,4,5.0304,17.003,75.181,28.797
32,4,5.0135,16.505,69.553,26.646
32,4,3.4386,16.426,63.459,21.895
32,4,4.8467,16.837,69.716,25.771
32,4,3.8996,16.427,68.36,25.593
32,4,4.3101,16.511,67.767,24.963
32,4,4.8481,16.867,73.423,27.861
32,4,5.1441,16.72,69.809,26.225
32,4,5.0179,16.786,72.541,28.229
32,4,4.2126,16.964,72.659,27.356
32,4,3.8663,16.712,72.991,28.105
32,4,3.9575,16.466,70.609,27.663
32,4,4.2627,17.112,73.657,27.872
32,4,3.4089,16.944,74.973,29.134
32,4,3.6643,17.261,77.882,31.029
32,4,4.3198,17.005,75.548,28.71
32,4,4.1413,17.614,79.71,30.455
32,4,7.5094,15.926,63.627,23.608
32,4,3.7066,17.984,82.107,31.436
32,4,3.415,16.51,69.427,26.162
32,4,3.7763,16.296,69.127,26.546
32,4,4.5131,17.149,78.53,30.761
32,4,3.3228,16.301,71.419,28.841
32,4,4.231,16.498,71.466,28.525
32,4,4.0203,16.605,71.302,27.128
32,4,5.4686,17.217,77.208,30.199
32,4,4.6585,16.491,69.94,26.992
32,4,4.3232,16.516,65.855,22.238
32,4,4.1429,17.314,75.785,28.285
32,4,3.7261,17.19,73.988,27.114
32,4,3.5283,17.324,75.948,27.462
32,4,4.7464,16.452,70.894,27.747
32,4,4.0368,15.998,66.184,25.511
32,4,4.28,16.913,75.476,30.128
32,4,4.9686,17.109,76.132,29.501
32,4,5.8469,17.061,76.673,30.169
32,4,4.2978,16.881,72.7,27.45
32,4,4.84,17.485,81.653,32.609
32,4,3.6993,17.09,74.104,27.584
32,4,5.0026,16.834,73.327,29.104
32,4,4.1947,17.46,77.207,28.952
32,4,3.0409,17.341,76.799,28.259
32,4,4.8012,16.804,75.258,29.714
32,4,4.3744,16.757,69.016,25.21
32,4,4.6336,17.339,77.426,30.151
32,4,2.854,17.628,79.145,30.014
32,4,4.3668,16.996,72.587,26
32,4,4.5202,17.223,75.632,29.321
32,4,4.0297,16.577,72.272,28.32
32,4,4.9724,16.709,73.831,29.002
32,4,4.1078,16.427,68.102,24.462
32,4,4.3855,16.842,74.042,28.637
32,4,5.5272,17.036,71.073,25.039
32,4,5.479,15.944,64.185,23.363
32,4,4.369,16.57,73.218,28.641
32,4,3.6149,16.469,68.729,26.663
32,4,4.1587,17.203,73.904,27.328
32,4,2.9278,16.435,70.374,27.33
32,4,5.2663,16.66,69.327,25.055
32,4,3.976,17.594,81.213,32.118
32,4,3.2341,17.047,73.922,28.618
32,4,3.5873,17.622,82.084,32.714
32,4,3.0553,16.722,73.755,29.078
32,4,3.7571,15.944,64.41,24.509
32,4,3.5419,16.502,66.259,24.159
32,4,3.5257,17.137,75.926,29.43
32,4,4.3654,16.955,73.22,28.067
32,4,3.7985,16.464,69.433,27.145
32,4,5.3058,17.351,77.766,29.811
32,4,3.6292,17.239,80.655,32.452
32,4,4.3499,17.016,72.795,26.736
32,4,3.9378,17.311,73.765,25.877
32,4,3.5501,16.526,71.535,28.474
32,4,4.7656,16.158,67.867,26.801
32,4,3.7903,16.98,72.189,26.883
32,4,4.1972,16.547,67.068,25.022
32,4,4.912,17.158,75.601,28.472
32,4,3.5738,16.669,68.162,24.932
32,4,3.6768,16.135,69.186,26.869
32,4,4.2445,16.266,65.177,23.743
32,4,3.3578,17.549,76.155,27.699
32,4,3.8083,17.268,77.403,29.565
32,4,3.9303,17.011,72.87,26.127
32,4,3.52,16.507,66.829,23.836
32,4,4.0777,16.813,74.086,28.697
32,4,6.0972,17.074,78.106,31.639
32,4,5.2291,16.375,67.597,23.844
32,4,6.2848,16.235,66.888,25.532
32,4,3.6381,15.805,62.545,23.009
32,4,5.4787,17.58,81.096,32.007
32,4,4.2873,16.656,68.989,25.302
32,4,3.1092,17.481,80.158,31.681
32,4,3.6088,17.237,77.993,30.744
32,4,3.2461,17.925,84.211,32.897
32,4,4.5593,16.692,68.585,25.617
32,4,4.2901,16.821,74.151,28.121
32,4,3.8097,17.644,80.373,30.65
32,4,3.5915,16.959,73.561,28.576
32,4,3.4707,16.927,72.35,26.982
32,4,3.9628,17.094,75.089,28.816
32,4,6.2399,17.949,87.468,35.065
32,4,5.0963,17.368,77.376,28.525
32,4,5.3351,16.647,73.789,28.978
32,4,3.9321,17.344,79.177,30.992
32,4,3.2838,16.809,72.048,27.817
32,4,4.5969,16.493,69.23,26.134
32,4,3.4412,17.48,76.906,27.938
32,4,3.9857,17.494,77.326,28.535
32,4,6.2558,16.919,76.801,30.64
32,4,5.1604,16.38,68.581,26.378
32,4,4.0005,16.366,66.499,24.564
32,4,2.9162,16.698,71.376,27.089
32,4,4.0058,16.796,72.18,26.552
32,4,4.7994,16.37,69.742,27.242
32,4,4.1285,16.289,66.667,24.181
32,4,4.8122,16.344,69.371,26.964
32,4,4.6838,16.71,72.238,28.019
32,4,3.4549,16.733,75.629,30.055
32,4,3.9695,15.829,62.514,22.42
32,4,5.2411,16.44,67.304,24.283
32,4,4.7602,15.569,60.033,22.233
32,4,3.7779,16.742,71.738,27.694
32,4,5.9808,16.923,73.218,28.296
32,4,3.8378,16.885,73.771,28.94
32,4,3.9863,15.729,63.873,24.285
32,4,2.9288,16.628,68.385,24.092
32,4,4.6458,16.767,72.318,27.905
32,4,4.7627,16.563,68.704,25.747
32,4,3.0904,16.384,67.335,25.22
32,4,4.1955,16.334,68.704,26.902
32,4,4.9517,17.186,74.097,27.518
32,4,4.5564,16.974,74.226,28.349
32,4,3.8699,16.492,71.155,28.01
32,4,3.2936,16.372,65.648,23.035
32,4,3.8089,17.874,83.216,31.957
32,4,3.7699,17.566,78.903,30.452
32,4,5.2055,17.232,73.957,27.481
32,4,3.5409,17.52,80.937,31.606
32,4,3.396,17.633,78.927,29.505
32,4,4.5413,17.102,76.445,29.644
32,4,3.8882,17.241,79.166,31.604
32,4,3.9152,17.426,82.791,32.952
32,4,3.3922,16.929,72.183,26.849
32,4,3.5584,16.929,73.21,27.471
32,4,5.4346,16.207,71.512,29.238
32,4,3.825,16.301,68.884,26.582
32,4,3.9225,16.967,74.217,28.051
32,4,3.3131,16.541,69.694,26.828
32,4,4.6494,16.267,65.26,23.669
32,4,4.3008,16.494,70.003,26.125
32,4,3.333,17.325,79.38,31.095
32,4,4.5452,15.783,64.137,24.52
32,4,3.7987,17.428,76.649,28.401
32,4,4.509,16.477,66.86,24.049
32,4,4.4682,16.636,71.827,27.467
32,4,4.0039,16.541,69.438,25.749
32,4,4.7705,16.939,73.859,28.695
32,4,4.5998,17.063,76.458,29.602
32,4,3.4358,17.226,74.79,27.928
32,4,3.5988,17.193,75.495,28.856
32,4,4.216,16.578,69.977,26.715
32,4,6.0952,17.249,75.772,29.027
32,4,4.341,16.639,68.793,24.208
32,4,3.6032,16.308,66.732,24.531
32,4,3.4857,16.807,72.686,27.788
32,4,3.3395,17.073,77.277,30.817
32,4,4.139,17.308,78.121,30.716
32,4,4.5598,16.925,72.035,26.242
32,4,3.6208,16.805,70.836,26.606
32,4,3.6176,16.495,69.726,25.997
32,4,3.8108,16.672,72.358,28.313
32,4,5.1099,17.078,67.996,20.659
32,4,4.0396,16.949,74.509,28.795
32,4,5.6247,16.284,69.592,27.08
32,4,4.1332,17.251,76.561,29.964
32,4,3.8204,16.797,72.335,26.783
32,4,4.1016,16.619,70.397,25.996
32,4,4.9075,16.28,68.496,26.007
32,4,4.4145,18.234,87.645,34.559
32,4,4.8163,16.58,70.751,27.264
32,4,3.345,16.761,74.418,29.329
32,4,3.7646,16.237,68.756,26.24
32,4,4.2623,16.763,69.228,24.307
32,4,5.9456,16.087,66.3,25.045
32,4,4.3223,16.283,66.915,25.543
32,4,4.2226,17.12,75.373,28.508
32,4,3.6967,17.117,77.619,30.439
32,4,4.2087,17.54,76.302,27.919
32,4,3.6319,16.316,66.439,23.93
32,4,3.2136,16.473,70.045,26.943
32,4,3.7526,16.89,74.182,28.393
32,4,4.1923,17.377,78.223,30.163
32,4,4.4269,16.819,70.873,26.328
32,4,3.8368,17.15,71.879,25.15
32,4,3.636,17.104,74.947,28.682
32,4,3.9645,16.816,70.746,25.701
32,4,3.7448,16.325,69.461,26.927
32,4,2.79,16.859,72.644,27.973
32,4,4.9784,17.065,75.218,29.33
32,4,3.8478,16.846,72.046,27.372
32,4,3.9755,16.404,68.977,25.611
32,4,3.649,16.251,66.717,25.068
32,4,3.9025,17.748,79.302,29.02
32,4,4.4767,17.017,74.95,29.59
32,4,3.4739,16.294,70.503,27.869
32,4,4.5698,17.033,75.487,29.313
32,4,3.9412,17.181,75.839,27.994
32,4,4.405,16.329,66.36,24.737
32,4,4.3042,17.273,78.084,30.011
32,4,3.5312,17.171,78.193,30.681
32,4,5.1641,16.142,69.167,27.826
32,4,4.4746,17.187,76.563,29.75
32,4,3.3907,16.843,73.356,28.835
32,4,4.5671,17.148,78.095,30.882
32,4,3.6643,17.154,72.507,26.729
32,4,4.4922,17.343,75.155,28.573
32,4,4.1958,17.281,78.251,30.58
32,4,3.849,16.631,73.083,28.547
32,4,4.1866,16.578,70.134,26.664
32,4,6.1245,16.015,63.237,23.634
32,4,2.9586,17.139,75.18,27.626
32,4,3.8094,17.417,74.26,26.976
32,4,3.5204,17.02,76.957,30.642
32,4,3.4521,16.839,72.502,27.378
32,4,3.1207,17.072,72.677,25.967
32,4,4.2979,17.26,78.774,30.691
32,4,3.9509,16.956,76.017,30.296
32,4,3.3901,16.687,72.904,28.476
32,4,4.9366,17.049,72.259,26.042
32,4,3.6688,16.199,68.119,26.679
32,4,4.2635,16.814,76.223,30.84
32,4,3.0298,16.364,70.903,28.064
32,4,4.3593,16.163,66.338,25.504
32,4,4.4956,16.856,79.361,32.811
32,4,4.6308,16.875,75.962,30.106
32,4,3.1381,15.927,63.676,22.914
32,4,5.4698,17.245,76.715,29.559
32,4,3.7401,17.062,76.926,30.762
32,4,2.9936,17.216,79.226,31.472
32,4,3.8693,16.594,73.287,29.167
32,4,4.7323,16.924,72.769,27.753
32,4,3.8489,17.305,76.766,29.842
32,4,3.0481,16.591,72.318,27.919
32,4,4.2612,17.24,77.341,30.339
32,4,3.4578,17.15,75.476,28.947
32,4,3.7177,16.634,69.36,25.814
32,4,5.0967,17.267,77.517,29.638
32,4,3.3746,16.222,65.709,23.667
32,4,4.2877,16.49,70.667,27.576
32,4,3.6873,17.064,76.011,29.894
32,4,4.7216,16.362,69.466,26.645
32,4,2.6015,16.91,74.599,29.048
32,4,4.2119,17.116,73.216,27.07
32,4,4.6155,18.066,81.024,29.715
32,4,3.8785,16.158,68.08,26.234
32,4,3.3003,17.349,76.205,27.794
32,4,3.4815,17.659,77.477,28.684
32,4,6.7677,18.01,86.647,34.093
32,4,5.4197,16.302,69.591,26.859
32,4,3.4616,16.461,68.597,25.539
32,4,3.3629,16.852,72.128,26.761
32,4,3.5636,16.602,67.562,24.418
32,4,4.5225,17.093,75.192,28.889
32,4,3.0613,16.426,68.608,25.39
32,4,5.0747,16.572,70.374,26.334
32,4,3.7952,16.91,74.857,29.393
32,4,3.0796,16.584,73.673,29.46
32,4,4.246,16.738,71.088,26.699
32,4,4.8018,17.637,78.777,29.751
32,4,3.8354,16.958,75.144,29.511
32,4,3.563,16.862,72.974,28.001
32,4,4.9468,16.715,71.876,27.531
32,4,4.3025,17.666,77.571,28.597
32,4,4.5314,16.764,71.743,27.299
32,4,4.1172,16.579,71.502,27.188
32,4,3.7448,17.105,74.238,27.795
32,4,3.9892,17.6,78.631,29.618
32,4,4.6746,17.012,75.731,29.622
32,4,5.3582,17.26,77.628,29.932
32,4,4.4076,17.011,76.203,30.504
32,4,3.485,16.683,69.007,24.811
32,4,3.8373,15.905,62.637,22.903
32,4,4.0658,17.304,77.201,29.557
32,4,3.4537,16.637,71.646,27.068
32,4,4.9373,16.686,73.433,29.047
32,4,3.4254,16.848,71.611,27.057
32,4,5.1631,17.485,77.367,28.982
32,4,4.7585,16.794,71.627,26.985
32,4,3.3603,16.613,76.635,32.168
32,4,3.7365,17.225,78.23,30.753
32,4,3.9732,16.322,65.42,23.866
32,4,3.2476,18.373,88.445,34.179
32,4,3.0895,16.357,67.191,24.245
32,4,4.4787,17.731,79.075,29.432
32,4,3.3796,16.711,76.476,31.686
32,4,3.619,17.406,80.359,31.563
32,4,3.1676,16.892,73.379,28.507
32,4,3.4934,16.391,71.254,27.917
32,4,4.1009,16.364,67.939,25.625
32,4,4.1756,17.152,78.381,29.799
32,4,5.1298,16.332,65.057,23.179
32,4,4.6545,17.241,76.561,29.459
32,4,4.0591,16.677,68.211,24.695
32,4,3.6842,16.402,71.855,28.989
32,4,3.7388,17.408,76.523,28.346
32,4,3.8443,16.76,70.976,25.92
32,4,4.6117,17.335,77.565,29.54
32,4,3.6002,17.253,79.853,32.335
32,4,3.9611,16.557,70.435,26.556
32,4,3.5472,16.813,75.807,29.734
32,4,3.8266,16.232,68.051,26.574
32,4,4.1441,17.598,78.059,29.011
32,4,3.6586,16.643,71.238,27.238
32,4,4.5112,17.26,77.465,30.777
32,4,4.3248,16.616,70.4,25.595
32,4,4.2934,16.224,64.478,22.568
32,4,3.2407,17.289,77.226,29.752
32,4,4.3227,17.225,78.099,30.628
32,4,3.5514,16.15,65.239,24.089
32,4,2.933,16.433,68.072,25.039
32,4,4.2955,17.177,75.679,29.054
32,4,3.6074,17.553,81.259,32.277
32,4,3.6685,16.788,76.419,30.968
32,4,3.5257,16.469,67.55,24.593
32,4,3.7985,16.572,69.503,24.045
32,4,3.9811,18.513,90.279,35.276
32,4,3.6109,16.352,66.723,24.375
32,4,3.6021,16.722,70.223,25.962
32,4,4.6996,17.088,77.816,31.354
32,4,3.7973,16.425,69.669,26.53
32,4,4.2181,16.674,68.75,25.333
32,4,4.6265,16.8,72.286,27.436
32,4,3.6777,16.581,72.839,29.042
32,4,5.0778,17.023,73.83,28.061
32,4,3.1386,17.233,74.231,27.342
32,4,3.3746,16.592,68.526,24.847
32,4,3.9266,16.481,73.117,29.452
32,4,3.723,17.455,77.92,29.707
32,4,4.1642,16.29,69.103,27.117
32,4,4.7153,17.214,74.595,27.764
32,4,4.2854,17.509,77.979,29.219
32,4,3.7063,16.401,72.503,29.777
32,4,3.7938,17.256,80.874,32.55
32,4,4.392,15.986,65.1,24.11
32,4,4.5477,16.912,73.11,28.398
32,4,4.0559,17.406,75.25,27.861
32,4,4.5521,16.449,71.764,27.658
32,4,4.3836,16.835,73.59,28.557
32,4,4.3933,16.836,74.213,29.01
32,4,4.2086,16.944,76.126,30.244
32,4,3.5867,16.286,69.86,27.102
32,4,5.3375,16.348,69.727,26.557
32,4,4.4949,16.689,70.103,26.104
32,4,4.3441,16.475,72.547,28.726
32,4,3.2452,17.045,75.018,29.468
32,4,3.5793,17.221,76.26,29.784
32,4,4.3735,16.358,68.398,26.117
32,4,5.2335,16.517,67.309,24.054
32,4,3.4817,17.186,78.025,30.425
32,4,4.8272,16.926,75.827,29.717
32,4,3.088,17.683,78.895,28.912
32,4,4.8575,17.343,77.689,29.875
32,4,4.2543,16.551,71.51,27.704
32,4,6.086,17.121,75.673,28.944
32,4,4.7163,17.234,78.293,31.052
32,4,4.0938,16.667,68.552,24.311
32,4,3.9216,17.139,78.562,30.936
32,4,4.7855,16.602,69.068,25.955
32,4,3.8725,17.805,82.923,31.005
32,4,3.5478,16.947,75.836,29.687
32,4,3.5572,16.761,74.305,29.509
32,4,3.8746,16.46,67.219,24.774
32,4,3.9869,17.473,80.431,31.18
32,4,3.4053,17.112,76.174,29.307
32,4,3.2766,17.757,83.694,32.769
32,4,3.534,16.855,72.425,27.192
32,4,4.5424,17.253,78.8,31.262
32,4,5.3581,16.902,73.622,28.629
32,4,4.2295,17.042,72.601,27.088
32,4,4.118,17.342,79.355,31.189
32,4,3.532,17.234,80.373,32.765
32,4,4.4214,16.361,69.907,27.024
32,4,3.7081,15.905,64.731,24.533
32,4,3.011,16.77,71.289,26.541
32,4,3.1984,17.787,80.34,30.47
32,4,3.5537,17.561,79.68,30.818
32,4,4.0532,16.289,63.977,22.55
32,4,3.801,16.47,70.617,27.119
32,4,4.1764,16.954,71.668,26.422
32,4,5.4095,16.763,71.716,26.836
32,4,4.0317,15.769,62.429,23.42
32,4,4.6417,16.4,66.784,25.331
32,4,4.5119,16.747,72.442,28.406
32,4,3.2681,17.322,76.419,29.021
32,4,4.4199,17.185,77.212,29.666
32,4,4.7731,18.037,84.91,32.662
32,4,4.464,16.772,71.801,26.686
32,4,3.6901,16.479,68.662,26.062
32,4,6.1904,16.696,68.753,24.395
32,4,3.2283,18.1,83.457,31.681
32,4,4.1724,16.234,66.539,24.811
32,4,4.7117,17.086,74.692,28.585
32,4,3.1221,18.017,81.581,31.081
32,4,5.0194,16.305,67.291,24.967
32,4,3.5601,18.6,92.928,37.023
32,4,3.4303,16.044,61.409,21.282
32,4,5.0076,16.545,69.298,26.063
32,4,4.8763,16.416,66.325,24.436
32,4,4.9041,17.001,74.081,27.389
32,4,4.3746,17.341,73.698,25.526
32,4,3.7642,16.782,73.596,28.617
32,4,3.9176,16.486,67.131,23.994
32,4,3.8326,17.902,82.089,31.168
32,4,4.078,16.848,74.073,28.489
32,4,3.9941,17.35,77.268,29.921
32,4,3.568,17.001,77.397,30.82
32,4,3.6396,16.261,68.925,27.047
32,4,3.5921,16.976,74.239,28.514
32,4,4.0259,17.172,80.515,32.816
32,4,5.7893,16.853,73.314,27.91
32,4,3.9842,16.928,73.743,28.263
32,4,4.7935,17.541,80.684,31.14
32,4,3.7941,16.839,68.702,23.964
32,4,3.7526,16.445,70.314,26.904
32,4,3.7865,15.963,65.368,24.602
32,4,3.8882,17.199,76.659,28.98
32,4,5.4691,16.608,67.362,24.567
32,4,4.9009,16.787,72.842,27.599
32,4,4.1334,17.475,73.702,26.443
32,4,3.8538,17.101,72.963,27.614
32,4,3.8353,17.637,79.962,30.27
32,4,3.8588,17.77,79.918,30.356
32,4,3.6578,16.305,61.357,20.294
32,4,3.3405,16.64,71.265,27.289
32,4,3.5948,17.009,78.397,31.736
32,4,3.9414,17.662,77.013,28.505
32,4,3.6124,17.215,78.758,31.772
32,4,3.6737,17.041,74.36,29.04
32,4,4.6086,17.002,74.008,28.056
32,4,5.537,16.7,72.59,27.096
32,4,2.9298,17.223,76.233,28.709
32,4,4.2734,16.219,67.35,25.976
32,4,3.7821,16.394,66.011,23.593
32,4,4.1008,16.367,68.285,25.687
32,4,4.5423,16.854,73.331,26.765
32,4,3.9782,17.286,77.437,29.933
32,4,3.0601,17,74.391,28.913
32,4,3.7186,16.732,69.084,24.643
32,4,6.2452,17.309,78.355,30.386
32,4,3.2111,17.35,79.994,32.302
32,4,4.4672,17.424,80.234,31.864
32,4,3.2462,17.216,77.269,29.278
32,4,4.6667,16.291,69.788,27.333
32,4,4.9773,17.125,75.924,28.621
32,4,4.2893,16.469,66.666,24.297
32,4,4.2799,16.667,72.858,28.473
32,4,4.2186,17.102,75.396,29.255
32,4,3.9449,16.901,71.524,26.362
32,4,5.6217,16.841,70.574,25.912
32,4,3.5873,17.093,71.314,24.747
32,4,4.1501,16.043,63.7,22.933
32,4,4.7673,16.388,68.422,25.907
32,4,3.2935,17.219,79.177,31.365
32,4,3.8192,16.396,69.472,25.518
32,4,3.5882,16.89,73.805,28.547
32,4,3.0894,16.569,68.842,25.784
32,4,3.8108,16.907,73.925,28.348
32,4,3.2451,16.346,67.107,24.968
32,4,3.2812,16.889,75.643,29.521
32,4,4.1546,16.778,71.362,26.468
32,4,5.5989,17.362,79.76,31.035
32,4,3.8282,16.965,73.601,27.917
32,4,3.2846,17.124,76.942,30.002
32,4,4.1459,17.852,83.919,32.697
32,4,4.6204,16.701,70.685,26.311
32,4,4.33,17.598,80.301,31.087
32,4,4.5899,17.524,77.595,29.076
32,4,4.0185,17.669,80.884,31.32
32,4,3.2671,16.641,72.933,27.713
32,4,3.471,16.674,72.509,27.997
32,4,4.8697,17.118,76.378,29.2
32,4,3.3732,18.159,79.081,28.015
32,4,6.111,16.978,74.043,28.956
32,4,3.3568,17.3,76.719,29.268
32,4,5.3291,17.141,75.172,28.283
32,4,4.2698,16.371,66.541,24.917
32,4,4.5934,16.906,71.646,26.389
32,4,4.2036,17.121,79.99,32.928
32,4,5.0478,16.672,72.529,28.256
32,4,4.1303,16.706,73.129,28.482
32,4,5.9503,16.432,68.485,25.771
32,4,3.8625,16.564,70.853,28.015
32,4,3.2997,17.202,74.602,27.916
32,4,4.5857,16.813,73.176,28.073
32,4,4.7959,16.126,69.226,27.622
32,4,3.4316,16.981,75.347,29.131
32,4,4.4799,17.576,81.08,31.62
32,4,3.746,17.253,81.494,32.945
32,4,3.9641,17.386,79.327,31.512
32,4,5.2945,15.973,60.133,20.616
32,4,3.9157,17.295,77.678,30.411
32,4,4.0868,17.716,82.017,32.086
32,4,3.3791,16.122,67.988,26.945
32,4,4.7682,15.483,59.055,22.391
32,4,4.1488,16.33,67.129,24.752
32,4,4.491,16.619,70.21,26.32
32,4,3.9287,17.252,76.849,29.524
32,4,4.0224,16.789,73.322,27.897
32,4,4.8521,17.113,73.104,26.779
32,4,3.4989,16.614,73.337,28.232
32,4,3.9329,17.264,79.306,31.819
32,4,3.3448,17.068,76.82,29.962
32,4,5.1716,16.789,68.815,24.103
32,4,3.5797,17.114,73.515,27.749
32,4,4.2845,16.046,65.494,24.641
32,4,3.1767,17.106,73.895,27.042
32,4,4.8235,17.085,77.521,30.552
32,4,5.0109,16.937,75.994,30.322
32,4,4.0802,15.869,63.608,24.223
32,4,3.6884,17.02,71.824,25.685
32,4,4.6321,16.894,72.906,27.343
32,4,4.8575,16.269,69.728,27.658
32,4,3.6008,17.883,84.492,33.023
32,4,3.6871,16.119,66.442,25.042
32,4,3.3492,16.058,68.341,26.847
32,4,3.5113,16.813,73.884,28.438
32,4,3.9011,16.903,74.039,28.373
32,4,5.6236,16.586,66.143,21.939
32,4,3.7099,16.474,71.373,27.461
32,4,7.0834,16.894,72.892,27.494
32,4,4.0707,16.589,73.618,29.8
32,4,4.1215,17.306,79.121,31.297
32,4,4.9235,17.535,78.89,30.551
32,4,3.8954,17.021,75.427,29.354
32,4,4.187,16.34,68.691,26.32
32,4,3.119,17.1,75.746,29.415
32,4,3.8161,17.473,79.775,30.65
32,4,2.8604,17.278,81.026,32.673
32,4,3.5544,17.002,72.216,27.169
32,4,3.7043,16.687,74.881,30.324
32,4,3.9586,16.163,68.078,26.41
32,4,5.0165,16.82,67.758,23.206
32,4,3.9125,17.458,79.723,30.686
32,4,3.7156,16.513,68.956,26.317
32,4,3.5357,16.361,66.378,23.683
32,4,3.7667,17.164,77.887,30.546
32,4,3.5751,17.041,76.677,29.944
32,4,3.0218,16.97,75.102,29.042
32,4,4.2745,16.847,74.214,28.69
32,4,3.3782,17.024,73.374,27.276
32,4,2.9849,16.558,70.23,26.148
32,4,3.999,16.33,68.844,26.199
32,4,3.9079,16.722,69.627,25.251
32,4,4.2316,16.852,70.68,26.506
32,4,3.8357,16.103,65.755,24.392
32,4,3.3794,16.41,68.461,24.97
32,4,3.2847,16.671,73.305,29.207
32,4,4.1192,17.087,75.446,29.071
32,4,3.7965,16.706,73.407,28.545
32,4,4.1422,16.118,67.271,25.674
32,4,2.616,16.48,70.477,26.985
32,4,3.9332,16.702,68.107,25.148
32,4,3.5355,17.777,84.032,32.931
32,4,3.7194,17.276,78.766,31.113
32,4,3.6884,17.036,74.818,28.844
32,4,3.2552,16.828,70.654,26.116
32,4,3.6426,16.496,71.319,27.842
32,4,4.0883,17.367,76.574,29.243
32,4,4.1708,17.804,83.992,32.904
32,4,4.0589,16.177,66.946,25.819
32,4,3.2013,16.694,72.264,27.656
32,4,3.202,16.685,71.58,27.35
32,4,3.3494,16.87,69.924,26.02
32,4,3.8451,16.777,72.478,27.872
32,4,4.3626,16.749,69.981,25.985
32,4,4.8702,17.524,79.399,30.637
32,4,4.5918,16.738,70.878,26.593
32,4,4.025,16.586,71.435,27.87
32,4,3.6753,17.551,82.219,32.226
32,4,5.3325,16.741,76.086,31.081
32,4,4.6188,17.819,83.121,31.68
32,4,3.4255,17.038,75.012,28.611
32,4,4.9097,16.61,70.823,27.363
32,4,4.253,17.521,76.947,28.889
32,4,5.0829,16.966,71.682,26.014
32,4,6.5861,16.924,71.133,26.247
32,4,4.2315,17.166,76.558,29.433
32,4,3.9622,16.364,63.069,21.816
32,4,4.3352,16.225,68.115,26.101
32,4,4.3386,16.881,73.494,27.991
32,4,3.5613,17.133,78.102,31.322
32,4,3.1245,16.559,69.375,25.203
32,4,6.2419,15.922,65.187,25.235
32,4,4.1385,16.897,70.45,25.924
32,4,3.5032,16.854,74.739,29.721
32,4,3.7354,17.1,73.271,26.571
32,4,3.633,16.929,72.034,26.842
32,4,2.9647,17.111,75.072,28.5
32,4,4.5016,16.538,68.1,25.644
32,4,3.5878,17.714,80.679,31.151
32,4,3.5422,18.166,84.317,31.665
32,4,3.3692,16.865,73.998,28.483
32,4,3.7163,16.916,74.494,29.034
32,4,4.0778,17.156,72.918,27.062
32,4,3.973,17.37,80.008,31.858
32,4,5.487,17.101,77.982,30.309
32,4,3.6562,16.748,71.87,26.91
32,4,5.2779,16.569,70.967,27.677
32,4,4.2204,17.263,75.892,28.467
32,4,3.9624,16.7,72.854,28.154
32,4,3.0639,17.672,80.79,31.177
32,4,4.6868,16.809,72.218,27.287
32,4,3.8991,16.931,75.838,30.024
32,4,4.3052,16.217,69.397,27.614
32,4,3.1368,17.407,77.147,28.857
32,4,4.0546,16.382,68.68,25.838
32,4,4.6261,17.037,75.717,29.26
32,4,4.3278,16.866,71.625,26.923
32,4,3.759,16.852,71.854,26.176
32,4,4.2929,16.612,67.745,23.777
32,4,5.5737,17.441,77.442,29.44
32,4,4.4505,16.411,68.542,25.696
32,4,3.6563,16.789,75,29.72
32,4,5.274,17.458,77.827,29.484
32,4,3.9421,16.629,69.785,25.871
32,4,3.6528,16.155,68.941,27.285
32,4,2.7643,16.27,67.524,25.337
32,4,3.218,17.219,75.393,28.067
32,4,4.0986,17.135,74.495,27.945
32,4,3.88,17.132,77.267,30.02
32,4,4.0849,16.301,67.708,25.028
32,4,4.1196,16.961,72.808,27.076
32,4,4.328,17.226,78.512,30.638
32,4,4.3603,16.655,72.288,28.123
32,4,4.1489,17.526,74.484,25.218
32,4,3.9355,17.775,82.547,31.62
32,4,3.4763,16.836,70.723,24.743
32,4,3.873,16.449,70.758,27.35
32,4,4.8172,17.503,81.891,32.746
32,4,5.4656,16.891,72.374,27.321
32,4,3.373,17.589,83.092,33.304
32,4,4.2939,17.696,79.606,30.528
32,4,4.1676,17.069,72.793,26.968
32,4,4.4627,17.399,77.841,30.294
32,4,3.244,16.676,70.839,27.176
32,4,4.3552,16.477,68.187,26.15
32,4,3.4495,17.199,77.821,30.588
32,4,5.0877,17.043,73.923,28.322
32,4,3.2166,16.734,72.864,27.483
32,4,3.7085,16.519,69.859,26.465
32,4,3.9149,16.696,72.512,27.67
32,4,5.3745,16.595,70.646,26.958
32,4,3.683,17.256,71.058,24.835
32,4,4.5276,16.98,75.589,29.353
32,4,3.2573,17.146,77.185,29.911
32,4,3.2854,16.268,69.494,26.987
32,4,3.2749,17.182,73.145,27.023
32,4,3.9372,16.588,69.158,25.537
32,4,4.0531,17.967,84.649,32.872
32,4,5.2388,16.882,74.966,29.9
32,4,4.1043,17.479,78.621,29.701
32,4,5.2734,16.752,72.262,27.328
32,4,3.2959,16.605,70.066,25.772
32,4,3.7124,17.076,77.643,30.616
32,4,4.0655,16.729,74.803,30.376
32,4,4.2759,17.497,78.388,29.575
32,4,4.8082,16.682,67.028,24.214
32,4,3.1126,16.283,68.792,26.533
32,4,4.1637,17.833,82.616,32.454
32,4,4.4744,16.493,74.453,30.091
32,4,4.067,16.035,66.406,25.619
32,4,4.8114,16.861,73.086,27.521
32,4,3.2785,16.928,73.727,27.69
32,4,3.3948,17.176,73.558,27.178
32,4,3.9347,16.823,74.482,29.341
32,4,4.4368,16.699,72.099,27.322
32,4,4.937,17.3,76.901,29.632
32,4,3.9761,17.866,80.549,30.558
32,4,3.7099,16.422,71.275,28.372
32,4,5.0052,16.838,71.889,27.37
32,4,4.8736,16.63,71.194,27.287
32,4,2.8156,17.494,77.741,28.581
32,4,4.0093,17.033,75.525,29.589
32,4,3.9055,16.737,73.636,29.554
32,4,3.2536,16.589,70.328,26.606
32,4,4.1223,16.599,69.884,26.076
32,4,3.7178,16.031,64.092,23.596
32,4,4.5244,16.374,69.358,26.842
32,4,3.5908,16.255,65.35,23.351
32,4,4.3428,16.516,69.362,25.652
32,4,3.1897,16.601,76.401,31.607
32,4,4.4309,17.229,73.323,27.211
32,4,4.8011,17.208,76.689,30.027
32,4,4.6506,16.699,70.731,27.169
32,4,3.4553,17.228,74.497,27.541
32,4,4.447,17.101,76.714,30.145
32,4,4.7679,16.98,72.377,26.809
32,4,3.0819,16.561,69.484,26.374
32,4,5.8926,16.587,68.935,25.343
32,4,3.6268,17.119,76.263,29.696
32,4,4.1522,16.321,68.331,25.927
32,4,3.5731,16.986,73.234,27.68
32,4,5.0408,16.865,68.509,23.965
32,4,6.1136,16.724,72.364,28.494
32,4,4.4717,16.669,73.739,28.941
32,4,5.1439,17.617,80.237,31.307
32,4,4.736,16.248,65.722,24.172
32,4,4.291,16.484,69.161,25.218
32,4,2.9805,16.86,68.765,25.053
32,4,3.4023,16.662,72.673,28.67
32,4,3.4651,16.334,67.303,24.679
32,4,3.1005,17.234,75.635,28.222
32,4,4.1426,16.862,73.956,28.74
32,4,4.2561,16.068,67.745,26.056
32,4,4.9932,16.552,68.734,25.411
32,4,5.5485,17.079,76.232,29.69
32,4,5.617,17.626,79.84,30.757
32,4,3.4652,16.953,73.058,27.39
32,4,4.3939,16.759,74.853,29.218
32,4,3.9209,17.288,79.875,31.566
32,4,3.5829,16.813,72.983,27.797
32,4,3.5929,17.116,75.647,29.149
32,4,4.6776,16.175,68.327,26.801
32,4,3.9863,16.914,74.952,29.234
32,4,5.3005,16.777,69.577,25.967
32,4,4.8217,16.832,72.556,27.783
32,4,4.9711,16.835,72.266,26.886
32,4,5.0941,16.865,73.101,27.866
32,4,4.0144,16.633,70.846,27.036
32,4,4.5496,17.117,77.971,30.783
32,4,3.0027,16.966,69.922,24.042
32,4,4.5037,16.974,74.551,28.695
32,4,4.9409,15.929,64.839,24.793
32,4,3.6396,17.288,75.894,29.036
32,4,3.5213,16.186,68.759,26.692
32,4,5.5772,16.531,68.967,25.754
32,4,3.8868,17.261,73.978,26.523
32,4,4.8942,16.871,74.963,29.357
32,4,4.8581,16.164,67.274,25.703
32,4,3.7018,17.146,78.021,30.25
32,4,3.8502,16.719,75.747,31.142
32,4,3.4523,16.694,72.034,28.305
32,4,4.3791,16.581,70.46,26.626
32,4,2.505,16.994,75.408,29.218
32,4,3.9734,16.777,71.272,27.019
32,4,3.7428,17.309,74.684,27.594
32,4,3.4608,17.148,76.287,29.196
32,4,4.548,16.459,71.523,28.714
32,4,4.1926,17.11,72.274,25.994
32,4,3.2416,16.589,73.066,28.488
32,4,3.8854,16.999,76.608,30.292
32,4,3.2248,17.39,81.035,31.715
32,4,4.7007,17.388,75.036,27.481
32,4,3.0979,16.714,71.035,26.466
32,4,3.614,17.268,78.712,30.955
32,4,7.6959,16.949,72.872,27.462
32,4,4.5095,16.456,69.114,26.51
32,4,4.6942,16.995,78.567,31.421
32,4,4.1307,15.926,62.346,23.232
32,4,3.2994,17.012,75.511,28.407
32,4,4.2388,16.895,73.77,27.828
32,4,3.4758,17.193,73.005,27.005
32,4,3.5686,16.289,65.708,23.596
32,4,3.969,17.732,83.74,33.865
32,4,5.2386,17.087,75.003,28.887
32,4,3.7454,16.403,69.168,26.179
32,4,4.8989,17.345,78.266,30.61
32,4,4.4442,16.733,73.315,28.359
32,4,4.0319,17.626,73.867,25.081
32,4,3.9852,16.845,72.783,27.679
32,4,4.5111,17.397,78.51,30.379
32,4,3.5168,16.258,67.466,24.986
32,4,4.2504,16.659,71.71,27.39
32,4,3.4887,16.874,72.364,27.464
32,4,5.9096,16.11,64.308,23.244
32,4,5.7909,17.009,71.887,25.576
32,4,3.6266,16.946,72.638,27.21
32,4,4.6628,17.081,79.095,31.953
32,4,3.919,16.921,74.475,28.831
32,4,4.4332,16.612,72.082,27.591
32,4,4.6875,16.56,69.939,26.928
32,4,3.0525,17.753,83.74,33.778
32,4,5.6442,15.931,66.187,25.29
32,4,4.7512,18.051,84.556,33.073
32,4,3.3673,16.024,67.361,26.071
32,4,3.707,16.93,74.866,29.223
32,4,3.8842,16.316,64.609,23.417
32,4,2.8651,16.27,68.331,26.328
32,4,4.2008,16.291,66.936,24.838
32,4,4.0569,17.324,75.375,27.06
32,4,3.9665,16.551,70.088,26.343
32,4,3.5242,17.385,79.357,31.036
32,4,3.58,17.086,72.921,26.998
32,4,3.5861,17.14,74.229,28.014
32,4,6.0528,16.936,72.079,27.504
32,4,3.2773,17.09,73.221,27.184
32,4,4.218,16.433,70.905,27.327
32,4,4.134,15.752,63.118,23.577
32,4,3.6707,17.35,79.874,31.614
32,4,4.0037,16.051,65.979,25.424
32,4,3.9711,17.448,80.001,31.122
32,4,3.4294,17.517,79.166,30.509
32,4,3.4126,17.282,78.421,29.97
32,4,4.3582,16.621,68.347,24.862
32,4,4.6989,17.152,76.002,28.963
32,4,4.291,16.238,65.502,24.274
32,4,5.3338,16.682,73.32,28.493
32,4,3.1218,17.414,80.644,32.216
32,4,4.3214,16.206,69.102,26.824
32,4,4.5333,16.742,72.564,28.016
32,4,4.4201,17.279,76.661,29.475
32,4,3.6156,17.543,80.297,30.923
32,4,5.1126,16.416,68.368,26.016
32,4,3.9567,16.295,68.834,26.662
32,4,4.9862,16.849,72.807,28.037
32,4,4.021,16.568,72.665,28.808
32,4,3.3021,17.307,75.948,28.76
32,4,3.6051,16.979,71.602,26.514
32,4,3.6719,16.903,72.301,27.233
32,4,3.1201,16.876,73.715,28.219
32,4,4.9653,16.609,65.895,20.766
32,4,4.4715,16.718,69.082,25.508
32,4,5.722,17.241,77.55,30.267
32,4,5.9646,16.674,68.801,23.746
32,4,4.4228,16.838,69.827,24.965
32,4,4.0824,17.001,73.625,26.898
32,4,4.458,16.345,69.789,27.183
32,4,3.7033,17.074,70.754,25.27
32,4,3.6036,16.727,73.359,29.247
32,4,3.2752,16.587,71.882,27.611
32,4,4.4803,16.626,71.99,27.716
32,4,3.7863,16.637,68.494,25.159
32,4,3.0028,17.037,76.062,29.746
32,4,4.4872,17.117,75.176,28.967
32,4,4.5394,17.052,72.398,25.717
32,4,2.9807,17.328,74.631,25.583
32,4,4.2932,16.942,74.786,28.79
32,4,3.5033,17.21,74.8,27.869
32,4,4.6531,17.576,82.095,32.056
32,4,4.4959,16.746,71.517,27.301
32,4,3.1319,17.559,80.794,31.006
32,4,3.0216,17.13,80.559,33.094
32,4,3.5654,16.847,71.001,26.132
32,4,3.5031,17.024,78.566,31.87
32,4,4.2864,16.416,70.465,27.146
32,4,4.2276,16.768,72.873,27.635
32,4,3.1808,16.419,68.968,25.926
32,4,5.0243,16.873,73.08,27.608
32,4,4.7105,17.24,79.304,31.503
32,4,3.5815,17.373,80.175,31.473
32,4,3.343,16.274,65.435,23.285
32,4,4.0156,16.842,75.302,30.019
32,4,4.5198,16.997,74.785,28.052
32,4,5.0612,16.39,68.219,26.031
32,4,6.5144,17.334,77.309,27.974
32,4,3.4353,16.492,72.101,28.497
32,4,3.6808,16.469,68.698,25.768
32,4,3.8232,17.002,74.052,27.643
32,4,4.6082,17.493,79.21,30.642
32,4,3.2558,16.518,73.979,29.846
32,4,4.1971,16.823,71.321,26.873
32,4,5.1804,16.826,73.417,28.55
32,4,4.5933,17.32,78.028,30.251
32,4,3.8577,16.253,66.029,24.449
32,4,4.9941,17.461,77.997,29.486
32,4,5.108,16.81,76.604,31.154
32,4,5.0856,16.971,73.65,27.586
32,4,4.3637,17.165,77.725,30.531
32,4,4.2179,17.847,83.462,32.51
32,4,4.1911,17.438,80.278,32.064
32,4,3.8217,17.062,79.675,32.562
32,4,5.6816,17.343,76.837,29.653
32,4,4.2063,17.418,75.438,27.849
32,4,6.1299,16.468,68.016,25.226
32,4,3.85,17.671,80.381,31.148
32,4,3.8423,17.248,73.566,27.424
32,4,3.7717,17.1,73.18,26.43
32,4,3.4149,16.837,69.9,25.474
32,4,5.1775,17.157,76.78,29.306
32,4,4.3567,17.171,76.392,28.77
32,4,3.8228,16.707,71.893,28.061
32,4,5.0615,16.583,70.236,26.6
32,4,4.4525,17.007,73.343,27.578
32,4,4.0081,16.746,72.017,27.046
32,4,3.2466,16.632,72.131,28.393
32,4,3.233,17.115,71.864,26.092
32,4,3.6358,17.161,75.556,28.619
32,4,3.5743,16.432,67.718,25.839
32,4,4.3225,16.996,76.329,30.223
32,4,3.8857,16.483,70.286,27.057
32,4,4.0443,16.864,74.603,29.402
32,4,3.7697,16.684,71.449,26.292
32,4,4.2039,17.26,76.349,29.35
32,4,3.4458,16.403,71.55,28.394
32,4,3.8511,17.126,76.327,29.247
32,4,3.3536,17.3,76.938,29.618
32,4,3.2114,17.929,83.642,32.181
32,4,4.6186,17.049,73.896,28.141
32,4,3.9626,16.401,65.969,23.948
32,4,3.913,17.385,77.72,30.137
32,4,3.6896,16.97,73.967,27.669
32,4,3.8909,16.994,76.337,29.485
32,4,3.8496,18.166,86.602,34.329
32,4,3.5966,17.274,76.678,29.078
32,4,4.4949,16.992,76.329,30.688
32,4,4.1284,16.529,72.417,28.805
32,4,3.2634,16.459,70.33,27.298
32,4,3.6299,17.02,74.869,28.779
32,4,4.7801,16.057,64.496,23.868
32,4,5.1062,16.716,68.689,25.488
32,4,3.522,16.317,68.196,25.678
32,4,3.7283,16.877,74.522,28.455
32,4,5.4006,16.049,63.929,23.886
32,4,3.7363,16.056,63.444,22.957
32,4,4.9171,17.822,82.432,32.774
32,4,3.872,16.221,68.388,26.557
32,4,3.8767,15.972,65.352,25.074
32,4,4.1341,16.966,71.382,26.544
32,4,5.5576,16.226,67.385,25.201
32,4,3.9432,17.378,74.594,27.576
32,4,4.9368,16.501,70.621,27.165
32,4,3.2342,17.29,75.873,28.005
32,4,3.7179,16.645,73.116,28.538
32,4,3.8028,16.263,67.806,25.867
32,4,3.9156,16.419,67.681,25.414
32,4,3.0698,17.461,80.097,31.62
32,4,4.0439,16.581,69.831,25.923
32,4,3.033,16.807,74.833,29.278
32,4,5.0171,16.939,74.143,28.084
32,4,4.1822,17.164,74.106,26.895
32,4,3.9104,17.802,83.708,32.837
32,4,4.0879,16.655,70.357,26.451
32,4,3.2707,17.747,79.979,29.924
32,4,4.1367,17.074,78.041,30.943
32,4,3.6551,17.289,73.561,25.993
32,4,4.0091,16.034,66.048,25.199
32,4,3.528,16.661,69.265,25.915
32,4,3.2464,16.559,71.984,27.693
32,4,4.2864,16.933,74.557,28.739
32,4,4.5919,16.714,72.177,27.73
32,4,4.2184,17.03,73.457,27.706
32,4,3.4196,17.551,77.168,28.503
32,4,3.8354,16.516,67.286,24.613
32,4,3.615,17.311,76.388,28.317
32,4,4.5402,17.075,74.004,28.143
32,4,4.3862,17.121,75.9,28.556
32,4,4.216,17.142,73.005,27.044
32,4,5.0554,17.098,75.544,30.324
32,4,3.807,16.426,65.323,22.875
32,5,4.2979,17.9,83.415,32.416
32,5,5.193,19.04,94.585,36.78
32,5,5.7211,19.175,100.3,41.21
32,5,6.386,18.768,91.24,35.487
32,5,3.342,18.596,91.703,36.231
32,5,4.444,18.861,95.129,38.029
32,5,5.6247,18.111,86.274,34.112
32,5,4.6912,17.631,79.393,29.495
32,5,4.0031,18.498,90.011,35.376
32,5,5.3262,19.32,98.931,39.43
32,5,4.6575,20.321,111.15,44.227
32,5,3.4629,19.314,103.55,43.168
32,5,4.9877,18.179,86.932,34.368
32,5,3.8466,18.881,95.716,38.892
32,5,3.9299,17.643,83.284,33.538
32,5,4.2694,18.986,97.803,40.669
32,5,7.2665,19.807,100.2,38.782
32,5,3.9781,17.861,84.846,33.255
32,5,4.3364,18.911,93.81,37.23
32,5,5.2163,18.572,90.24,35.738
32,5,3.5694,18.653,93.117,37.557
32,5,4.5751,19.261,102.74,42.124
32,5,4.2196,17.805,84.246,33.514
32,5,4.1452,18.961,92.915,36.48
32,5,6.5257,19.01,97.945,40.011
32,5,3.7537,18.001,86.929,34.686
32,5,4.3624,18.83,96.984,39.759
32,5,3.922,19.754,101.71,39.559
32,5,3.5797,18.332,87.126,33.646
32,5,4.2517,18.662,96.023,40.18
32,5,4.0839,18.963,99.072,40.548
32,5,4.5685,18.837,93.504,36.532
32,5,4.4613,17.773,84.03,33.127
32,5,3.8297,19.387,102.36,41.504
32,5,4.1707,19.27,101.74,41.71
32,5,4.0947,18.513,92.051,36.577
32,5,4.5251,18.23,93.866,39.521
32,5,5.0096,18.026,86.26,33.666
32,5,3.6431,19.787,102.83,40.09
32,5,3.8424,18.419,93.061,37.187
32,5,3.912,18.418,90.549,34.864
32,5,3.9035,17.861,84.439,33.48
32,5,3.9352,18.189,85.465,32.492
32,5,3.4675,18.819,95.137,38.558
32,5,4.7796,18.724,90.36,35.06
32,5,4.1332,18.534,89.214,34.596
32,5,3.4998,18.107,88.286,36.188
32,5,4.6984,18.748,96.875,38.578
32,5,4.6494,19.5,103.69,42.426
32,5,5.4978,17.571,81.3,32.215
32,5,4.4844,19.312,103.66,43.143
32,5,5.1658,18.904,97.629,38.806
32,5,4.6696,18.221,86.062,33.319
32,5,4.3651,17.671,82.556,33.089
32,5,3.8711,19.136,98.139,39.238
32,5,4.313,17.876,81.217,31.233
32,5,4.3382,18.46,86.983,32.36
32,5,4.6775,18.871,98.035,40.056
32,5,4.8673,19.411,98.868,37.872
32,5,4.3311,18.683,91.412,35.649
32,5,3.9142,19.051,88.223,29.766
32,5,4.6793,19.178,99.62,40.504
32,5,3.7378,19.123,98.889,39.726
32,5,3.1557,19.231,94.308,36.006
32,5,3.7877,18.11,89.21,35.656
32,5,4.4924,18.787,90.772,34.915
32,5,4.2195,19.22,101.34,41.262
32,5,4.2583,18.896,92.901,35.396
32,5,3.5818,18.331,90.717,36.991
32,5,4.247,19.754,97.896,36.63
32,5,2.9863,19.252,97.401,37.641
32,5,4.3596,18.151,85.718,32.634
32,5,3.5991,18.727,91.608,35.553
32,5,4.5121,18.448,88.779,34.473
32,5,3.2854,18.785,95.231,38.114
32,5,4.2352,18.886,91.19,34.233
32,5,4.6524,18.786,93.865,36.825
32,5,5.4623,19.288,97.307,38.73
32,5,3.8513,18.241,86.906,32.923
32,5,4.2159,18.348,88.036,34.429
32,5,3.6812,18.305,88.363,34.713
32,5,5.0838,19.491,98.355,38.208
32,5,4.9572,17.742,85.842,35.71
32,5,4.036,19.477,98.277,37.873
32,5,3.7801,18.506,92.295,37.458
32,5,3.2987,18.261,87.7,34.166
32,5,4.0602,18.197,87.736,34.74
32,5,3.8283,20.066,107.41,42.465
32,5,3.9568,18.573,94.194,37.897
32,5,5.1696,17.636,84.886,33.874
32,5,5.4259,17.882,80.561,30.706
32,5,3.7429,18.781,94.074,37.747
32,5,4.3637,19.654,103.05,40.455
32,5,3.8078,19.19,98.766,39.485
32,5,3.967,18.559,91.96,36.707
32,5,4.2714,17.786,83.782,33.769
32,5,5.0337,19.868,103.03,39.865
32,5,4.2397,17.579,76.86,28.141
32,5,4.1036,18.424,91.108,37.039
32,5,4.7842,18.87,95.963,38.793
32,5,3.6164,19.096,94.63,35.762
32,5,3.9634,19.209,96.011,36.916
32,5,3.6398,17.795,84.792,34.624
32,5,4.694,18.027,86.102,33.966
32,5,3.7164,19.299,94.984,35.697
32,5,3.9162,19.44,94.855,35.622
32,5,5.1606,19.087,99.363,40.692
32,5,3.4346,18.12,82.825,32.05
32,5,5.0506,18.497,88.891,34.835
32,5,4.4028,18.565,88.5,33.783
32,5,3.7401,19.225,97.602,38.222
32,5,3.8116,18.242,86.717,33.65
32,5,4.5272,18.466,90.055,36.222
32,5,3.4495,19.24,96.734,37.866
32,5,5.5796,18.738,89.562,33.175
32,5,7.2154,18.323,89.832,35.98
32,5,3.9066,19.159,94.55,36.159
32,5,4.635,18.552,87.092,33.647
32,5,4.043,19.022,100.14,40.658
32,5,3.8562,18.7,91.85,35.619
32,5,3.7227,19.104,96.443,37.727
32,5,6.1519,17.597,85.928,36.124
32,5,5.4177,19.376,102.02,42.251
32,5,5.3055,19.279,93.418,33.514
32,5,4.4421,18.305,88.758,35.697
32,5,4.3154,18.396,87.988,33.954
32,5,4.7863,17.75,81.577,31.229
32,5,4.1683,18.903,94.11,37.37
32,5,3.7141,18.461,95.067,39.69
32,5,4.8623,18.956,95.914,37.451
32,5,4.8604,19.021,96.458,38.363
32,5,3.6378,19.375,102.64,41.793
32,5,5.9426,18.277,89.131,35.848
32,5,3.0971,19.189,97.963,39.023
32,5,4.5474,18.402,91.16,36.519
32,5,5.7385,19.532,102.18,40.341
32,5,4.0278,18.798,94.107,37.757
32,5,4.0506,17.109,73.434,26.205
32,5,4.1894,17.969,84.12,32.25
32,5,3.6227,18.602,89.241,33.927
32,5,4.7074,18.236,89.433,36.574
32,5,4.4929,19.757,104.29,41.156
32,5,4.2984,18.311,89.864,35.948
32,5,3.2864,18.086,83.164,31.535
32,5,3.9665,19.076,95.384,37.657
32,5,4.787,18.771,91.816,35.595
32,5,5.2859,18.302,86.648,33.179
32,5,4.1533,18.591,87,30.261
32,5,3.51,19.549,101.62,40.166
32,5,5.2352,18.1,86.818,34.507
32,5,6.0536,17.996,85.944,34.32
32,5,5.7332,18.914,94.059,36.68
32,5,5.3979,19.363,98.079,39.282
32,5,4.0783,18.369,93.425,39.197
32,5,4.4844,18.594,90.935,35.92
32,5,3.6946,18.67,94.662,38.22
32,5,4.0804,17.824,86.314,35.17
32,5,4.3832,18.843,93.073,35.897
32,5,4.3847,18.912,95.791,38.826
32,5,5.06,18.449,89.676,34.778
32,5,3.3082,18.635,96.257,40.103
32,5,4.3844,18.243,82.34,29.219
32,5,5.4489,18.719,93.288,37.306
32,5,4.9346,18.101,88.655,35.69
32,5,3.3469,18.631,91.962,37.015
32,5,4.3458,18.615,91.121,35.093
32,5,4.1979,18.709,92.302,36.404
32,5,3.4875,18.304,88.439,34.658
32,5,5.6574,19.042,96.072,37.457
32,5,4.3312,17.952,83.836,32.289
32,5,4.6289,19.493,98.448,38.923
32,5,4.653,18.068,86.101,33.362
32,5,3.7478,18.434,88.444,34.087
32,5,3.2502,18.973,100.78,42.342
32,5,3.6306,19.432,100.56,39.604
32,5,7.6552,19.175,97.192,37.846
32,5,4.3132,18.143,88.304,34.642
32,5,3.7198,18.751,96.27,40.104
32,5,3.8379,19.289,99.654,39.618
32,5,5.6636,18.777,90.886,35.175
32,5,4.8428,18.398,93.276,38.594
32,5,3.6687,18.381,88.37,35.119
32,5,4.7955,18.387,90.749,35.089
32,5,4.2102,18.366,89.947,36.094
32,5,4.7605,18.63,88.382,33.352
32,5,4.0557,18.913,95.461,37.272
32,5,4.7094,19.065,96.802,38.704
32,5,3.8248,18.531,94.872,39.481
32,5,5.1424,19.285,96.48,37.193
32,5,5.3227,18.021,90.17,37.472
32,5,4.1339,17.39,79.736,31.214
32,5,4.0344,19.759,100.82,39.394
32,5,5.2986,17.638,82.378,32.614
32,5,4.6475,18.461,89.86,35.102
32,5,3.72,19.292,98.591,39.204
32,5,4.7549,18.95,96.606,39.092
32,5,4.6454,18.541,86.598,31.819
32,5,5.3211,18.062,83.584,31.208
32,5,4.2983,18.735,91.275,34.94
32,5,4.2968,19.357,96.176,35.779
32,5,4.3494,19.035,92.478,34.419
32,5,4.0208,18.623,95.966,39.92
32,5,4.0788,18.545,90.515,34.713
32,5,3.8916,17.666,81.982,33.276
32,5,5.1553,18.885,99.795,42.044
32,5,3.7648,18.941,92.276,35.229
32,5,6.3008,18.353,86.001,32.803
32,5,5.0183,18.544,90.629,36.517
32,5,3.6987,19.116,96.021,37.121
32,5,3.9364,19.272,98.735,38.835
32,5,5.1199,18.212,86.191,33.87
32,5,6.1084,18.893,96.648,39.351
32,5,4.3628,18.854,91.772,34.514
32,5,4.4566,18.936,92.349,35.143
32,5,3.751,18.939,96.095,38.173
32,5,4.8998,19.051,97.113,39.056
32,5,4.2389,19.068,94.615,36.015
32,5,4.8784,19.116,98.88,39.709
32,5,4.3539,18.373,90.362,36.455
32,5,4.2008,18.642,89.173,34.212
32,5,3.5434,17.408,79.743,30.967
32,5,2.9869,19.752,101.93,39.762
32,5,4.7812,17.77,85.878,35.003
32,5,4.011,18.75,96.718,39.591
32,5,3.5752,18.443,91.457,37.414
32,5,4.4136,17.751,79.962,29.569
32,5,4.7134,17.964,83.91,33.318
32,5,5.1794,18.591,93.275,37.576
32,5,3.547,19.268,98.015,38.739
32,5,4.1442,19.498,95.82,35.955
32,5,4.0595,18.628,90.071,35.087
32,5,3.9612,18.462,90.139,34.769
32,5,4.3017,18.534,88.672,34.355
32,5,5.4986,18.55,89.164,34.085
32,5,4.8307,18.805,93.091,36.601
32,5,4.3474,18.346,91.595,37.619
32,5,4.0661,18.298,83.926,30.744
32,5,3.5145,19.383,102.4,42.338
32,5,4.0183,18.934,95.74,37.822
32,5,5.3505,18.855,93.776,36.847
32,5,4.2598,18.793,91.042,34.869
32,5,4.142,19.002,94.169,35.986
32,5,4.2959,18.478,92.225,37.238
32,5,4.6239,19.462,100.34,40.417
32,5,4.5005,19.213,94.316,34.618
32,5,4.9747,18.822,94.967,38.022
32,5,4.6555,18.135,90.336,37.673
32,5,4.2589,18.187,87.855,34.229
32,5,3.9216,18.919,90.583,34.018
32,5,5.3224,19.095,98.305,39.16
32,5,4.2792,18.43,94.054,38.763
32,5,4.7111,19.291,98.842,38.402
32,5,3.4518,18.387,87.79,33.867
32,5,5.3159,19.296,100.48,40.681
32,5,3.6273,19.415,96.763,37.194
32,5,4.5824,19.624,99.542,37.94
32,5,3.7022,18.672,93.387,37.717
32,5,4.7682,17.857,84.776,34.51
32,5,5.3441,17.85,86.581,35.064
32,5,4.0644,18.819,93.257,36.118
32,5,4.3729,18.985,96.716,38.504
32,5,4.5872,18.648,89.992,34.15
32,5,3.9389,18.475,94.637,38.601
32,5,4.5148,19.031,94.468,37.022
32,5,4.3787,19.097,93.064,34.796
32,5,5.1212,19.196,91.721,33.865
32,5,3.7793,18.282,86.421,33.228
32,5,5.3732,19.339,95.951,35.574
32,5,3.8014,18.695,93.687,38.119
32,5,4.3916,17.943,84.881,33.644
32,5,5.5116,18.847,94.752,37.833
32,5,3.7267,19.219,99.718,40.301
32,5,4.4769,19.308,98.217,37.616
32,5,5.4314,18.87,93.133,37.031
32,5,6.8442,19.589,101.77,39.913
32,5,3.6769,18.809,94.866,37.568
32,5,4.578,19.387,104.02,43.741
32,5,5.4257,18.432,87.234,33.685
32,5,3.9629,18.01,82.171,31.055
32,5,4.4798,17.516,79.363,30.248
32,5,4.1493,18.703,92.151,35.923
32,5,5.0018,18.425,86.836,32.732
32,5,3.6426,18.723,92.622,35.964
32,5,4.3771,19.954,102.65,38.555
32,5,5.329,18.298,91.416,36.086
32,5,3.4856,18.676,93.304,37.558
32,5,4.5554,18.526,90.666,36.177
32,5,3.7178,18.901,92.57,35.644
32,5,3.8704,19.102,101.25,42.52
32,5,4.2578,18.588,92.862,38.089
32,5,4.9169,18.452,87.06,32.296
32,5,4.1483,17.901,87.182,35.028
32,5,4.2522,18.853,95.139,37.612
32,5,4.5051,18.72,92.397,36.215
32,5,4.012,18.711,90.847,35.594
32,5,4.1807,19.645,99.846,36.101
32,5,3.9854,19.03,96.562,38.735
32,5,3.8603,18.408,92.404,36.898
32,5,3.9397,18.867,93.119,36.472
32,5,3.9713,18.325,90.393,36.578
32,5,4.2629,18.869,94.509,37.556
32,5,5.2277,18.576,89.105,34.411
32,5,4.0955,19.591,99.951,38.766
32,5,4.5359,18.836,91.477,36.18
32,5,3.1988,18.225,87.741,34.171
32,5,4.5991,19.326,98.531,38.083
32,5,3.1661,18.967,96.66,38.383
32,5,4.8954,19.182,94.887,37.329
32,5,3.6964,18.235,86.374,32.451
32,5,4.6836,18.687,95.023,38.007
32,5,3.7176,20.335,109.4,42.995
32,5,3.9181,18.575,90.799,36.009
32,5,4.4853,19.47,101.82,39.165
32,5,4.2022,19.521,99.014,38.545
32,5,3.7064,19.334,99.557,39.899
32,5,4.0887,18.718,88.819,33.649
32,5,4.0185,19.107,93.57,35.637
32,5,4.0115,19.292,101.71,41.424
32,5,4.4006,19.235,99.985,40.46
32,5,5.7153,18.486,86.059,31.986
32,5,4.3492,18.223,87.63,33.336
32,5,3.2454,19.348,98.914,38.046
32,5,3.9923,18.922,101.4,42.533
32,5,4.2405,20.018,98.085,34.716
32,5,4.7451,18.534,93.014,38.091
32,5,4.3058,17.926,85.464,34.509
32,5,3.8441,18.039,84.507,32.17
32,5,4.7297,18.396,90.399,36.973
32,5,6.5496,19.532,100.19,39.796
32,5,3.5234,18.913,94.209,37.535
32,5,3.8403,18.516,88.939,34.454
32,5,4.2673,18.523,92.663,37.34
32,5,3.6381,18.406,94.655,39.163
32,5,3.9446,17.504,78.151,29.855
32,5,4.64,19.054,95.247,37.458
32,5,3.7853,18.792,94.289,37.201
32,5,5.2471,18.814,92.728,36.468
32,5,4.4095,18.448,90.701,36.293
32,5,4.5967,18.813,89.287,32.597
32,5,4.7195,17.936,85.618,34.157
32,5,5.2683,18.632,91.312,35.964
32,5,4.2483,18.531,89.821,35.16
32,5,4.163,18.721,95.404,38.495
32,5,4.0629,18.047,84.513,32.457
32,5,4.6349,18.881,90.887,31.663
32,5,4.5861,19.103,98.933,39.913
32,5,5.0907,18.514,91.036,36.094
32,5,4.2566,17.72,84.662,34.679
32,5,3.8907,19.988,104.95,42.057
32,5,4.4858,18.781,91.793,35.003
32,5,3.9418,18.445,92.085,37.05
32,5,3.5585,18.913,93.971,36.232
32,5,3.8259,18.297,89.427,34.666
32,5,5.1343,19.117,96.839,38.019
32,5,5.3148,17.747,82.591,32.447
32,5,4.0021,19.169,96.907,38.567
32,5,3.1842,19.453,99.943,39.501
32,5,3.9812,18.711,89.478,34.146
32,5,3.8546,17.792,80.854,30.998
32,5,3.0538,18.631,93.121,37.274
32,5,6.5504,18.076,87.905,35.438
32,5,3.9199,19.064,90.999,33.172
32,5,3.8636,18.683,91.042,36.039
32,5,4.4997,18.843,94.435,37.504
32,5,4.333,18.944,93.189,36.596
32,5,5.3742,18.343,85.372,32.121
32,5,5.6075,18.097,83.616,31.581
32,5,4.1648,18.421,88.134,34.097
32,5,3.9106,18.876,91.356,35.188
32,5,5.0757,17.8,85.347,34.789
32,5,4.0072,18.594,91.858,36.754
32,5,4.1035,18.76,91.949,36.133
32,5,4.1717,18.776,95.595,38.409
32,5,4.3628,18.824,91.841,36.068
32,5,4.0561,17.74,86.079,34.499
32,5,4.2306,19.489,95.08,34.776
32,5,5.7908,19.803,105.18,41.354
32,5,5.1503,18.588,90.422,35.408
32,5,4.87,17.276,75.75,29.338
32,5,4.8633,18.753,92.134,35.95
32,5,6.4121,18.276,84.831,31.253
32,5,3.4709,19.35,98.796,39.809
32,5,3.2712,18.896,94.539,37.034
32,5,4.5068,19.016,95.797,37.548
32,5,4.5635,19.089,95.79,37.707
32,5,4.3284,19.136,94.768,36.037
32,5,4.142,18.844,92.278,35.488
32,5,3.9826,18.503,90.602,35.666
32,5,4.9382,18.631,90.234,34.394
32,5,5.2298,18.287,88.162,34.773
32,5,4.0279,18.874,94.636,37.476
32,5,4.1587,18.579,93.917,37.938
32,5,5.1596,18.265,87.953,34.998
32,5,4.3933,18.141,85.338,32.858
32,5,6.5652,17.879,85.01,33.484
32,5,4.128,17.933,83.776,32.428
32,5,4.2799,18.465,89.433,34.627
32,5,4.4761,19.088,97.108,38.645
32,5,5.716,18.868,91.81,34.735
32,5,4.2721,18.944,95.604,37.535
32,5,5.024,17.867,86.226,34.881
32,5,5.4334,17.956,83.421,32.171
32,5,5.0065,18.807,89.073,33.104
32,5,4.1075,18.797,97.098,40.611
32,5,5.7671,19.011,93.738,36.205
32,5,4.1565,18.188,88.017,34.6
32,5,5.3138,18.187,84.227,31.651
32,5,3.7305,18.924,96.035,38.602
32,5,3.8334,18.579,87.619,32.726
32,5,4.1074,18.302,87.139,33.492
32,5,3.5093,18.925,99.667,40.782
32,5,4.4457,18.314,89.229,35.912
32,5,4.4271,18.83,98.485,41.616
32,5,3.5969,18.358,87.818,33.988
32,5,4.6806,18.902,98.247,40.765
32,5,3.4159,18.668,93.477,36.809
32,5,4.588,19.253,98.542,39.06
32,5,3.9785,18.701,92.381,36.921
32,5,3.4321,18.512,88.63,32.974
32,5,4.7544,17.617,77.478,28.678
32,5,3.7199,19.705,101.08,38.423
32,5,3.7168,18.379,88.894,35.277
32,5,3.3388,19.234,98.718,39.008
32,5,4.2675,18.027,84.742,33.003
32,5,4.2708,18.645,92.326,36.021
32,5,3.5567,19.299,98.535,38.686
32,5,3.6327,18.084,87.685,35.373
32,5,4.3741,18.218,81.711,29.074
32,5,3.796,18.885,93.865,36.843
32,5,4.362,18.784,91.428,34.434
32,5,4.849,19.423,99.02,39.046
32,5,3.0454,18.11,84.781,32.578
32,5,3.7997,19.047,96.431,37.93
32,5,4.468,18.065,84.203,32.461
32,5,3.9326,18.996,98.801,40.886
32,5,4.6546,19.131,98.096,39.579
32,5,4.3652,17.876,85.126,34.119
32,5,4.1683,18.357,88.346,35.555
32,5,4.5618,17.845,82.171,31.643
32,5,4.1169,18.477,91.796,37.001
32,5,4.627,18.417,85.55,30.673
32,5,4.3513,18.352,86.437,32.824
32,5,5.758,19.305,98.246,38.382
32,5,5.6067,18.4,91.597,36.595
32,5,5.0488,19.318,99.038,39.359
32,5,5.0224,18.699,92.501,35.91
32,5,3.9226,18.84,90.47,33.555
32,5,4.0562,18.656,92.021,36.117
32,5,3.6204,19.401,99.313,39.221
32,5,5.4979,18.248,87.522,33.751
32,5,5.8584,18.369,89.961,36.124
32,5,4.1979,19.473,95.71,35.3
32,5,3.6435,19.215,99.162,39.267
32,5,3.8928,19.26,99.699,40.21
32,5,3.712,18.581,90.922,35.134
32,5,4.4988,19.32,98.718,39.129
32,5,3.411,18.415,87.545,33.276
32,5,4.4361,18.97,99.974,41.11
32,5,3.4516,18.233,86.918,33.666
32,5,5.0622,18.382,81.033,28.612
32,5,3.4857,18.534,91.836,37.09
32,5,4.0254,18.082,85.106,33.062
32,5,4.906,19.12,97.118,38.316
32,5,4.7359,17.757,83.666,34.008
32,5,3.5079,18.929,93.489,36.548
32,5,4.4911,18.914,92.814,35.977
32,5,3.6404,19.467,102.84,42.047
32,5,3.5124,18.669,87.482,32.55
32,5,4.6117,17.883,84.774,33.59
32,5,3.7969,17.657,79.011,29.361
32,5,3.5569,19.045,96.874,39.165
32,5,3.5854,18.168,89.987,37.739
32,5,4.7268,18.843,92.279,35.384
32,5,3.7064,18.621,92.56,37.21
32,5,3.7899,18.802,97.767,40.385
32,5,3.4816,19.338,97.879,37.961
32,5,4.9054,18.731,91.128,35.968
32,5,4.827,18.833,91.31,35.058
32,5,3.7243,18.448,93.801,38.366
32,5,4.4613,18.263,85.859,33.168
32,5,5.2077,18.704,98.16,42.246
32,5,4.4101,18.829,96.554,39.526
32,5,3.8514,18.64,88.582,33.817
32,5,4.9495,18.65,90.666,34.864
32,5,3.5996,18.644,92.815,36.921
32,5,4.5836,18.486,88.17,32.365
32,5,3.9591,19.663,98.942,38.215
32,5,4.8449,18.991,93.179,36.565
32,5,3.7309,18.732,92.522,36.178
32,5,5.6576,18.911,98.816,40.225
32,5,4.2178,18.718,94.554,37.073
32,5,3.7704,18.232,87.079,33.968
32,5,4.7035,17.797,78.38,29.534
32,5,5.2354,17.674,84.01,33.32
32,5,3.5506,18.614,92.302,36.658
32,5,4.1841,18.532,86.95,32.502
32,5,3.8847,18.882,93.58,35.887
32,5,4.1622,19.39,98.757,38.204
32,5,3.7071,18.484,92.25,37.444
32,5,4.8243,18.072,86.735,33.575
32,5,3.3562,18.273,88.826,35.603
32,5,4.4093,17.663,80.746,31.46
32,5,3.8259,19.361,98.052,38.521
32,5,3.7257,18.294,88.752,34.913
32,5,4.7016,18.176,82.775,29.762
32,5,3.531,18.865,91.176,34.979
32,5,4.8236,19.069,96.252,38.996
32,5,3.8808,18.367,89.132,35.612
32,5,5.3554,18.848,94.658,38.495
32,5,5.2399,18.345,88.86,34.728
32,5,3.704,18.537,92.715,37.366
32,5,5.0624,17.708,82.506,32.287
32,5,3.6814,19.127,98.471,39.659
32,5,3.9764,18.369,88.793,35.418
32,5,3.7155,19.303,104.39,43.549
32,5,4.0245,18.07,86.697,34.566
32,5,4.0735,18.906,96.006,37.753
32,5,4.27,19.69,107.93,45.311
32,5,4.8962,18.238,86.255,33.963
32,5,3.772,18.839,96.005,38.925
32,5,4.9789,18.927,96.168,38.464
32,5,3.6897,18.555,93.328,37.997
32,5,5.2133,19.346,97.161,37.664
32,5,5.0243,18.126,83.717,31.575
32,5,4.1828,19.275,96.534,36.666
32,5,4.1443,18.706,88.55,33.542
32,5,4.068,18.28,88.248,35.256
32,5,3.9938,18.274,90.487,36.649
32,5,4.0451,19.243,99.31,39.76
32,5,3.796,18.086,87.043,34.66
32,5,3.3099,18.965,95.28,36.698
32,5,4.651,19.036,96.219,37.625
32,5,3.8519,18.471,92.3,37.476
32,5,3.5544,18.18,90.201,36.661
32,5,3.6255,17.97,83.927,33.076
32,5,4.1952,19.089,99.104,40.715
32,5,4.8233,18.637,92.159,36.347
32,5,3.8705,19.715,107.37,44.345
32,5,4.8573,18.939,89.552,32.078
32,5,4.7323,18.343,91.375,36.916
32,5,5.1362,18.665,95.772,39.549
32,5,4.4315,19.407,99.215,39.304
32,5,5.8178,19.034,94.552,37.51
32,5,4.3234,18.095,84.151,32.118
32,5,3.1033,18.235,83.703,30.996
32,5,4.8011,18.825,91.915,35.666
32,5,6.2388,18.604,93.039,36.871
32,5,6.8229,18.187,87.581,35.548
32,5,5.0844,18.317,89.375,35.587
32,5,4.4647,18.387,89.193,35.087
32,5,3.3153,18.891,96.831,39.381
32,5,4.0956,19.111,101.72,42.378
32,5,3.9342,18.951,96.126,37.612
32,5,3.1975,19.211,97.542,39.368
32,5,4.0807,19.105,92.175,35.203
32,5,3.4081,18.293,86.721,32.742
32,5,3.7536,18.901,96.723,39.742
32,5,4.237,18.425,89.396,35.762
32,5,4.128,19.002,96.134,37.253
32,5,4.2585,18.713,92.014,36.011
32,5,5.1033,18.851,92.189,35.514
32,5,5.2978,19.371,98.625,38.546
32,5,4.6033,18.258,82.512,29.622
32,5,4.4519,18.642,92.865,37.476
32,5,4.8568,18.718,95.718,39.766
32,5,4.3981,19.205,104.7,44.754
32,5,3.295,18.996,96.889,39.078
32,5,3.8797,18.857,91.882,35.565
32,5,3.4954,18.342,88.645,33.724
32,5,4.7646,19.043,95.525,36.575
32,5,3.6925,18.434,93.686,38.773
32,5,3.6893,18.547,90.022,34.363
32,5,3.9928,19.435,100.89,40.397
32,5,4.1332,19.13,97.084,38.524
32,5,3.7683,18.6,91.021,36.096
32,5,5.5023,19.068,96.183,37.755
32,5,4.5433,19.723,105.72,41.708
32,5,4.1668,19.131,100.2,41.025
32,5,4.203,18.243,88.248,34.622
32,5,4.2462,19.221,94.584,34.564
32,5,4.756,18.443,91.792,37.056
32,5,6.0844,17.927,85.07,33.505
32,5,4.1997,18.848,95.528,38.075
32,5,4.0134,18.636,89.665,34.397
32,5,4.0331,18.742,93.334,37.558
32,5,4.3854,18.655,93.553,38.135
32,5,4.637,18.888,92.568,35.62
32,5,4.5727,19.021,95.124,37.814
32,5,4.071,19.158,102.09,41.96
32,5,3.6219,19.537,102.91,41.178
32,5,3.8232,17.902,82.969,32.218
32,5,4.1449,18.05,81.897,30.665
32,5,4.6734,18.117,86.601,33.893
32,5,5.1149,19.79,105.05,42.274
32,5,3.6676,18.992,94.41,37.233
32,5,3.5679,18.633,91.581,36.276
32,5,3.8543,18.58,88.482,33.479
32,5,4.2981,18.472,90.607,36.321
32,5,3.1221,18.117,88.671,35.442
32,5,4.3619,18.813,92.403,35.945
32,5,4.2387,19.447,96.333,36.595
32,5,3.7602,18.726,93.925,37.208
32,5,4.6765,18.325,87.872,34.345
32,5,5.1137,18.722,90.003,32.909
32,5,3.4043,18.648,91.898,36.303
32,5,4.6978,19.226,97.377,38.761
32,5,4.5192,18.11,85.584,33.249
32,5,5.5779,18.054,87.043,35.393
32,5,3.22,19.918,107.18,43.344
32,5,3.8618,18.03,88.463,35.855
32,5,4.3171,19.079,97.687,39.144
32,5,3.4143,17.731,85.216,35.054
32,5,5.2595,19.531,101.21,40.044
32,5,2.8808,18.933,95.18,38.246
32,5,4.1139,17.387,77.511,29.59
32,5,4.4384,18.477,92.706,37.127
32,5,3.6513,19.771,99.201,37.459
32,5,3.5651,18.194,89.052,35.937
32,5,4.1188,18.79,96.181,39.242
32,5,4.4956,19.037,97.111,37.672
32,5,3.77,19.327,98.016,39.015
32,5,6.3073,18.096,86.075,32.91
32,5,3.8625,19.111,94.238,36.191
32,5,4.5534,18.799,94.659,37.474
32,5,3.5167,18.729,96.046,38.329
32,5,4.0176,18.352,86.089,32.772
32,5,3.8827,18.221,84.235,32.245
32,5,5.2058,18.696,91.86,35.091
32,5,4.0467,18.846,93.44,36.982
32,5,4.105,18.151,87.213,34.025
32,5,4.5223,19.537,100.83,40.432
32,5,4.9494,18.142,84.955,32.763
32,5,4.0558,19.926,105.79,41.972
32,5,3.988,18.947,97.907,40.333
32,5,4.2373,17.779,81.796,31.507
32,5,3.1626,18.76,91.444,34.863
32,5,5.0447,17.398,78.85,30.296
32,5,3.5619,18.494,87.941,32.379
32,5,3.444,18.8,91.268,35.813
32,5,4.2885,19.103,91.72,33.915
32,5,4.4685,18.865,96.908,39.524
32,5,4.5281,18.473,94.231,39.199
32,5,4.298,19.608,102.85,41.307
32,5,4.8062,18.637,95.515,38.262
32,5,4.4736,17.66,81.034,31.552
32,5,3.657,19.016,94.134,36.426
32,5,4.4453,18.313,87.605,34.968
32,5,3.7297,18.508,89.923,35.103
32,5,4.9715,19.183,96.234,37.845
32,5,4.6139,19.539,103.28,41.464
32,5,4.0157,18.468,89.058,34.764
32,5,3.0497,18.74,91.455,34.632
32,5,4.155,18.565,88.655,32.536
32,5,3.2812,18.802,87.321,32.067
32,5,5.099,19.026,95.097,37.111
32,5,4.2922,19.12,98.287,39.914
32,5,5.4073,18.896,96.37,39.891
32,5,3.4685,18.756,95.398,38.489
32,5,4.7601,19.159,96.375,37.862
32,5,4.2913,18.785,93.471,37.247
32,5,5.7292,18.905,92.792,36.133
32,5,4.3396,18.166,86.2,33.002
32,5,4.2889,18.565,95.15,39.346
32,5,4.6246,19.782,103.1,40.669
32,5,4.1545,18.275,90.798,37.187
32,5,5.0956,18.734,89.694,33.408
32,5,4.1379,18.978,97.079,39.155
32,5,4.4451,18.307,86.706,33.277
32,5,4.0327,18.789,92.802,36.948
32,5,4.4344,18.569,91.198,35.135
32,5,4.3008,18.44,92.292,37.811
32,5,3.7857,18.933,95.607,38.36
32,5,5.0963,18.287,89.467,35.539
32,5,5.0414,18.69,94.757,38.932
32,5,3.7916,17.96,84.756,33.719
32,5,3.8584,18.685,93.605,37.877
32,5,3.968,18.63,88.866,34.448
32,5,3.2946,19.148,99.923,40.222
32,5,4.2378,18.795,87.433,27.543
32,5,4.3956,18.086,86.702,34.631
32,5,3.3821,19.021,100.26,41.173
32,5,3.4829,18.584,93.021,37.661
32,5,4.3979,18.535,91.345,36.604
32,5,4.7985,19.001,98.531,40.653
32,5,4.024,19.542,104.22,41.658
32,5,4.527,18.397,90.521,36.006
32,5,3.7673,18.634,92.056,36.255
32,5,5.1798,18.797,96.757,39.015
32,5,4.8327,17.849,84.309,33.442
32,5,5.3763,19.207,97.9,39.47
32,5,6.0793,18.369,88.412,34.712
32,5,5.6663,19.066,97.727,37.538
32,5,4.817,18.311,90.194,36.173
32,5,4.891,18.745,94.798,38.122
32,5,5.0258,18.279,87.554,33.924
32,5,3.7779,19.129,93.536,35.217
32,5,3.4885,19.016,95.24,37.26
32,5,4.7885,18.513,87.634,32.829
32,5,4.3999,17.469,80.628,31.109
32,5,4.4242,18.427,85.923,32.937
32,5,3.4527,18.721,95.19,38.968
32,5,4.0335,18.869,96.711,38.436
32,5,4.55,18.647,92.249,35.855
32,5,3.71,18.532,92.102,36.592
32,5,5.2124,18.322,86.502,34.536
32,5,3.3325,19.846,106.48,43.804
32,5,4.2799,19.2,98.535,38.847
32,5,5.3708,18.928,96.876,39.496
32,5,4.6666,18.77,88.992,33.192
32,5,3.9244,19.16,89.811,32.265
32,5,4.998,19.169,95.228,35.834
32,5,4.6864,19.197,96.4,36.428
32,5,5.3056,18.104,83.659,31.614
32,5,3.6019,19.07,96.979,38.651
32,5,4.6168,18.67,95.876,38.707
32,5,4.1532,18.668,86.479,31.298
32,5,4.6765,18.971,96.924,38.925
32,5,5.4588,18.913,95.322,37.537
32,5,5.1588,18.686,95.151,39.264
32,5,4.4994,18.423,91.712,36.925
32,5,3.6053,17.986,86.561,34.604
32,5,3.5816,18.614,88.462,33.967
32,5,3.7078,19.253,99.076,37.824
32,5,3.8415,19.121,101.45,42.603
32,5,5.1312,19.311,100.09,40.404
32,5,3.9908,19.347,97.845,38.295
32,5,4.205,18.25,91.577,36.921
32,5,4.184,17.684,84.231,34.19
32,5,3.8939,19.237,99.933,40.325
32,5,6.0393,18.456,91.146,36.363
32,5,4.296,19.203,99.885,40.188
32,5,3.334,18.989,98.352,40.357
32,5,3.5844,17.448,75.206,26.957
32,5,4.9502,18.62,96.406,40.158
32,5,4.3598,17.848,83.132,32.889
32,5,5.1693,17.913,79.995,29.422
32,5,4.1953,19.012,96.56,38.131
32,5,4.619,19.029,97.01,38.854
32,5,4.2331,18.108,84.243,31.933
32,5,3.9819,18.667,95.733,38.302
32,5,4.8096,18.427,88.867,34.928
32,5,3.9463,18.023,85.299,33.522
32,5,4.1259,17.915,81.396,31.509
32,5,3.7639,18.873,93.258,36.681
32,5,4.0675,19.589,103.78,42.141
32,5,4.3467,18.754,93.058,36.398
32,5,3.585,19.779,106.04,43.062
32,5,4.0201,18.481,93.366,37.646
32,5,3.7878,18.474,91.454,37.183
32,5,4.4361,18.071,85.707,33.485
32,5,5.104,18.451,91.274,36.568
32,5,3.6388,19.836,100.25,37.589
32,5,4.8016,18.404,92.293,37.423
32,5,3.6143,18.928,95.209,38.102
32,5,5.0277,19.189,101.69,41.609
32,5,4.5205,18.566,90.914,36.382
32,5,4.5996,18.746,93.764,37.235
32,5,4.0862,18.523,91.731,36.287
32,5,3.962,18.77,91.472,36.157
32,5,4.2917,18.332,88.43,35.748
32,5,4.104,19.214,95.177,36.141
32,5,3.6821,18.221,84.705,32.689
32,5,4.168,17.871,86.82,34.704
32,5,5.206,18.371,92.031,35.949
32,5,4.5599,18.449,87.016,32.276
32,5,3.1883,17.54,80.299,30.913
32,5,4.0796,18.578,90.813,36.343
32,5,3.4747,18.426,89.637,35.079
32,5,3.9354,17.938,84.016,32.359
32,5,4.6015,18.792,94.19,37.395
32,5,5.859,18.617,89.312,34.487
32,5,4.3202,18.841,93.472,36.508
32,5,4.0408,18.823,91.093,35.419
32,5,5.0456,19.3,101.08,41.034
32,5,4.0514,18.395,88.661,34.62
32,5,4.7652,17.431,77.007,28.518
32,5,3.7569,20.082,108.92,43.352
32,5,5.1513,18.549,89.64,34.973
32,5,4.3792,18.516,92.037,37.018
32,5,5.2199,19.004,96.173,37.725
32,5,3.7325,18.963,96.213,37.614
32,5,3.4446,19.329,95.217,36.347
32,5,5.1338,17.797,82.695,32.457
32,5,4.6809,18.974,95.936,38.239
32,5,4.7493,18.137,86.147,33.722
32,5,4.7183,18.776,94.574,37.625
32,5,4.3477,17.634,85.546,35.261
32,5,4.4508,18.78,89.578,34.053
32,5,3.4901,18.805,96.995,39.714
32,5,4.9748,18.613,91.851,36.019
32,5,3.5829,18.04,87.62,35.141
32,5,4.4873,18.338,85.588,31.932
32,5,4.4292,18.276,87.256,34.126
32,5,3.5739,18.763,96.996,37.777
32,5,4.9064,19.51,101.02,39.763
32,5,3.8221,18.2,87.005,34.529
32,5,3.8115,18.647,89.596,34.57
32,5,4.3284,19.248,96.793,37.106
32,5,4.4125,18.701,92.102,36.424
32,5,3.6107,19.359,99.392,40.098
32,5,3.2821,18.683,93.688,37.26
32,5,4.1252,18.724,92.625,35.476
32,5,3.7669,18.18,86.161,32.772
32,5,4.7139,19.069,99.778,41.817
32,5,3.9615,18.829,97.549,38.951
32,5,5.4218,18.625,92.18,36.209
32,5,4.2811,18.872,94.695,37.821
32,5,3.1016,18.725,88.108,32.22
32,5,4.0098,19.501,100.31,39.675
32,5,4.7054,19.221,97.139,38.328
32,5,3.769,17.937,84.746,33.306
32,5,4.8461,18.098,86.925,34.672
32,5,3.3293,18.97,97.852,39.791
32,5,4.467,18.983,97.492,39.683
32,5,4.6137,18.737,93.036,36.928
32,5,4.494,19.013,94.124,36.015
32,5,4.7643,18.442,93.058,37.302
32,5,6.7641,18.141,85.254,33.511
32,5,3.5281,18.963,93.263,36.494
32,5,4.494,18.992,96.177,37.007
32,5,4.2673,18.637,92.7,37.728
32,5,3.9441,19.141,98.38,40.016
32,5,4.412,17.594,82.307,32.493
32,5,4.508,18.878,92.275,35.221
32,5,5.2497,18.393,91.032,36.371
32,5,4.1866,18.524,95.809,39.586
32,5,4.7641,18.39,89.932,35.468
32,5,4.7138,18.938,95.478,38.6
32,5,4.733,18.741,88.549,33.624
32,5,4.3272,18.658,90.994,35.582
32,5,4.249,18.61,91.007,35.366
32,5,4.0762,19.928,106.15,42.268
32,5,5.0744,18.23,92.508,37.939
32,5,4.1512,18.67,96.03,39.364
32,5,3.5145,18.814,100.74,42.905
32,5,4.089,18.502,93.367,37.985
32,5,4.8002,19.433,100.1,38.492
32,5,4.2501,18.828,95.445,38.173
32,5,4.3552,18.769,88.587,33.728
32,5,3.6498,19.263,100.63,41.271
32,5,4.9546,18.123,87.037,34.78
32,5,5.1363,18.465,91.181,36.601
32,5,4.3372,18.416,92.74,38.203
32,5,4.3162,19.123,98.196,39.383
32,5,3.493,19.26,101.16,41.933
32,5,3.769,18.642,88.177,33.11
32,5,4.063,18.67,94.655,38.197
32,5,5.1482,18.262,88.22,34.429
32,5,4.6024,17.876,81.691,31.386
32,5,3.5334,18.272,90.5,35.943
32,5,3.9084,19.353,103.5,42.592
32,5,6.9786,18.769,97.756,40.558
32,5,3.7716,18.205,86.906,33.908
32,5,4.1142,19.008,93.395,36.403
32,5,3.9077,18.396,86.434,33.825
32,5,4.1073,19.809,103.18,38.872
32,5,3.6115,18.844,97.081,39.817
32,5,4.3574,19.567,104.76,42.975
32,5,4.313,18.759,93.391,36.964
32,5,4.4387,18.33,89.978,35.86
32,5,5.9465,18.397,90.914,37.38
32,5,4.5872,19.452,103.38,41.945
32,5,4.322,18.784,90.536,33.949
32,5,4.0108,18.392,89.701,35.731
32,5,4.0273,18.833,93.913,37.454
32,5,4.4606,19.049,96.278,38.53
32,5,5.8922,19.306,97.695,38.516
32,5,2.9991,19.678,106.77,43.345
32,5,3.9459,18.119,85.496,33.1
32,5,3.6529,18.961,95.842,37.469
32,5,4.1976,18.537,90.431,34.961
32,5,3.3494,18.855,98.489,40.684
32,5,4.1167,18.679,91.826,35.992
32,5,5.8036,17.844,85.425,33.812
32,5,3.687,18.993,97.386,39.468
32,5,4.699,19.265,101.02,41.214
32,5,4.7905,19.456,99.072,38.58
32,5,6.6205,18.66,93.99,38.127
32,5,3.4438,18.494,93.54,38.067
32,5,5.5432,19.08,95.906,38.49
32,5,4.9708,19.588,97.523,37.092
32,5,3.7149,19.472,99.065,37.624
32,5,7.5183,18.652,92.259,37.03
32,5,4.3067,18.54,90.697,35.051
32,5,3.1839,18.778,99.74,41.719
32,5,4.0139,18.523,93.313,38.295
32,5,3.882,19.525,100.35,39.807
32,5,5.3773,18.465,90.285,35.631
32,5,3.8852,18.989,97.807,39.095
32,5,4.0034,18.72,89.144,33.434
32,5,4.8001,18.67,97.941,41.401
32,5,3.6893,17.798,82.116,31.814
32,5,4.6372,18.328,90.318,35.997
32,5,3.3732,18.798,92.977,36.339
32,5,3.7444,18.912,96.85,37.473
32,5,6.961,18.937,92.128,34.745
32,5,3.666,17.861,85.688,34.446
32,5,4.4362,18.128,84.859,33.016
32,5,3.1488,18.641,91.34,35.431
32,5,4.8132,19.12,100.32,41.38
32,5,4.0253,18.72,95.172,37.915
32,5,3.4826,17.881,82.722,31.562
32,5,3.5278,18.85,96.649,39.038
32,5,4.6116,19.467,101.31,41.177
32,5,3.2404,17.965,83.227,32.567
32,5,4.0062,18.519,93.86,38.338
32,5,3.6289,18.163,87.744,34.859
32,5,6.0482,17.885,85.954,34.108
32,5,4.2222,18.658,93.782,37.086
32,5,5.2354,18.569,87.645,32.811
32,5,3.7449,19.082,97.411,39.333
32,5,3.5304,18.616,87.88,33.036
32,5,3.4235,18.574,92.366,37.023
32,5,3.4606,18.821,97.838,39.614
32,5,3.5904,18.443,86.96,33.269
32,5,4.2268,18.114,87.512,35.203
32,5,3.9406,18.993,93.631,35.703
32,5,3.8784,18.791,91.23,34.766
32,5,3.5953,19.213,100.62,41.281
32,5,3.2844,19.933,104.44,41.142
32,5,4.3857,18.487,87.989,33.128
32,5,3.8661,18.785,97.353,39.932
32,5,3.5699,18.516,88.506,34.129
32,5,3.1959,18.212,87.28,34.053
32,5,3.8032,18.585,95.546,39.351
32,5,4.7104,18.152,87.042,33.413
32,5,4.33,18.397,88.492,33.773
32,5,4.6061,18.661,95.649,39.218
32,5,5.4601,18.212,90.717,37.336
32,5,3.4916,18.822,96.237,38.902
32,5,4.7421,17.841,82.766,31.872
32,5,3.9616,18.922,98.778,40.473
32,5,4.3161,18.467,87.611,33.749
32,5,3.818,18.431,86.059,32.421
32,5,4.3219,19.541,100.97,38.54
32,5,4.1448,17.473,83.037,33.441
32,5,3.666,18.832,95.204,37.677
32,5,3.5894,18.68,88.099,33.1
32,5,4.9,19.289,93.506,33.225
32,5,5.1878,18.596,91.133,36.289
32,5,4.4194,18.576,91.826,35.903
32,5,4.8221,18.934,91.909,35.071
32,5,4.7813,18.834,95.039,37.336
32,5,4.2046,18.269,86.448,33.069
32,5,4.4614,19.289,99.694,40.087
32,5,4.1886,19.118,98.495,39.903
32,5,4.6884,18.615,87.764,30.219
32,5,4.6976,18.632,95.658,38.667
32,5,3.3484,19.815,106.82,41.89
32,5,4.648,19.211,97.515,38.397
32,5,3.7359,19.004,93.87,35.831
32,5,4.3473,18.469,88.719,34.568
32,5,4.5852,18.832,89.858,34.687
32,5,3.9972,19.146,97.867,38.849
32,5,3.4664,18.829,94.512,37.921
32,5,4.3971,19.07,99.312,40.463
32,5,3.8216,18,83.5,32.077
32,5,4.7852,18.781,93.995,36.959
32,5,4.2895,18.284,88.646,34.998
32,5,3.3365,18.417,88.889,35.168
32,5,4.0062,18.183,86.693,34.348
32,5,4.1722,19.018,98.631,40.369
32,5,4.6908,18.62,93.824,37.88
32,5,4.4809,18.04,82.438,31.018
32,5,3.8368,19.126,94.018,34.886
32,5,4.3803,19.742,101.94,40.406
32,5,3.5018,18.295,90.534,36.502
32,5,3.7371,18.292,87.965,34.377
32,5,4.2859,17.963,87.002,35.548
32,5,5.0011,19.045,94.305,36.527
32,5,3.8785,18.635,94.514,38.704
32,5,4.7856,18.315,87.432,34.242
32,5,4.7952,19.151,97.299,38.986
32,5,4.2321,19.093,99.574,40.987
32,5,3.9846,19.127,99.949,41.334
32,5,3.8242,18.505,92.644,37.888
32,5,6.4905,17.73,84.317,33.083
32,5,3.3813,18.618,87.765,33.004
32,5,4.0462,18.849,90.852,34.276
32,5,4.4384,18.473,88.704,34.347
32,5,4.1383,18.58,92.993,37.91
32,5,4.8544,18.884,94.432,36.229
32,5,5.3537,18.801,88.186,32.489
32,5,4.5599,18.992,98.573,39.636
32,5,6.3102,18.353,87.424,34.031
32,5,4.3706,18.609,89.976,33.745
32,5,4.5266,18.419,88.974,35.573
32,5,4.1198,18.164,85.865,33.275
32,5,5.9347,18.377,89.095,34.66
32,5,3.7417,17.999,88.269,35.796
32,5,3.868,19.044,100.08,40.941
32,5,5.7005,17.625,81.268,31.736
32,5,6.463,18.869,94.534,37.538
32,5,4.1071,19.299,96.109,36.958
32,5,4.0122,19.173,93.975,35.075
32,5,2.8975,18.374,87.216,33.732
32,5,4.3898,18.224,87.496,34.084
32,5,3.7718,18.448,87.983,33.075
32,5,4.3836,17.996,86.413,33.147
32,5,5.0071,18.579,93.767,37.892
32,5,5.3771,18.109,82.019,29.04
32,5,3.3688,18.159,87.215,34.524
32,5,4.5766,18.189,86.502,33.747
32,5,4.6093,19.643,104.4,42.593
32,5,3.7828,18.589,91.946,36.698
32,5,3.744,19.035,95.106,37.374
32,5,4.1148,18.341,88.101,34.75
32,5,5.1094,19.65,100.75,39.365
32,5,4.6759,18.472,90.178,34.973
32,5,4.3088,18.517,94.772,38.925
32,5,3.9022,19.332,103.49,42.219
32,5,4.9117,18.389,90.509,36.015
32,5,3.4658,18.41,86.462,32.54
32,5,4.4698,18.955,94.642,37.147
32,5,3.4935,18.348,87.371,33.597
32,5,4.0026,18.791,91.524,35.546
32,5,4.4381,19.153,97.507,38.617
32,5,3.8758,19.119,96.953,38.641
32,5,3.8278,18.25,89.211,34.635
32,5,4.2389,19.052,97.037,38.768
32,5,3.5573,19.172,102.38,41.811
32,5,4.1325,19.221,96.974,38.962
32,5,4.8209,19.265,100.34,40.669
32,5,3.6196,19.234,99.811,40.477
32,5,5.0696,17.929,82.696,31.439
32,5,4.1387,18.209,85.695,32.631
32,5,3.3856,18.262,86.042,33.366
32,5,3.8474,19.233,99.564,39.527
32,5,4.6086,17.428,85.553,35.842
32,5,4.0654,18.414,90.758,36.877
32,5,3.7196,19.064,100.69,40.775
32,5,4.6075,19.117,96.115,38.609
32,5,4.0046,17.768,85.346,34.378
32,5,5.1642,18.43,93.647,38.26
32,5,4.1249,18.704,95.413,39.05
32,5,4.6833,19.096,97.784,38.438
32,5,3.5491,18.989,95.761,38.132
32,5,4.1155,18.232,87.098,33.784
32,5,4.214,18.486,93.269,37.501
32,5,4.0328,17.995,85.815,34.29
32,5,4.5624,18.479,90.825,36.502
32,5,3.9599,18.253,85.374,32.096
32,5,4.7706,18.857,92.315,35.436
32,5,5.3063,18.595,86.177,31.932
32,5,4.0747,18.485,94.727,39.415
32,5,5.3366,18.181,86.515,33.873
32,5,4.5869,18.089,88.641,36.347
32,5,3.4202,18.698,96.622,39.673
32,5,4.6579,18.906,95.633,37.753
32,5,4.5264,17.842,82.374,31.603
32,5,5.908,19.122,98.171,39.727
32,5,4.6859,18.508,88.948,35.372
32,5,4.1029,18.494,90.815,36.343
32,5,4.4444,18.315,90.65,37.382
32,5,5.7318,18.783,88.941,33.16
32,5,3.1056,18.406,90.575,36.34
32,5,3.648,18.465,92.902,37.436
32,5,3.8707,18.66,92.147,35.553
32,5,3.4834,18.867,90.958,34.684
32,5,5.4219,18.703,93.15,36.919
32,5,3.2991,19.227,98.645,39.077
32,5,5.6709,17.267,75.448,28.085
32,5,4.6933,18.982,98.934,39.739
32,5,3.9853,18.38,94.372,39.832
32,5,3.5591,18.885,95.216,38.658
32,5,4.6783,18.497,92.169,36.775
32,5,3.3099,18.565,98.221,42.869
32,5,4.006,17.889,87.704,34.775
32,5,4.0445,18.812,92.153,35.881
32,5,5.1173,18.045,87.209,33.112
32,5,5.1802,18.384,83.934,31.162
32,5,3.7553,19.257,97.189,37.835
32,5,4.3077,18.584,94.368,38.495
32,5,4.4521,18.545,90.515,35.301
32,5,4.7291,19.205,98.262,39.821
32,5,4.409,18.9,96.135,39.056
32,5,4.9177,18.862,92.587,35.184
32,5,4.4632,18.171,87.816,34.968
32,5,4.7624,18.158,90.963,38.44
32,5,3.7245,19.26,100.75,41.079
32,6,4.24,20.801,119.64,49.425
32,6,4.7381,20.355,111.85,45.47
32,6,3.4871,20.554,114.93,47.287
32,6,4.1156,20.064,111.25,45.414
32,6,5.9251,20.95,117.08,46.084
32,6,5.3049,20.378,117.15,49.868
32,6,3.8571,19.864,109.52,45.587
32,6,4.9004,21.241,127.01,53.964
32,6,4.4551,19.624,114.43,50.49
32,6,4.913,20.022,104.5,40.024
32,6,4.9278,21.194,126,51.896
32,6,3.9176,21.2,122.08,48.618
32,6,4.0581,20.573,119.35,50.145
32,6,4.3266,21.403,123.73,49.705
32,6,4.1878,19.949,115.02,49.378
32,6,4.0783,20.347,110.15,44.366
32,6,4.9599,20.111,112.13,46.701
32,6,5.0522,20.27,115.43,48.36
32,6,4.0856,20.722,113.23,43.734
32,6,6.2261,20.219,107.65,41.885
32,6,3.2145,19.984,112.19,46.481
32,6,4.6216,20.602,113.09,45.4
32,6,3.7746,19.533,103.09,41.502
32,6,3.8545,20.059,109.28,42.678
32,6,4.2094,20.307,108.86,42.452
32,6,4.1613,20.271,111.82,44.586
32,6,5.1781,20.36,115.34,48.536
32,6,5.0963,20.185,113.44,45.661
32,6,5.1789,20.158,106.85,41.419
32,6,5.8891,19.198,103.9,43.967
32,6,3.7095,20.546,116.59,47.85
32,6,4.1179,19.344,99.098,39.583
32,6,4.1308,19.644,107.55,44.918
32,6,4.227,21.634,127.15,50.531
32,6,4.3831,20.575,113.52,45.56
32,6,3.1206,20.811,121.54,51.333
32,6,4.1618,19.875,112.15,46.647
32,6,4.6857,20.745,114.61,43.973
32,6,4.6092,18.98,93.938,36.245
32,6,6.5111,21.54,125.61,51.794
32,6,4.9749,19.672,105.84,43.482
32,6,3.8178,20.804,121.98,51.561
32,6,4.4156,20.637,116.6,47.896
32,6,4.0931,20.759,116.31,47.26
32,6,5.0175,20.298,114.7,48.062
32,6,3.9593,20.11,108.84,44.268
32,6,3.7595,19.409,100.33,39.946
32,6,3.9856,19.686,104.26,41.122
32,6,4.6543,20.922,114.25,44.136
32,6,4.6521,20.473,112.97,44.993
32,6,3.9046,21.041,115.83,46.246
32,6,5.0801,20.259,115.32,49.69
32,6,5.8644,20.14,106.39,41.813
32,6,4.9733,20.612,116.33,48.592
32,6,4.7383,20.47,111.81,44.167
32,6,3.8349,21.031,117.76,45.405
32,6,3.9082,20.597,112.11,43.973
32,6,6.1427,21.04,119,46.832
32,6,3.9752,20.164,105.09,39.593
32,6,6.1841,20.594,113.46,45.142
32,6,5.2164,20.244,111.45,46.447
32,6,3.4276,19.98,106.1,42.356
32,6,4.2008,20.251,109.59,42.947
32,6,4.6375,19.653,107.92,45.367
32,6,6.0782,20.608,123.28,54.281
32,6,4.349,20.584,115.61,46.58
32,6,3.5243,20.556,114.86,46.644
32,6,4.9508,20.531,113.66,46.034
32,6,3.1454,19.992,108.56,43.227
32,6,4.4083,21.721,128.84,53.047
32,6,4.4904,20.495,115.59,47.7
32,6,3.6779,20.22,118.78,51.261
32,6,3.8261,20.831,118.95,48.514
32,6,3.6839,20.525,114.97,46.706
32,6,5.7676,20.494,114.87,48.064
32,6,4.6164,20.446,117.85,50.277
32,6,3.8943,20.342,108.88,41.016
32,6,3.5823,20.211,110.35,44.331
32,6,3.621,20.236,111.86,46.067
32,6,4.1029,20.145,106.3,41.392
32,6,5.3384,20.6,112.61,44.767
32,6,4.8038,20.301,115.29,48.129
32,6,4.1878,20.087,107.3,42.285
32,6,4.0899,19.993,109,44.77
32,6,4.2943,19.852,104.8,41.634
32,6,3.6785,20.692,124.05,53.271
32,6,5.6645,20.382,112.69,46.312
32,6,6.8246,19.719,108.66,45.527
32,6,4.3346,20.5,117.6,48.169
32,6,4.2146,20.338,110.39,43.929
32,6,4.0435,21.029,125.82,53.305
32,6,4.8184,20.879,126.52,55.131
32,6,5.1532,21.178,125.36,52.455
32,6,5.5696,19.875,108.25,44.636
32,6,5.4653,20.362,111.47,45.169
32,6,5.2189,19.691,108.5,45.87
32,6,5.5732,20.938,123.55,51.434
32,6,4.4035,19.73,108.15,44.859
32,6,4.3032,20.305,118.25,50.242
32,6,4.6364,19.277,100.77,41.706
32,6,4.2881,19.854,108.01,44.966
32,6,5.2164,20.514,112.51,45.694
32,6,3.7082,20.934,119.12,47.674
32,6,3.9864,20.982,120.85,50.671
32,6,4.4626,20.73,116.52,47.031
32,6,3.4092,20.626,115.13,46.142
32,6,5.6227,20.713,115.15,46.843
32,6,4.947,20.635,119.8,50.783
32,6,4.1904,21.276,127.02,53.354
32,6,4.4078,20.547,114.69,46.892
32,6,3.963,20.045,106.38,41.526
32,6,4.6031,20.172,112.96,47.166
32,6,4.3566,20.721,117.21,47.927
32,6,5.0055,20.729,121.75,50.713
32,6,3.8925,20.622,118.09,48.879
32,6,3.8172,20.467,117.62,49.018
32,6,4.2143,19.889,105.16,41.951
32,6,4.3713,20.861,115.96,45.879
32,6,4.0657,20.468,113.17,45.822
32,6,4.5855,20.147,107.11,42.05
32,6,4.1663,19.968,107.32,42.811
32,6,4.1629,20.627,114.32,45.754
32,6,3.9529,20.188,111.84,46.423
32,6,6.1641,19.257,103.85,44.177
32,6,4.6695,20.276,110.56,44.76
32,6,3.782,21.38,125.59,51.932
32,6,6.2585,20.003,108.04,43.496
32,6,3.8149,20.512,113.1,45.47
32,6,3.7277,20.133,109.34,44.386
32,6,4.0711,20.039,112.59,47.855
32,6,3.4671,19.647,101.35,38.555
32,6,3.9247,20.508,107.43,40.085
32,6,5.7126,20.769,118.34,48.801
32,6,4.2461,21.052,122.2,50.176
32,6,4.3103,20.784,115.57,45.512
32,6,5.1479,19.654,104.86,42.337
32,6,3.9788,19.975,107.22,43.461
32,6,4.5359,20.409,117.02,48.76
32,6,3.9714,19.586,104.11,42.605
32,6,4.3173,19.931,109.48,45.522
32,6,4.0208,20.134,107.81,42.664
32,6,3.6986,20.368,112.17,46.239
32,6,5.498,19.006,99.008,39.293
32,6,3.8816,21.294,120.58,47.079
32,6,4.4327,20.772,122.44,51.68
32,6,4.7004,20.351,110.96,44.394
32,6,3.2949,19.775,104.67,41.69
32,6,5.1562,19.781,106.04,43.192
32,6,4.8045,20.803,115.44,44.747
32,6,4.8324,20.83,119.29,49.152
32,6,4.236,20.266,108.52,42.324
32,6,4.6114,20.42,118.37,50.569
32,6,4.5936,21.274,122.1,49.768
32,6,4.2563,19.85,109.6,45.414
32,6,4.8482,20.306,110.11,42.273
32,6,3.9738,20.453,109.43,42.655
32,6,4.1745,20.052,105.92,41.625
32,6,5.5825,19.825,108.45,44.399
32,6,6.4839,19.997,110.62,45.192
32,6,4.1839,19.334,102.27,41.1
32,6,3.9013,19.244,101.07,41.151
32,6,4.1331,20.352,111.08,44.577
32,6,5.8692,20.476,112.43,44.81
32,6,4.9564,20.627,119.97,50.487
32,6,4.243,19.879,110.48,46.056
32,6,4.2523,21.186,119.72,48.266
32,6,3.7495,21.087,118.6,46.627
32,6,5.8771,19.935,110.91,46.458
32,6,3.9466,20.19,114.77,47.86
32,6,6.9884,20.309,111.75,45.967
32,6,4.5555,19.881,102.55,39.771
32,6,3.793,20.174,106.2,40.966
32,6,3.4454,20.347,115.75,48.34
32,6,3.3947,20.45,112.28,44.743
32,6,5.5135,21.081,123.14,51.633
32,6,4.646,19.695,102.38,39.009
32,6,6.0893,20.34,110.73,45.272
32,6,4.8742,19.689,105.6,42.707
32,6,5.3189,20.905,117.72,47.995
32,6,4.894,21.122,122.52,50.016
32,6,4.0235,20.394,110.36,42.506
32,6,4.2126,20.454,108.42,41.142
32,6,4.3036,20.267,108.91,43.445
32,6,5.1638,20.741,114.94,46.196
32,6,5.4959,20.317,119.77,51.905
32,6,4.3168,21.035,118.07,47.045
32,6,4.7203,19.883,108.31,44.467
32,6,5.0672,20.873,122.47,51.894
32,6,4.3063,20.009,107.46,44.226
32,6,4.7501,20.691,113.97,46.693
32,6,4.3724,20.734,117.96,47.535
32,6,3.6736,20.187,105.2,39.831
32,6,4.8752,20.081,111.55,46.323
32,6,3.8058,19.502,103.58,42.745
32,6,4.2854,20.575,114.89,46.04
32,6,5.0356,20.736,114.07,44.6
32,6,4.6196,19.723,103.34,40.661
32,6,4.4898,19.739,101.03,39.09
32,6,4.9388,20.312,112.37,46.336
32,6,4.2682,20.585,111.71,43.768
32,6,3.6907,20.595,114.32,46.665
32,6,5.4528,20.835,116.82,45.924
32,6,3.8423,19.265,105.04,44.131
32,6,4.585,19.754,108.09,44.6
32,6,3.8694,20.807,115.53,44.739
32,6,7.3332,19.433,103.07,42.224
32,6,4.2129,20.792,117.2,48.291
32,6,4.8999,19.819,102.76,40.444
32,6,3.3199,21.673,130.96,54.464
32,6,3.6998,20.063,115.24,49.758
32,6,4.5038,21.189,124.35,51.457
32,6,3.8225,20.744,118.81,49.982
32,6,4.7186,20.758,118.73,48.505
32,6,4.4737,20.775,117.61,47.154
32,6,3.8011,20.879,117.75,48.052
32,6,4.4186,19.485,107.15,44.902
32,6,3.7748,20.086,110.24,43.035
32,6,4.7053,20.082,107.4,42.657
32,6,4.9544,20.366,115.66,48.65
32,6,4.9648,20.671,122.86,52.806
32,6,4.8084,20.609,113.84,45.737
32,6,5.1163,20.116,110.18,44.878
32,6,6.1605,19.997,111.34,46.394
32,6,4.3824,20.167,115.91,49.535
32,6,4.0892,20.509,116,47.963
32,6,4.8294,20.991,119.68,48.632
32,6,4.058,20.528,116.12,48.03
32,6,4.7006,20.064,109.4,44.239
32,6,4.1778,20.158,109.54,43.882
32,6,4.4931,20.239,108.34,41.576
32,6,5.5851,20.449,114.72,47.485
32,6,3.4261,21.093,122.43,49.796
32,6,4.1425,20.082,105.77,41.571
32,6,4.4735,20.352,112.42,44.949
32,6,3.8566,20.786,119.17,47.794
32,6,3.6853,20.259,113.37,47.129
32,6,3.6254,19.937,110.31,44.88
32,6,4.3997,19.452,100.58,39.238
32,6,4.1025,20.232,110.87,45.027
32,6,4.3545,20.513,108.06,42.01
32,6,4.7233,21.336,122.52,49.859
32,6,4.116,20.381,118.25,51.155
32,6,3.823,20.334,110.58,43.87
32,6,4.4708,19.942,108.58,44.106
32,6,5.118,20.1,109.84,44.982
32,6,3.6705,20.23,110.11,43.896
32,6,4.7907,20.216,108.43,43.274
32,6,3.6878,20.351,114.07,47.019
32,6,4.7455,20.87,119.87,49.844
32,6,3.991,20.804,119.32,48.819
32,6,3.8279,20.099,109.71,44.1
32,6,5.9536,20.378,112.98,46.659
32,6,5.0354,20.051,108.24,43.111
32,6,4.8367,20.008,109.5,43.82
32,6,4.1404,20.484,109.5,42.687
32,6,4.2025,20.728,118.11,48.059
32,6,4.197,20.483,116.16,47.496
32,6,6.6498,20.909,118.62,48.298
32,6,4.4412,20.194,114.88,48.319
32,6,3.1128,20.778,114.03,44.831
32,6,3.9668,20.157,113.43,46.697
32,6,3.6233,21.281,127.2,53.938
32,6,4.7464,19.786,105.99,43.461
32,6,4.4411,19.995,111.35,46.665
32,6,4.5393,19.437,106.64,45.445
32,6,5.0448,19.728,102.26,39.607
32,6,3.6628,20.211,112.76,45.171
32,6,4.3346,20.027,106.98,42.818
32,6,5.109,20.236,109.48,44.033
32,6,5.6885,20.321,113.14,45.226
32,6,3.3982,20.419,108.09,40.052
32,6,5.0373,20.161,112.43,45.015
32,6,4.0351,20.234,110.08,43.978
32,6,4.6122,19.939,105.64,41.087
32,6,4.6364,20.161,113.95,48.407
32,6,5.3971,20.349,112.03,44.738
32,6,4.1216,19.402,103.94,43.187
32,6,6.0886,19.762,101.63,40.247
32,6,5.784,20.906,113.96,43.9
32,6,4.0778,21.151,125.09,52.351
32,6,5.0576,21.407,130.98,56.418
32,6,5.6835,19.858,113.8,49.661
32,6,3.4233,20.455,112.66,44.937
32,6,3.3651,20.493,116.73,48.169
32,6,5.0267,19.366,100.37,40.204
32,6,5.0347,20.265,111.56,46.058
32,6,4.7683,20.029,110.71,45.138
32,6,4.5255,20.114,111.58,46.377
32,6,4.044,20.572,109.7,42.386
32,6,4.9414,19.605,103.21,40.589
32,6,5.1706,19.903,108.09,42.611
32,6,4.203,19.785,109.25,46.278
32,6,4.2126,20.058,106.85,40.802
32,6,3.8076,20.825,116.24,46.084
32,6,6.1872,20.413,116.7,48.735
32,6,6.457,19.185,103.59,44.252
32,6,5.2605,21.361,122.25,48.305
32,6,6.2447,20.288,114.49,48.26
32,6,4.8936,20.083,111.19,45.95
32,6,4.1235,20.55,113.25,43.687
32,6,3.7,21.394,129.9,55.848
32,6,4.8661,20.8,121.16,50.373
32,6,4.2746,21.135,119.74,48.337
32,6,4.455,20.875,119.75,49.181
32,6,5.328,20.209,113.4,47.084
32,6,4.0442,20.386,115.9,48.158
32,6,3.9085,20.969,117.03,47.416
32,6,4.49,20.931,122.61,51.769
32,6,3.7404,20.819,119.78,49.635
32,6,4.756,20.327,111.51,44.165
32,6,3.6589,21.299,124.66,51.964
32,6,4.2467,19.976,110.14,45.428
32,6,3.9402,21.723,131.6,53.663
32,6,3.9972,20.574,115.22,47.453
32,6,5.0895,20.253,110.49,44.403
32,6,4.5654,21.539,127.41,52.815
32,6,3.7683,20.016,101.82,39.438
32,6,5.2614,20.6,113.42,45.549
32,6,4.037,19.218,106.17,45.9
32,6,5.5414,20.964,121.5,51.073
32,6,4.5289,19.81,109.08,45.723
32,6,3.6618,21.046,123.59,51.237
32,6,5.1079,20.773,116.19,46.577
32,6,3.6122,21.212,123.48,50.505
32,6,4.1851,20.61,114.66,44.891
32,6,4.6805,20.794,116.82,46.303
32,6,4.1,19.444,101.69,40.72
32,6,4.0487,20.71,112.45,43.912
32,6,4.4184,19.825,108.81,44.731
32,6,4.8579,21.152,120.52,48.319
32,6,3.9602,19.576,105.38,43.198
32,6,5.3948,20.743,115.02,44.871
32,6,6.4207,20.669,114.08,44.445
32,6,3.487,20.122,107.07,41.635
32,6,4.5332,20.642,114.76,46.758
32,6,3.7141,20.301,113.63,46.216
32,6,3.5039,21.104,124.59,52.269
32,6,4.4116,21.393,123.3,49.495
32,6,4.9979,20.583,114.9,46.887
32,6,4.6117,21.123,123.9,51.375
32,6,4.6814,20.473,117.9,50.072
32,6,3.8666,19.598,106.32,43.675
32,6,3.4321,20.682,118.11,48.641
32,6,5.1713,20.285,108.88,42.855
32,6,3.9815,20.437,116.31,48.472
32,6,4.1342,19.801,105.13,42.459
32,6,4.5406,20.44,116.35,48.588
32,6,4.82,20.642,113.31,44.596
32,6,3.945,20.526,116.56,48.456
32,6,4.5904,20.013,109.91,44.399
32,6,4.8253,19.361,98.146,38.272
32,6,5.3613,19.655,105.53,42.625
32,6,6.1571,20.63,112.4,44.485
32,6,4.9509,19.516,104.67,42.435
32,6,4.0791,19.735,105.61,43.22
32,6,5.1326,20.405,116.24,47.226
32,6,5.2717,20.191,110.32,44.426
32,6,5.1313,20.11,107,41.808
32,6,4.3917,20.668,114.46,45.249
32,6,5.485,20.258,116.13,48.415
32,6,4.6861,20.685,110.77,43.012
32,6,4.2689,20.139,111.13,44.821
32,6,3.668,20.941,114.43,42.673
32,6,4.56,20.581,114.29,46.175
32,6,5.3157,19.605,101.79,39.823
32,6,5.9804,21.396,124.05,48.86
32,6,3.7508,20.714,115.68,46.354
32,6,3.9185,20.071,103.22,39.185
32,6,3.3227,20.264,114.6,48.357
32,6,4.7638,20.804,117.46,48.584
32,6,4.9089,19.649,106.43,44.371
32,6,4.3298,19.702,106.94,44.42
32,6,5.5742,21.006,127.11,54.511
32,6,4.9727,20.475,110.18,43.394
32,6,5.0476,20.526,115.67,47.424
32,6,5.4067,22.027,137.78,58.553
32,6,4.0627,20.2,109.82,44.339
32,6,4.323,20.21,111.79,45.89
32,6,4.9812,20.585,109.88,42.426
32,6,5.543,20.672,114.6,46.225
32,6,3.8393,20.554,118.89,50.028
32,6,4.66,20.115,107.54,42.758
32,6,3.3162,20.386,118.52,50.38
32,6,6.0222,20.292,113.9,47.108
32,6,3.9734,20.317,111.26,44.654
32,6,4.0183,20.799,122.01,51.953
32,6,3.3348,20.264,116.19,48.965
32,6,6.7315,19.588,109.25,46.655
32,6,6.0755,20.442,114.35,46.041
32,6,4.6706,20.436,113.18,46.969
32,6,5.425,20.454,114.87,47.032
32,6,4.4388,19.787,106.95,43.492
32,6,5.2321,20.586,116.08,47.013
32,6,5.886,20.458,116.18,48.686
32,6,3.6085,20.397,112.64,45.892
32,6,3.4128,20.697,115.21,46.528
32,6,3.7309,19.765,102.63,39.279
32,6,3.4737,20.243,111.01,45.217
32,6,4.1137,20.09,108.27,43.688
32,6,4.3157,21.246,123.71,51.124
32,6,5.0514,20.148,106.35,41.029
32,6,4.7901,20.212,114.01,47.319
32,6,3.9506,20.301,112.45,46.875
32,6,3.8566,20.789,119.63,49.46
32,6,3.6646,19.828,104.38,41.307
32,6,3.6453,19.519,102.25,41.68
32,6,3.6528,20.583,116.6,47.476
32,6,5.0428,20.296,110.35,44.268
32,6,4.3994,20.594,119.07,49.505
32,6,3.8158,21.419,120.65,46.532
32,6,4.0197,20.586,113.57,44.409
32,6,4.9626,20.707,113.46,43.062
32,6,5.3128,20.387,115.29,48.107
32,6,3.9193,21.355,127.33,52.525
32,6,4.4177,20.526,118.82,50.661
32,6,4.1292,20.575,115.77,47.811
32,6,3.5297,20.424,116.12,48.477
32,6,4.1994,20.969,118.97,48.343
32,6,4.3257,20.491,112.81,44.935
32,6,4.2326,20.568,112.61,44.523
32,6,4.245,21.03,123.52,51.822
32,6,4.5144,20.165,109.95,42.744
32,6,4.1816,20.847,119.81,50.584
32,6,4.0079,19.788,102.56,40.969
32,6,4.7474,20.74,117.91,48.123
32,6,4.6423,20.342,110.43,43.968
32,6,4.7378,20.39,115.62,48.25
32,6,4.6857,19.7,106.51,43.833
32,6,4.5293,19.67,100.27,37.469
32,6,4.566,20.242,109.64,45.049
32,6,3.4797,20.257,113.69,46.854
32,6,4.5547,20.525,115.07,46.75
32,6,3.512,20.425,115.55,47.75
32,6,4.3013,20.523,116.37,48.55
32,6,4.7116,20.398,116.13,48.35
32,6,5.5134,20.318,111.28,45.817
32,6,4.3784,21.098,126.14,53.558
32,6,5.3846,19.627,104.88,41.956
32,6,5.1577,20.448,116.18,48.142
32,6,4.6873,19.616,101.82,40.409
32,6,5.166,20.966,122.56,51.029
32,6,4.4197,19.758,102.22,39.775
32,6,4.4352,20.065,110.96,45.662
32,6,4.5828,20.581,117.19,48.642
32,6,4.5672,21.342,124.79,50.892
32,6,4.1716,19.584,106.17,43.945
32,6,4.6082,19.687,105.31,42.708
32,6,5.0505,19.864,109.09,45.513
32,6,5.2762,20.615,116.84,46.708
32,6,4.1953,20.059,110.65,45.691
32,6,4.202,20.626,114.93,46.766
32,6,3.7356,20.443,116.96,49.123
32,6,3.7167,21.22,121.09,48.392
32,6,4.3869,19.436,103.92,42.373
32,6,4.0444,21.18,124.06,51.268
32,6,3.9161,19.66,105.44,43.825
32,6,3.4217,20.319,111.3,44.31
32,6,4.9211,21.327,125.35,52.6
32,6,5.0039,20.674,119.29,49.761
32,6,5.4206,20.342,113.22,46.585
32,6,4.4061,20.861,116.98,47.451
32,6,7.0821,21.395,127.38,53.409
32,6,3.6526,20.844,119.04,49.552
32,6,6.2069,19.725,106.22,43.955
32,6,5.322,19.647,104.36,41.792
32,6,4.6371,20.505,113.6,45.177
32,6,3.3305,20.265,112.66,46.921
32,6,3.4585,20.208,109.74,43.079
32,6,4.7251,20.499,116.25,47.564
32,6,3.6482,19.717,110.64,46.997
32,6,3.4562,21.379,128.37,54.46
32,6,3.8389,20.65,113.8,45.248
32,6,4.1436,20.734,116.69,47.443
32,6,5.2434,20.405,111.62,44.41
32,6,3.8745,20.792,116.29,46.324
32,6,4.3792,20.459,113.38,45.724
32,6,4.4344,21.128,121.75,47.845
32,6,4.5068,20.639,117.15,48.384
32,6,4.3672,21.111,121.95,49.236
32,6,4.0917,19.76,104.25,41.286
32,6,5.2293,21.067,120.78,48.758
32,6,4.0421,19.639,106.23,43.302
32,6,4.5619,20.75,112.5,43.995
32,6,5.1865,20.065,104.52,40.741
32,6,4.1504,19.773,105.9,41.905
32,6,4.261,20.438,110.05,43.644
32,6,5.2745,19.854,105.21,42.175
32,6,5.3084,21.076,118.92,47.498
32,6,5.118,20.224,107.2,42.495
32,6,8.0452,20.199,104.97,37.286
32,6,4.8742,21.143,125.29,52.502
32,6,3.9018,20.991,120.15,49.92
32,6,4.3938,20.258,113.45,47.406
32,6,4.6656,20.401,110.42,43.324
32,6,3.9326,19.084,97.467,39.07
32,6,5.9214,20.731,113.9,43.661
32,6,4.1544,20.565,113.06,42.952
32,6,4.5508,20.116,108.93,43.175
32,6,4.1148,20.148,112.8,46.074
32,6,3.9998,21.339,127.2,53.023
32,6,5.3216,19.96,108.41,45.023
32,6,4.5494,20.706,121.85,51.462
32,6,4.4501,20.379,113.19,45.375
32,6,4.8778,20.729,117.44,46.548
32,6,4.2119,19.061,102.61,43.42
32,6,4.2538,20.333,116.06,48.775
32,6,3.9815,20.167,111.51,45.119
32,6,5.4757,21.244,122.25,50.137
32,6,4.7578,20.641,118.74,49.531
32,6,5.3501,20.101,107.97,42.578
32,6,4.3657,20.539,111.36,42.18
32,6,4.8456,20.15,110.42,45.655
32,6,5.0657,19.672,106.22,43.83
32,6,4.1588,19.222,100.33,40.714
32,6,3.7866,20.697,116.17,46.13
32,6,4.3408,19.68,106.3,42.16
32,6,4.1755,19.505,104.86,43.464
32,6,4.6138,20.906,123.48,51.537
32,6,4.9004,19.914,106.07,42.647
32,6,4.8322,19.007,99.565,41.196
32,6,4.1194,19.457,106.17,44.327
32,6,4.4123,19.761,105.98,43.31
32,6,5.0757,20.229,112.66,46.893
32,6,4.287,21.696,128.39,52.346
32,6,3.9797,19.013,98.249,40.237
32,6,5.1045,20.132,110.61,44.743
32,6,4.8659,20.055,108.67,44.256
32,6,6.6305,20.369,108.42,42.416
32,6,4.6836,21.052,120.75,50.241
32,6,5.7823,20.654,117.83,48.471
32,6,5.5862,19.714,109.04,45.975
32,6,4.2331,20.135,111.87,46.559
32,6,4.8243,20.58,116.74,47.115
32,6,4.2625,20.162,110.76,45.612
32,6,3.7532,20.697,117.26,47.564
32,6,3.8943,21.049,117.25,46.312
32,6,3.9848,20.368,110.27,43.043
32,6,4.0092,20.125,108.8,44.082
32,6,3.587,20.959,120.4,49.934
32,6,4.0081,20.347,113.13,45.672
32,6,3.554,20.395,113.44,47.148
32,6,5.0878,20.118,111.22,46.315
32,6,3.5845,21.49,124.47,49.96
32,6,4.5621,20.129,116.3,49.153
32,6,3.7544,20.207,113.89,47.946
32,6,4.5717,19.301,99.64,39.609
32,6,5.8709,19.978,109.12,44.858
32,6,3.7632,20.654,114.51,46.46
32,6,4.6361,20.077,110.94,45.71
32,6,4.0378,20.876,117.79,46.571
32,6,4.8475,19.809,105.36,41.465
32,6,4.3323,21.028,118.89,48.368
32,6,5.3112,20.356,118.14,49.591
32,6,3.8455,20.303,116.95,48.263
32,6,3.9724,20.592,117.7,49.118
32,6,4.2882,20.709,112.63,43.692
32,6,3.795,19.621,102.96,41.95
32,6,3.5358,19.777,102.12,40.004
32,6,4.7575,20.341,118.62,49.955
32,6,3.9683,21.134,122.49,50.314
32,6,4.0642,20.272,110.16,43.867
32,6,4.9661,19.118,100.95,41.125
32,6,4.0496,20.013,107.88,43.551
32,6,3.6045,20.713,120.27,50.001
32,6,5.5469,20.283,114.31,46.823
32,6,4.4852,20.564,115.76,47.438
32,6,4.3732,19.898,103.04,39.647
32,6,4.718,20.524,114.61,46.849
32,6,3.301,20.512,112.01,44.53
32,6,4.3351,19.892,108.59,45.41
32,6,4.1217,20.448,110.29,43.57
32,6,4.3274,20.513,116.23,48.604
32,6,4.8376,19.924,110.05,45.508
32,6,5.0482,20.127,109.84,44.372
32,6,4.5229,19.704,110.76,46.495
32,6,4.1849,20.67,118.61,49.137
32,6,6.3196,19.429,99.925,40.36
32,6,3.9311,20.636,113.55,44.629
32,6,5.3195,21.55,122.99,49.52
32,6,4.5822,20.812,116.93,46.686
32,6,4.8354,20.747,121.06,50.185
32,6,4.7883,20.299,108.66,41.826
32,6,3.248,20.506,110.05,42.839
32,6,5.3155,19.625,107.14,44.519
32,6,5.0095,19.763,99.04,36.241
32,6,7.8398,20.833,123.9,52.708
32,6,4.3404,21.038,121.6,50.153
32,6,4.0446,20.37,115.12,48.014
32,6,4.6768,20.223,113.69,46.586
32,6,4.2793,20.804,120.45,49.115
32,6,4.7624,19.715,109.22,45.056
32,6,4.4966,20.827,120.44,50.729
32,6,5.0462,21.447,125.79,52.534
32,6,7.8958,20.087,108.58,43.502
32,6,4.5577,20.272,114.2,47.987
32,6,4.1849,20.163,109.99,44.229
32,6,4.5806,20.558,112.49,45.087
32,6,4.3324,19.835,104.44,39.967
32,6,5.3039,20.159,109.32,44.163
32,6,4.8329,21.113,115.87,43.174
32,6,5.2511,21.417,124.53,50.342
32,6,4.4982,19.573,99.941,39.215
32,6,6.3004,20.3,113.53,46.205
32,6,5.2355,20.563,113.95,45.307
32,6,3.8215,20.587,122.11,52.305
32,6,4.5037,20.309,110.21,43.444
32,6,3.8997,20.532,115.18,47.364
32,6,5.7014,21.048,124.07,51.997
32,6,5.2268,20.464,119.26,51.307
32,6,4.5523,21.07,124.07,52.374
32,6,4.3277,20.076,112.89,46.691
32,6,5.8648,20.728,116.98,47.142
32,6,4.4198,20.636,118.07,48.155
32,6,4.1707,20.896,118.42,48.007
32,6,3.7483,19.689,110.18,46.229
32,6,4.7762,20.781,121.42,51.052
32,6,4.7952,19.938,106.56,41.885
32,6,3.5801,20.559,115.58,47.793
32,6,3.5105,20.134,102.58,37.78
32,6,4.5941,20.935,119.15,48.236
32,6,3.7843,20.467,111.12,41.985
32,6,4.4339,20.89,121.08,50.323
32,6,4.6923,20.211,112.87,46.746
32,6,4.8705,19.909,109.15,44.523
32,6,4.4928,19.863,107.11,43.023
32,6,5.6992,21.053,120.66,49.123
32,6,5.4915,19.906,110.46,45.312
32,6,3.8219,19.662,107.81,44.404
32,6,3.74,20.63,116.41,46.038
32,6,4.4848,20.555,112.9,45.177
32,6,5.3355,20.292,112.96,46.234
32,6,3.8822,21.989,135.11,55.433
32,6,5.0701,19.098,100.17,41.089
32,6,3.7592,19.966,109.34,43.915
32,6,4.5041,20.489,122.09,53.793
32,6,4.5392,20.172,114.05,47.796
32,6,3.9772,20.4,115.52,48.048
32,6,4.6644,19.675,102.11,40.284
32,6,4.6195,20.544,112.85,44.964
32,6,3.8342,21.737,130.54,53.115
32,6,4.8751,20.397,109.6,42.705
32,6,3.9507,20.859,119.7,49.564
32,6,5.1047,20.2,104.12,39.753
32,6,5.176,20.265,117.34,49.93
32,6,3.8989,20.802,121.11,50.509
32,6,5.2522,19.175,98.323,39.197
32,6,4.3565,19.265,97.658,37.803
32,6,5.7866,20.559,116.76,48.433
32,6,4.2367,20.509,112.1,44.964
32,6,5.9366,20.263,112.78,46.732
32,6,4.8416,20.69,114.44,44.505
32,6,4.2672,20.137,108.19,42.193
32,6,5.2063,20.868,115.86,45.855
32,6,4.751,19.378,98.079,37.445
32,6,5.9252,20.682,118.31,48.749
32,6,4.4772,20.754,116.77,47.819
32,6,4.4197,21.169,122.34,50.04
32,6,5.0373,19.892,103.59,40.585
32,6,4.644,20.05,110.7,45.079
32,6,4.0781,20.231,110.94,44.607
32,6,4.3019,19.74,106.5,42.667
32,6,3.8205,20.149,113.84,46.818
32,6,3.8048,19.832,105.16,41.678
32,6,5.7894,19.688,100.69,38.795
32,6,3.3563,21.879,124.83,49.45
32,6,3.5448,21.001,122.5,50.524
32,6,4.126,19.811,102.44,38.217
32,6,4.9341,19.546,98.677,37.547
32,6,4.3673,21.05,121.28,49.234
32,6,5.4695,20.1,107.09,42.926
32,6,3.8838,19.793,110.11,46.053
32,6,4.3668,20.003,104.88,41.334
32,6,4.9245,19.84,109.32,45.438
32,6,4.7511,20.238,112.5,46.62
32,6,5.1038,20.08,109.42,43.741
32,6,3.5066,20.304,106.98,41.354
32,6,6.5829,19.835,103.84,40.158
32,6,4.2282,19.425,97.154,36.718
32,6,4.2389,20.556,117.9,49.683
32,6,5.1953,19.813,105.48,43.215
32,6,4.1091,21.668,128.33,53.436
32,6,3.8834,20.001,109.09,44.933
32,6,4.0596,20.52,113.5,46.314
32,6,2.9729,20.213,115.52,49.075
32,6,6.0001,20.674,116.32,47.463
32,6,4.28,19.42,102.36,41.411
32,6,3.8365,19.449,104.26,43.607
32,6,4.7166,20.401,113.36,45.856
32,6,5.1777,20.359,114.18,48.092
32,6,3.9045,20.895,113.19,43.925
32,6,4.1273,19.847,102.98,39.878
32,6,5.2454,21.086,115.76,44.74
32,6,4.9079,20.737,115.68,46.835
32,6,4.1542,21.242,124.47,51.515
32,6,4.8938,20.089,113.46,47.169
32,6,4.5748,20.483,114.17,45.787
32,6,6.0287,20.489,114.21,46.921
32,6,4.0126,21.145,120.09,48.163
32,6,3.9642,20.992,120.97,47.672
32,6,4.9613,20.336,111.49,45.026
32,6,4.5898,20.838,110.97,42.578
32,6,4.3325,20.006,108.05,43.358
32,6,3.408,20.143,111.18,45.088
32,6,5.9441,20.482,116.96,49.086
32,6,4.0663,19.368,98.769,39.166
32,6,3.8752,20.235,109.07,42.982
32,6,4.395,20.303,113.29,46.289
32,6,4.1445,19.5,104.92,43.104
32,6,3.8848,19.921,110.38,45.335
32,6,3.8805,19.78,106.95,43.723
32,6,3.8334,18.855,95.599,38.717
32,6,3.6482,20.61,115.36,46.467
32,6,5.0824,19.398,103.21,41.711
32,6,4.0236,20.606,115.58,46.828
32,6,4.105,20.44,113.86,46.379
32,6,4.6291,20.216,112.57,47.116
32,6,4.6563,20.088,107.17,42.667
32,6,4.3251,20.019,103.03,39.261
32,6,4.4986,20.727,114.81,46.064
32,6,3.8299,21.2,122.46,50.636
32,6,4.0666,20.01,107.64,43.328
32,6,4.5285,20.333,110.59,44.053
32,6,5.1599,19.445,100.16,40.146
32,6,4.3511,20.778,118.94,48.357
32,6,4.9832,20.853,118.85,47.945
32,6,3.9535,20.011,110.6,46.051
32,6,4.9051,20.375,113.56,47.33
32,6,3.9448,20.928,115.52,45.512
32,6,3.7769,20.912,125.32,53.998
32,6,4.5238,20.67,119.26,50.537
32,6,6.0672,21.104,124.35,52.019
32,6,3.9887,21.324,122.73,48.853
32,6,7.493,20.106,115.69,49.535
32,6,4.7785,20.476,112.02,45.559
32,6,6.7188,19.742,103.38,41.31
32,6,3.3993,19.911,104.15,40.455
32,6,4.3999,20.309,113.17,46.248
32,6,4.4695,20.455,114.27,47.4
32,6,4.7352,20.535,117.67,48.304
32,6,3.6456,20.121,109.06,44.515
32,6,3.7871,20.677,118.81,49.152
32,6,4.0958,20.103,111.56,45.97
32,6,5.785,20.601,116.37,47.38
32,6,4.2126,20.747,114.63,44.896
32,6,5.0024,20.387,115.57,48.296
32,6,4.2208,19.914,109.21,45.115
32,6,3.8505,20.321,113.56,47.404
32,6,5.2451,20.913,120.24,49.837
32,6,5.2035,21.281,121.88,48.697
32,6,3.5288,20.501,116.58,48.466
32,6,4.4224,20.291,110.71,44.245
32,6,3.3594,20.239,113.57,46.966
32,6,4.792,20.803,120.1,49.477
32,6,3.7732,19.833,106.58,43.401
32,6,6.0056,20.073,108.68,43.774
32,6,4.638,19.794,105.26,42.487
32,6,5.5322,21.03,119.73,49.661
32,6,5.1519,20.901,117.57,47.515
32,6,4.6087,20.66,116.17,46.614
32,6,4.4515,20.094,107.11,42.76
32,6,3.9823,20.646,120.14,49.625
32,6,9.5072,20.866,119.98,49.858
32,6,4.2858,19.401,103.9,42.507
32,6,4.5555,19.689,105.87,42.693
32,6,4.3492,19.148,98.951,40.2
32,6,4.095,20.324,111.4,44.48
32,6,3.934,20.446,117.2,49.781
32,6,4.3915,20.91,121.56,51.431
32,6,5.3959,18.624,93.574,38.292
32,6,4.4731,20.507,119.55,50.916
32,6,3.5996,21.344,124.67,51.411
32,6,3.4013,21.042,121.33,49.293
32,6,4.7576,19.748,106.99,44.775
32,6,4.9221,20.419,110.5,44.483
32,6,4.2515,19.774,105.11,42.294
32,6,3.7241,19.828,104.79,40.742
32,6,3.969,20.218,110.81,45.085
32,6,4.6965,20.354,111.39,44.84
32,6,4.8659,20.311,112.98,46.077
32,6,5.1523,20.385,114.29,47.296
32,6,4.2656,19.988,107.96,44.272
32,6,4.2194,20.03,108.84,43.205
32,6,3.8834,20.354,110.93,44.703
32,6,3.9475,20.534,111.77,44.398
32,6,4.8722,19.235,100.57,40.385
32,6,4.1243,19.545,100.16,39.419
32,6,4.5774,19.965,102.73,39.683
32,6,5.6546,21.634,126.57,51.399
32,6,4.9996,21.302,124.93,51.774
32,6,3.5905,20.189,112.14,45.76
32,6,3.9701,20.836,118.38,48.602
32,6,4.3864,21.136,122.52,50.894
32,6,4.4719,20.55,111.66,43.096
32,6,4.2453,20.092,110.57,44.718
32,6,3.5721,21.049,123.32,52.002
32,6,5.5231,20.043,106.98,41.251
32,6,4.0923,21.084,124.17,52.105
32,6,8.77,20.029,102.7,38.863
32,6,4.5287,20.001,106.94,42.848
32,6,5.5073,20.283,114.27,47.041
32,6,3.8205,20.913,117.33,47.181
32,6,3.7347,19.974,106.57,42.823
32,6,5.7679,21.453,126.3,52.659
32,6,4.1681,20.612,110.55,42.051
32,6,4.3841,21.947,133.17,56.165
32,6,4.0868,19.616,104.32,42.246
32,6,4.1624,20.712,119.01,48.982
32,6,5.1488,20.836,120.17,49.989
32,6,5.4601,20.293,114.74,48.57
32,6,4.6944,20.391,114.62,46.785
32,6,3.2401,20.733,117.36,46.887
32,6,4.0989,20.012,111.97,46.702
32,6,5.6663,20.368,112.44,45.68
32,6,4.4393,20.127,105.81,41.044
32,6,5.3129,20.766,116.26,46.296
32,6,4.837,20.947,125.5,53.68
32,6,4.6762,20.002,111.6,45.739
32,6,5.3298,19.542,102.9,40.986
32,6,3.3699,21.084,123.93,51.093
32,6,3.6758,20.477,113.4,45.701
32,6,3.9133,20.439,113.02,46.041
32,6,3.8254,20.538,113.21,46.278
32,6,4.819,20.622,118.86,49.449
32,6,3.8912,20.585,117.15,47.663
32,6,4.3646,21.394,128.32,53.008
32,6,4.4472,20.326,115.49,47.565
32,6,4.7644,20.426,109.61,42.231
32,6,6.1697,19.904,111.05,46.217
32,6,4.3071,20.396,114.67,46.693
32,6,4.6799,20.729,110.16,42.16
32,6,4.6884,20.877,117.68,47.258
32,6,4.5859,20.125,110.25,44.828
32,6,3.7631,20.181,110.35,45.456
32,6,4.0939,19.69,102.04,39
32,6,5.5779,20.691,113.72,45.872
32,6,4.3931,20.274,113.85,47.525
32,6,5.145,20.416,114.14,46.485
32,6,3.7769,19.807,112,47.377
32,6,4.3965,20.672,116.51,46.976
32,6,4.471,22.191,133.86,54.616
32,6,3.6046,20.36,112.24,44.841
32,6,5.6293,19.278,100.45,40.457
32,6,4.1344,19.994,110.18,46.286
32,6,5.4586,20.103,111.5,47.025
32,6,3.5778,20.197,112.03,45.723
32,6,4.3855,21.389,122.57,47.928
32,6,5.1472,20.248,112.19,45.511
32,6,4.9627,20.036,106.24,41.388
32,6,4.7976,20.227,114.77,48.387
32,6,4.2825,20.376,111.96,43.625
32,6,4.7355,20.767,111.11,40.768
32,6,4.0625,19.205,97.925,38.813
32,6,4.4886,20.568,114.24,45.569
32,6,4.4986,20.003,111.52,46.09
32,6,4.6681,20.907,119.1,48.959
32,6,4.3665,20.238,111.6,45.43
32,6,3.7224,20.413,109.47,42.119
32,6,3.685,19.684,106.12,43.237
32,6,4.5323,19.898,108,43.94
32,6,4.296,20.46,117.32,48.785
32,6,4.1097,20.549,116.72,48.203
32,6,4.6599,19.732,105.71,42.446
32,6,5.327,21.625,127.12,51.526
32,6,4.8233,20.34,111.95,44.381
32,6,4.8,19.896,108.48,43.916
32,6,4.6312,20.76,119.15,50.087
32,6,6.7675,20.248,108.69,43.025
32,6,3.8108,21.27,127.52,53.663
32,6,3.9255,21.735,127.11,51.35
32,6,4.2196,20.578,117.01,47.258
32,6,4.0244,20.715,123.36,53.436
32,6,3.5444,21.297,125.09,51.707
32,6,4.9251,20.435,110.83,44.785
32,6,4.0582,20.27,112.39,46.288
32,6,4.0713,20.842,120.07,48.709
32,6,3.7563,20.168,118.89,51.915
32,6,4.2649,19.277,101.5,40.214
32,6,3.9906,20.62,116.15,47.793
32,6,5.4656,20.43,112.79,45.428
32,6,4.4399,20.817,121.4,51.875
32,6,6.735,21.159,119.61,48.357
32,6,4.9519,20.484,113.03,44.672
32,6,3.2232,19.866,105.79,41.562
32,6,4.4792,20.491,115.52,47.29
32,6,3.9204,20.516,120.59,51.443
32,6,4.0335,19.401,104.48,43.607
32,6,5.0649,19.879,108.71,44.181
32,6,4.6337,20.575,110.46,42.738
32,6,4.3207,20.175,110.77,44.5
32,6,4.3869,21.187,125.25,51.451
32,6,3.695,20.449,113.78,46.673
32,6,4.4828,19.75,105.17,42.755
32,6,4.5286,20.355,111.98,44.533
32,6,4.2757,20.302,116.13,49.373
32,6,6.0953,19.71,107.05,43.386
32,6,4.687,19.967,109.51,44.603
32,6,3.7348,19.138,97.802,39.661
32,6,5.5373,19.734,105.96,43.41
32,6,3.8124,20.169,104.89,39.68
32,6,4.4151,21.037,124,51.63
32,6,4.1615,20.172,116.46,48.875
32,6,5.1487,20.327,112.74,45.084
32,6,3.7661,19.991,105.18,39.783
32,6,4.7765,21.322,123.74,50.044
32,6,3.8027,20.777,116.84,46.525
32,6,4.0755,20.448,115.68,47.15
32,6,4.229,20.991,121.01,49.798
32,6,4.7093,20.034,112.37,47.63
32,6,5.0286,20.714,119.79,49.091
32,6,4.6325,21.111,112.62,41.689
32,6,4.9117,19.838,111.81,47.806
32,6,5.0984,21.629,129.38,54.071
32,6,4.4686,19.913,105.23,40.32
32,6,3.6253,20.473,117.35,49.438
32,6,4.8017,20.414,115.55,48.334
32,6,3.6353,20.698,121.56,51.218
32,6,4.6836,20.433,117.91,48.499
32,6,3.8597,19.307,105.8,43.551
32,6,4.2992,20.531,112.61,45.089
32,6,5.2192,20.155,111.36,43.991
32,6,4.5547,20.117,110.4,43.599
32,6,4.5322,20.788,119.93,49.755
32,6,3.8936,21.429,130.49,55.626
32,6,3.6727,20.554,113.8,46.347
32,6,4.3584,19.385,99.543,38.514
32,6,5.0786,21.116,124.07,51.711
32,6,3.9954,19.849,104.8,41.055
32,6,5.0144,20.201,113.51,46.907
32,6,4.0485,20.34,109.69,42.429
32,6,4.2503,19.74,103.99,40.904
32,6,3.9011,20.954,115.73,43.653
32,6,4.1019,20.088,109.94,45.065
32,6,6.3059,20.59,111.8,43.022
32,6,3.7895,21.113,125.07,52.488
32,6,5.1547,20.542,118.35,50.364
32,6,4.9742,20.478,110.91,43.869
32,6,4.1265,20.06,108.58,44.061
32,6,3.702,20.665,115.35,45.627
32,6,4.0075,20.413,112.73,45.194
32,6,3.6766,21.303,128.07,53.422
32,6,3.9198,19.757,109.58,46.374
32,6,6.3876,21.298,126.08,52.792
32,6,3.9633,20.284,106.98,38.856
32,6,3.9276,20.594,115.52,47.36
32,6,4.8093,20.352,109.55,43.604
32,6,4.3646,21.008,120.78,47.434
32,6,3.3953,20.471,114.71,47.254
32,6,5.0807,21.143,119.35,47.755
32,6,4.5857,20.995,121.62,50.624
32,6,6.0592,20.116,109.9,43.852
32,6,4.6811,20.2,110.53,44.641
32,6,4.3303,20.126,107.43,43.305
32,6,6.0007,20.57,118.11,49.172
32,6,3.7793,20.038,111.52,46.017
32,6,4.7076,20.711,111.24,43.616
32,6,4.0228,20.299,115.78,47.987
32,6,3.9547,20.142,110.49,44.211
32,6,5.0756,20.551,116.91,47.947
32,6,4.6913,21.345,121.27,48.019
32,6,4.6944,21.054,121.29,49.891
32,6,3.5037,19.409,102,41.089
32,6,4.0945,20.472,112.47,44.716
32,6,4.139,20.67,116.11,45.608
32,6,5.1644,21.094,124.05,51.234
32,6,3.7059,21.409,126.37,51.488
32,6,4.1185,19.85,107.83,44.476
32,6,3.7584,20.473,117.86,48.673
32,6,5.1089,18.857,94.806,37.501
32,6,5.9591,20.565,114.49,45.773
32,6,6.2818,20.338,112.98,45.532
32,6,5.8252,20.347,111.93,45.687
32,6,3.9901,19.857,106.86,42.979
32,6,4.393,20.508,115.14,47.221
32,6,4.8475,20.364,112.92,46.021
32,6,4.3523,20.623,117.73,49.382
32,6,4.6755,20.882,118.85,48.168
32,6,5.0798,19.855,105.16,42.543
32,6,4.0765,20.271,115,47.947
32,6,4.4121,20.083,108.57,44.047
32,6,4.8045,20.336,111.5,44.786
32,6,4.2257,20.535,118.49,49.474
32,6,4.1808,19.688,105.59,41.777
32,6,4.5443,20.251,111.27,44.948
32,6,5.3961,19.824,103.51,42.01
32,6,3.9589,20.079,108.68,43.165
32,6,3.3732,20.683,116.8,47.81
32,6,3.7911,21.088,124.73,51.917
32,6,3.6705,21.013,114.3,43.978
32,6,3.436,20.866,120.94,50.083
32,6,3.4869,19.737,111.17,45.921
32,6,6.411,20.142,109.74,43.76
32,6,4.3265,21.47,121.74,48.34
32,6,7.7763,20.71,117.25,47.841
32,6,4.3232,19.565,101.68,40.582
32,6,4.5802,19.367,103.56,43.048
32,6,3.3025,21.6,131.42,54.534
32,6,3.376,20.3,113.5,46.091
32,6,4.2108,20.151,113.31,47.166
32,6,4.6823,20.658,115.16,46.397
32,6,4.6599,19.214,101.46,41.569
32,6,3.6189,20.985,119.73,49.064
32,6,4.5455,19.933,105.46,41.19
32,6,3.9511,19.462,103.85,42.125
32,6,4.4688,19.815,104.64,41.75
32,6,5.4794,20.958,116.51,46.102
32,6,4.1603,20.779,119.9,49.266
32,6,5.7726,21.107,127.72,54.565
32,6,4.4692,20.008,112.65,47.596
32,6,5.0219,21.357,127.87,54.021
32,6,4.4897,19.818,100.52,36.374
32,6,5.1547,21.152,119.01,46.132
32,6,4.1322,20.744,118.14,49.442
32,6,4.487,20.358,114.92,47.532
32,6,4.4418,20.735,120.76,51.475
32,6,3.8314,20.096,114.44,48.158
32,6,5.9355,20.174,110.56,45.33
32,6,5.2189,20.452,105.76,39.091
32,6,4.4049,19.836,109.05,46.174
32,6,5.116,20.698,113.1,44.458
32,6,5.0181,20.023,110.04,44.676
32,6,4.4592,20.707,117.5,48.147
32,6,4.4396,20.178,112.28,46.361
32,6,4.1615,20.385,114.32,47.339
32,6,3.5639,21.097,123.58,51.049
32,6,4.6132,20.012,109.14,44.553
32,6,3.1092,19.525,102.79,40.194
32,6,3.8452,20.088,106.66,40.976
32,6,4.4358,20.443,112.63,44.632
32,6,5.4812,20.468,116.75,47.498
32,6,5.793,20.03,104.6,40.037
32,6,5.5453,21.053,123.05,50.84
32,6,3.9991,20.57,115.91,47.787
32,6,5.4706,20.184,108.52,43.424
32,6,5.3361,20.447,112,43.847
32,6,4.3605,19.663,104.19,42.246
32,6,4.7005,19.811,106.77,43.386
32,6,3.9391,19.943,109.28,44.899
32,6,4.6253,20.011,108.59,44.981
32,6,4.3156,19.761,103.99,41.373
32,6,4.2056,20.546,114.63,47.05
32,6,3.8317,20.409,116,47.788
32,6,4.2711,20.178,108.45,42.679
32,6,3.9595,20.913,114.61,45.039
32,6,3.6196,20.125,112.75,47.391
32,6,4.4209,20.333,110.42,42.141
32,6,3.8529,20.688,116.74,46.413
32,6,6.2011,20.394,113.37,47.038
32,6,4.7807,19.922,105.76,43.207
32,6,4.7041,20.735,117.79,48.615
32,6,4.4334,20.117,112.24,46.127
32,6,4.3343,20.794,118.25,49.471
32,6,4.004,20.173,111.12,45.739
32,6,4.5091,19.115,101.49,42.181
32,6,4.5056,20.674,119.72,50.607
32,6,6.3804,20.985,121.21,50.665
32,6,4.9486,20.075,109.78,45.171
32,6,4.669,20.555,117.77,49.533
32,6,4.5441,20.819,115.65,45.541
32,6,4.707,20.318,110.85,44.791
32,6,4.5034,19.435,104.38,42.811
32,6,4.5933,20.49,116.12,47.859
32,6,4.0881,20.143,109.82,43.536
32,6,4.3346,20.879,118.28,48.323
32,6,4.1125,20.676,118.46,49.307
32,6,4.5237,20.695,106.73,37.566
32,6,5.6607,20.956,118.72,48.067
32,6,4.9523,20.042,112.21,47.482
32,6,4.9144,20.476,118.48,50.249
32,6,4.7074,19.488,100.34,39.207
32,6,4.2538,19.882,108.82,44.541
32,6,5.0884,20.326,110.35,43.639
32,6,4.5656,21.178,126.08,53.011
32,6,4.8806,20.071,115.51,49.251
32,6,3.9395,19.56,104.63,42.07
32,6,3.8547,21.063,121.9,50.698
32,6,3.9915,20.232,109.03,42.559
32,6,4.0881,19.171,100.24,40.418
32,6,5.0167,19.941,108.89,44.743
32,6,4.149,20.425,116,46.936
32,6,3.4052,20.25,109.2,44.231
32,7,5.3041,20.588,121.75,52.529
32,7,4.0872,22.083,135.7,56.09
32,7,4.7312,22.242,133.6,52.927
32,7,4.9418,21.137,124.89,52.311
32,7,5.3866,22.253,137.59,56.611
32,7,3.6027,21.273,123.34,49.25
32,7,5.7204,22.168,133.62,54.497
32,7,5.6795,21.405,128.95,53.891
32,7,4.6595,22.226,137.65,58.22
32,7,5.0706,20.693,121.48,51.705
32,7,4.1651,21.352,126.36,53.271
32,7,5.3339,20.748,123.79,53.032
32,7,4.2185,22.388,138.32,56.445
32,7,4.0673,20.98,124.17,52.998
32,7,4.1685,22.152,135.59,56.173
32,7,5.5307,22.027,139.13,59.312
32,7,5.1466,21.543,129.03,54.055
32,7,3.9886,21.664,129.84,53.666
32,7,6.0976,20.348,109.1,41.997
32,7,6.5684,21.23,125.32,51.977
32,7,4.0111,21.93,139.06,59.499
32,7,4.1163,21.227,127.92,54.914
32,7,5.6478,20.914,121.2,50.209
32,7,5.729,21.07,125.03,52.911
32,7,4.0669,21.838,133.15,55.836
32,7,4.9411,21.388,121.43,48.721
32,7,4.5772,21.371,129.96,56.222
32,7,3.3342,22.404,143.2,61.848
32,7,4.4586,21.114,124.61,53.09
32,7,3.4242,22.252,137.97,57.283
32,7,4.1643,21.447,128.23,53.158
32,7,5.3343,21.891,130.7,53.415
32,7,4.3648,23.004,143.44,58.539
32,7,4.799,22.011,133.77,55.344
32,7,4.2825,21.678,132.2,56.747
32,7,6.4981,21.86,135.03,56.317
32,7,4.9522,22.549,144.93,60.647
32,7,4.7183,22.891,146.52,62.313
32,7,5.6044,22.228,131.97,52.731
32,7,4.4132,21.675,132.61,56.866
32,7,5.4229,22.569,132.92,50.413
32,7,4.8055,22.312,135.24,55.193
32,7,4.716,21.93,135.21,56.98
32,7,5.8055,21.745,137.31,59.757
32,7,4.0954,21.844,139.53,60.684
32,7,5.0236,21.77,133.37,55.698
32,7,5.2597,21.096,127.92,55.201
32,7,6.803,21.687,130.46,54.965
32,7,5.0479,21.707,129.2,53.504
32,7,5.3297,22.159,139.29,58.661
32,7,4.0888,21.56,127.44,52.835
32,7,4.0023,22.631,145.53,63.099
32,7,5.5629,21.18,123.84,50.366
32,7,4.3636,21.348,131.99,57.392
32,7,5.4904,22.495,139.04,56.914
32,7,4.4636,20.981,121.45,50.371
32,7,4.3559,21.851,128.86,51.837
32,7,3.825,22.061,137.46,57.445
32,7,6.0451,21.403,127.77,53.057
32,7,6.3241,21.539,130.66,54.267
32,7,4.9051,21.346,125.68,51.291
32,7,4.5818,21.725,129.43,53.765
32,7,4.2479,22.255,138.56,57.948
32,7,4.2346,22.302,139.93,59.482
32,7,3.9678,21.04,127.78,55.686
32,7,4.573,21.618,132.81,56.129
32,7,4.2744,22.29,143.84,62.078
32,7,5.7372,22.373,140.96,60.136
32,7,4.2917,22.031,136.26,56.472
32,7,5.0755,21.917,136.1,58.652
32,7,3.8389,21.997,133.95,54.215
32,7,3.9198,22.415,148.32,65.115
32,7,3.4433,21.706,130.76,54.543
32,7,4.4976,21.609,132.06,56.636
32,7,4.887,20.819,117.68,47.228
32,7,4.258,21.958,136.5,58.086
32,7,5.1745,20.994,127.24,55.005
32,7,4.4294,21.714,130.26,53.668
32,7,3.6104,20.854,122.01,51.449
32,7,7.1164,21.47,133.27,56.889
32,7,4.5734,21.546,130.54,55.074
32,7,3.7035,21.426,130.59,56.804
32,7,4.1988,22.886,147.6,62.85
32,7,4.5232,21.37,127.09,53.092
32,7,4.7438,21.849,139.85,61.435
32,7,4.9569,22.073,135.64,56.721
32,7,5.0982,22.033,134.19,55.984
32,7,5.5512,21.472,127.38,53.09
32,7,4.4803,21.478,132.33,56.055
32,7,6.0145,21.774,134.85,57.653
32,7,3.2027,22.042,140.28,60.526
32,7,4.6195,21.877,132.41,53.935
32,7,5.4078,21.767,135.48,58.126
32,7,3.2284,22.367,137.47,57.019
32,7,3.9661,21.983,138.94,60.661
32,7,3.8307,21.855,134.74,55.372
32,7,4.4093,22.5,143.75,60.379
32,7,3.305,21.297,127.31,53.229
32,7,4.1674,21.765,133.31,55.017
32,7,4.2751,21.845,126.5,50.47
32,7,5.3507,21.649,127.98,51.169
32,7,3.6354,22.309,135.18,55.056
32,7,3.3568,21.911,130.17,53.056
32,7,5.1402,22.279,139.56,58.645
32,7,4.7316,20.956,127.41,54.74
32,7,5.365,21.263,129.58,55.746
32,7,3.8,21.941,134.49,55.878
32,7,4.3134,21.443,123.85,48.716
32,7,3.7592,21.382,125.29,51.244
32,7,5.1247,21.73,124.76,49.386
32,7,5.554,22.665,136.48,55.03
32,7,6.4099,21.418,124.36,51.18
32,7,5.8374,21.045,125.22,52.607
32,7,4.9867,20.889,120.84,50.171
32,7,4.5435,21.925,138.69,59.457
32,7,5.0438,21.608,125.91,50.89
32,7,4.4066,20.603,120.54,51.166
32,7,3.6844,21.569,132.51,56.811
32,7,5.3834,21.451,124.88,49.716
32,7,3.9577,21.233,127.55,52.87
32,7,4.8037,23.172,150.07,63.298
32,7,4.27,21.425,128.73,53.4
32,7,5.8914,22.278,137.65,55.33
32,7,4.7652,21.813,137.1,59.301
32,7,3.667,21.795,140.6,61.227
32,7,4.5167,22.01,131.96,53.098
32,7,4.1607,21.519,129.48,54.802
32,7,3.9945,21.747,127.81,51.659
32,7,4.8941,21.328,128.29,54.99
32,7,5.1781,21.983,138.97,59.762
32,7,6.0121,21.017,121.43,50.806
32,7,4.7405,22.479,150.08,66.36
32,7,3.4624,21.741,128.16,51.374
32,7,5.1828,21.122,125.21,53.184
32,7,4.1434,20.801,123.43,52.297
32,7,3.8281,21.982,136.58,57.533
32,7,5.0405,22.466,145.29,62.835
32,7,3.7607,21.867,131.72,53.648
32,7,4.4145,22.254,143.82,63.193
32,7,4.7132,21.903,134.45,57.173
32,7,4.8867,22.998,149.72,64.144
32,7,4.3187,20.87,124.51,53.214
32,7,4.5211,20.835,120.84,48.371
32,7,4.1484,21.752,128.52,50.02
32,7,5.635,21.348,123.87,50.87
32,7,4.9697,21.688,132.69,56.362
32,7,4.1771,21.585,134.43,57.437
32,7,3.7705,22.334,140.92,60.101
32,7,4.3869,21.715,137.02,58.311
32,7,4.2456,22.454,143.76,63.016
32,7,4.8659,21.377,125.64,52.056
32,7,5.5333,21.703,126.66,50.74
32,7,4.296,21.871,136.36,56.945
32,7,6.678,21.425,125.61,50.495
32,7,4.5018,22.064,133.07,52.051
32,7,4.9384,20.953,124.4,52.627
32,7,4.7254,20.588,123.47,52.839
32,7,4.5375,22.816,145.35,60.084
32,7,4.4987,21.945,135.54,57.093
32,7,4.9041,22.292,142.35,59.992
32,7,4.1896,21.843,130.98,50.883
32,7,4.7825,21.823,131.78,54.871
32,7,4.0202,21.896,138,59.094
32,7,4.0836,20.909,122.58,51.989
32,7,3.7503,21.69,128.15,51.2
32,7,4.3722,22.143,131.77,52.945
32,7,3.5687,21.47,128.42,54.411
32,7,4.218,21.538,127.69,53.513
32,7,5.2622,22.195,145.25,64.29
32,7,4.3269,21.822,132.18,55.751
32,7,4.3314,21.511,125.98,50.195
32,7,6.9355,21.823,131.71,54.496
32,7,6.224,21.659,132.37,56.427
32,7,3.8945,20.92,124.63,52.49
32,7,4.3481,22.767,148.77,64.252
32,7,4.4736,21.45,126.87,52.587
32,7,5.2128,20.89,119.74,47.475
32,7,4.0527,22.555,145.11,62.634
32,7,4.3486,21.329,123.04,48.7
32,7,4.3311,22.104,137.99,59.381
32,7,5.3941,20.85,122.85,52.242
32,7,4.3557,22.449,144.56,60.977
32,7,5.3822,21.175,125.67,53.435
32,7,4.3777,23.137,148.09,61.945
32,7,4.0935,21.377,126.44,52.791
32,7,4.751,20.923,124.51,52.085
32,7,3.4998,23.023,142.93,57.387
32,7,5.2098,21.633,127.97,52.311
32,7,5.1591,21.944,132.74,54.353
32,7,4.6793,20.886,127.83,54.475
32,7,4.6679,21.952,129.94,52.467
32,7,5.2299,22.298,143.98,62.886
32,7,4.8912,21.219,123.71,49.255
32,7,4.084,21.815,132.62,55.173
32,7,4.073,22.303,141.22,59.722
32,7,4.5043,21.228,120.9,46.656
32,7,4.1663,21.923,138.94,60.137
32,7,4.4431,22.734,147.02,62.226
32,7,5.3201,21.46,128.1,53.742
32,7,3.9425,21.61,132.01,56.281
32,7,5.248,21.69,132.27,55.748
32,7,4.964,22.801,141.42,59.157
32,7,4.9785,22.316,139.94,58.812
32,7,5.6964,21.734,135.54,58.529
32,7,4.0872,22.231,136.01,55.726
32,7,5.4767,21.476,129.97,54.075
32,7,5.381,22.649,142.09,58.32
32,7,5.4884,21.537,128.41,52.613
32,7,5.8493,22.612,144.62,60.457
32,7,4.7152,22.471,147.81,63.945
32,7,4.4052,21.444,134.4,58.594
32,7,5.7999,21.502,129.32,54.001
32,7,6.0047,22.633,149.61,65.442
32,7,4.3743,21.557,129.88,54.286
32,7,5.4268,21.833,135.91,57.53
32,7,4.97,21.664,127.69,50.721
32,7,7.8863,22.379,137.22,55.687
32,7,4.5914,22.346,144.58,63.077
32,7,4.1555,21.403,125.89,51.262
32,7,3.8696,22.004,137.18,58.017
32,7,3.9485,21.12,126.34,53.788
32,7,4.4123,21.822,132.79,55.667
32,7,5.1108,21.827,137.1,59.022
32,7,5.2448,22.047,137.23,57.523
32,7,4.162,21.297,125.82,52.619
32,7,5.182,21.03,123.93,51.132
32,7,5.5435,21.493,129.42,54.407
32,7,5.0018,20.748,116.37,45.625
32,7,4.4914,21.277,128.31,54.511
32,7,5.9349,21.926,136.37,57.516
32,7,6.8338,21.865,132.03,54.969
32,7,4.7918,20.532,119.96,52.012
32,7,4.397,21.743,132.69,55.252
32,7,5.4801,22.309,139.15,59.236
32,7,4.7466,21.956,131.9,54.43
32,7,4.8475,22.24,138.64,59.391
32,7,4.7239,21.071,122.08,49.315
32,7,4.8559,21.836,131.45,55.033
32,7,4.9143,22.052,138.56,60.077
32,7,4.6702,21.091,119.16,47.69
32,7,5.1893,21.527,128.79,54.073
32,7,4.3985,21.267,128.22,54.525
32,7,3.492,22.166,132.88,52.851
32,7,3.835,21.371,124.44,50.325
32,7,4.0726,21.902,137.22,58.643
32,7,3.8675,22.211,142.31,61.412
32,7,5.1167,21.688,130.99,55.091
32,7,4.3023,22.648,147.1,61.968
32,7,4.4119,21.589,134.41,58.457
32,7,4.4516,22.704,140.53,57.658
32,7,3.9499,22.268,140.33,59.847
32,7,4.1924,21.3,120.7,47.195
32,7,3.3442,21.854,135.74,57.419
32,7,3.7403,22.511,142.92,60.999
32,7,3.9608,20.585,121.82,51.602
32,7,4.5137,21.82,132.07,54.272
32,7,4.5017,21.244,126.11,51.83
32,7,4.7167,21.321,126.45,53.533
32,7,3.8873,21.187,123.78,50.235
32,7,3.9902,21.193,125.14,51.964
32,7,5.0526,21.74,128.04,52.625
32,7,4.342,21.606,129.88,54.074
32,7,5.3477,21.158,133.36,59.947
32,7,5.0556,21.186,125.43,53.355
32,7,4.7903,21.27,131.23,56.782
32,7,4.5754,22.033,131.69,52.105
32,7,4.6796,22.014,133.93,55.581
32,7,4.5127,21.43,132.61,57.694
32,7,4.085,22.218,139.12,59.979
32,7,3.8913,21.315,125.71,52.902
32,7,4.2618,22.076,136.95,57.939
32,7,4.4594,21.185,127.07,53.817
32,7,6.0116,21.334,129,54.696
32,7,4.731,21.454,126.53,52.358
32,7,4.2638,22.352,144.39,63.362
32,7,3.8703,21.661,133.43,56.597
32,7,4.2586,21.265,128.36,53.715
32,7,3.928,21.817,132.64,54.541
32,7,5.2696,21.991,132.83,55.277
32,7,5.0552,21,115.65,44.333
32,7,4.0952,22.266,141.66,60.433
32,7,3.4733,22.541,140.44,57.428
32,7,4.7169,21.758,135.41,57.681
32,7,5.8268,22.383,143.41,62.097
32,7,3.7329,22.314,143.11,61.084
32,7,4.8967,22.067,137.92,59.202
32,7,5.1803,21.949,136.29,57.609
32,7,4.1339,21.441,132.4,56.465
32,7,6.53,22.069,140.77,61.146
32,7,5.459,22.412,146.96,64.815
32,7,5.2608,21.419,129.17,52.946
32,7,4.4483,21.768,136.65,59.357
32,7,4.3405,22.379,135.24,55.644
32,7,5.1052,21.649,125.55,49.98
32,7,4.2581,21.023,118.34,45.293
32,7,4.4348,21.972,136.39,57.861
32,7,4.5175,21.174,126.67,53.113
32,7,6.4074,21.802,134.87,57.732
32,7,4.1989,21.458,127.72,53.909
32,7,3.7563,21.771,132.67,55.218
32,7,5.7747,22.392,138.31,56.692
32,7,3.9563,21.645,123.97,48.305
32,7,4.614,22.082,133.96,55.015
32,7,3.8535,22.365,139.23,57.264
32,7,5.1677,21.523,130.12,54.071
32,7,4.9674,21.484,130.85,55.054
32,7,4.3344,21.683,130.69,52.954
32,7,6.2707,22.746,147.32,61.938
32,7,3.974,21.48,131.93,57.801
32,7,6.4093,21.859,136.12,57.624
32,7,4.8792,22.409,137.72,56.681
32,7,3.9721,21.781,127.31,48.502
32,7,4.2272,21.359,123.56,49.39
32,7,5.1297,21.955,136.77,58.742
32,7,3.9702,21.616,132.64,56.311
32,7,4.5851,21.761,138.08,60.535
32,7,5.2922,22.833,144.59,61.241
32,7,6.6439,21.018,126.19,54.69
32,7,4.4353,22.207,141.62,61.88
32,7,4.9098,21.896,131.26,54.744
32,7,3.8288,21.272,125.94,52.175
32,7,4.981,21.318,125.34,51.255
32,7,5.3586,21.243,123.14,49.704
32,7,4.1675,21.176,122.43,49.337
32,7,6.6975,22.08,137.76,58.508
32,7,4.289,21.961,136.68,57.597
32,7,3.9623,22.34,142.62,61.497
32,7,4.471,22.531,148.89,65.313
32,7,4.055,22.358,140.37,59.309
32,7,4.0256,22.099,132.02,51.925
32,7,5.2512,21.267,122.66,49.06
32,7,4.7982,21.593,134.23,57.815
32,7,4.3137,21.156,122.79,49.779
32,7,5.3217,21.124,124.37,50.236
32,7,3.8763,21.57,134.84,59.048
32,7,3.8973,21.764,129.84,54.064
32,7,3.8672,21.804,133.07,56.779
32,7,4.3811,21.4,130.19,54.539
32,7,4.8721,21.861,129.42,48.765
32,7,5.6971,21.479,128.06,52.661
32,7,5.3619,21.709,130.19,53.546
32,7,4.618,22.45,144.95,62.979
32,7,3.1456,22.945,155.27,67.512
32,7,3.9648,21.842,129.52,53.476
32,7,4.9304,21.92,136.46,58.684
32,7,4.8285,21.393,130.51,55.774
32,7,4.3538,21.027,127.63,54.693
32,7,4.1243,22.612,142,58.649
32,7,4.2582,20.655,119.13,49.811
32,7,5.7622,21.94,137.99,59.391
32,7,4.2051,21.181,125.65,52.879
32,7,4.2688,21.888,135.14,57.331
32,7,4.9988,22.023,137.31,58.521
32,7,4.6359,22.575,146.46,62.33
32,7,5.0139,21.529,132.72,57.142
32,7,4.6464,22.414,144.51,61.867
32,7,4.5818,22.305,141.77,59.703
32,7,4.2969,21.712,135.34,57.24
32,7,4.6901,21.071,126.15,54.249
32,7,4.1825,22.293,132.53,52.913
32,7,4.4044,22.052,137.1,57.543
32,7,5.6208,21.614,131.3,55.135
32,7,4.0436,21.198,124.15,50.959
32,7,5.0227,21.988,140.99,61.298
32,7,6.3177,21.449,127.3,52.619
32,7,3.9726,22.535,146.59,63.935
32,7,6.7197,21.09,129.64,56.782
32,7,5.2145,20.916,127.18,55.668
32,7,5.0262,20.933,121.29,49.679
32,7,3.936,20.897,124.5,52.936
32,7,4.1969,20.933,120.63,49.077
32,7,5.363,22.132,138.14,58.315
32,7,5.3624,22.822,143.6,59.527
32,7,3.8247,21.196,123.21,50.781
32,7,5.1598,21.819,131.22,53.781
32,7,3.9716,22.311,142.12,60.79
32,7,8.1503,21.686,126.71,50.401
32,7,4.3784,20.733,119.46,49.943
32,7,3.4599,22.377,145.32,62.646
32,7,4.0009,22.603,141.67,59.285
32,7,4.7969,21.167,125.23,51.988
32,7,5.5968,21.881,129.96,53.003
32,7,3.9428,21.945,135.48,57.037
32,7,4.8723,22.221,139.96,59.496
32,7,4.4528,21.202,124.39,50.396
32,7,4.8648,21.243,129.27,55.002
32,7,4.2375,21.736,133.79,55.033
32,7,4.3019,22.251,140.85,59.036
32,7,4.5403,22.307,138.16,57.541
32,7,5.3882,21.493,129.79,54.805
32,7,4.0305,21.614,133.91,57.854
32,7,4.9294,20.135,111.43,45.933
32,7,3.7879,22.803,144.25,60.299
32,7,3.6849,22.224,137.04,56.855
32,7,4.6849,22.007,133.69,55.44
32,7,4.2339,20.595,120.81,51.388
32,7,3.5173,22.432,140.77,59.247
32,7,4.4206,21.469,130.44,55.201
32,7,4.3362,21.69,129.59,53.195
32,7,4.5442,21.833,138.64,60.787
32,7,3.9745,21.465,126.45,52.197
32,7,3.8787,21.784,132.89,55.138
32,7,3.9001,21.851,134.57,56.429
32,7,4.619,22.282,139.36,59.082
32,7,4.9365,21.348,130.26,56.017
32,7,5.8976,21.815,130.95,54.04
32,7,5.6882,22.994,148.74,61.807
32,7,4.3852,22.192,136.93,56.451
32,7,4.2474,22.426,144.01,62.227
32,7,4.1213,20.957,123.23,52.285
32,7,4.618,22.786,140.03,56.997
32,7,4.9338,21.803,131.92,55.268
32,7,6.2383,21.892,134.35,56.043
32,7,6.2277,20.497,117.09,48.838
32,7,4.4732,23.735,160.33,68.994
32,7,5.5013,21.51,131.71,55.743
32,7,4.5923,21.806,133.38,55.156
32,7,5.9223,22.031,137.58,59.857
32,7,3.8941,21.709,123.69,46.813
32,7,3.9848,21.562,125.86,50.162
32,7,5.2145,21.724,137.35,58.23
32,7,3.9541,21.532,124.91,50.093
32,7,3.7488,21.165,126.87,52.825
32,7,4.4318,21.301,131.59,57.702
32,7,3.9247,22.122,133.57,54.799
32,7,5.1154,21.373,133.07,56.569
32,7,3.4416,21.992,133.85,56.106
32,7,3.9672,22.317,140.92,59.71
32,7,4.1382,22.068,142.39,61.666
32,7,5.1516,22.092,137.89,57.656
32,7,4.61,21.181,126.99,53.948
32,7,4.131,20.91,117.76,46.648
32,7,3.7511,21.658,130.6,53.43
32,7,4.5561,22.058,135.61,57.029
32,7,4.3031,22.549,142.56,59.763
32,7,3.5626,22.439,138.52,56.83
32,7,6.7067,22.425,138.59,57.515
32,7,5.5981,21.92,132.57,55.688
32,7,3.4724,22.054,141.06,61.443
32,7,4.995,21.592,125.92,50.692
32,7,4.0252,21.259,133.36,59.784
32,7,5.0492,21.841,136.48,58.374
32,7,4.3627,22.22,143.59,62.094
32,7,4.0133,21.792,132.67,55.814
32,7,4.3885,20.977,126.41,54.743
32,7,3.9565,22.075,133.25,54.835
32,7,4.2544,21.799,130.39,53.21
32,7,4.0916,22.08,138.42,58.915
32,7,3.9987,21.755,130.1,52.668
32,7,4.7922,22.539,142.11,58.336
32,7,4.3649,21.352,134.14,58.956
32,7,4.4765,21.851,138.86,60.617
32,7,4.9945,21.262,129.99,55.235
32,7,4.5325,21.969,135.39,55.941
32,7,4.0164,21.537,130.79,54.546
32,7,5.4032,21.483,132.63,56.277
32,7,4.8205,21.935,135.16,56.493
32,7,3.9061,21.946,139.29,59.736
32,7,4.6339,21.686,130.28,53.861
32,7,4.6393,22.211,136.02,56.876
32,7,5.1723,20.772,123.22,52.875
32,7,3.9622,22.242,145.4,63.392
32,7,4.8435,21.169,125.26,51.007
32,7,4.9561,21.801,132.63,55.778
32,7,3.9638,21.805,131.95,54.532
32,7,4.0451,21.724,133.85,55.927
32,7,3.9558,21.862,133.61,55.027
32,7,4.9902,22.249,141.15,59.779
32,7,4.2198,23.215,147.84,58.66
32,7,4.1393,20.827,121.9,50.76
32,7,4.0562,21.278,124.35,51.384
32,7,4.4691,22.096,138.61,59.357
32,7,4.6237,21.889,132.91,55.376
32,7,4.9887,21.68,139.21,61.562
32,7,5.3425,22.623,143.29,60.268
32,7,4.2228,22.694,147.73,64.126
32,7,4.5638,22.516,137.63,57.188
32,7,4.4651,21.281,124.85,52.004
32,7,4.1849,22.965,151.67,65.489
32,7,3.9511,22.421,141.51,59.415
32,7,4.5738,22.131,140.4,60.116
32,7,4.7431,22.07,131.53,52.043
32,7,3.4153,21.194,126.97,53.561
32,7,4.321,22.396,145.08,62.399
32,7,4.8267,21.528,129.61,54.192
32,7,5.559,22.418,144.12,60.833
32,7,4.6635,22.35,140.94,58.49
32,7,5.0778,21.509,129.73,55.41
32,7,6.2257,20.631,120.54,51.363
32,7,5.0957,21.285,123.33,49.771
32,7,3.9599,22.231,142.17,60.474
32,7,6.4142,20.577,119.5,50.13
32,7,6.4698,21.248,119.31,47.412
32,7,3.7256,22.042,132.81,54.666
32,7,4.2808,21.559,133.36,56.124
32,7,6.3415,22.396,141.59,59.797
32,7,5.8667,21.961,139.42,59.745
32,7,5.5386,21.08,126.65,52.805
32,7,4.1796,21.284,127.68,53.047
32,7,3.6602,21.322,129.99,55.13
32,7,5.5279,21.755,133.25,56.63
32,7,5.2628,21.461,133.31,56.704
32,7,4.1473,21.495,127.69,53.113
32,7,6.4698,21.767,131.35,54.596
32,7,6.1737,21.471,133.21,57.6
32,7,5.715,21.401,125.98,52.539
32,7,4.8998,21.947,134.83,55.596
32,7,5.9729,21.991,134.78,56.733
32,7,7.0284,21.595,131.68,55.051
32,7,5.0208,21.415,129.67,55.88
32,7,6.3728,21.505,122.82,47.595
32,7,5.2371,20.628,119.61,50.111
32,7,5.307,21.57,128.35,53.214
32,7,4.2773,21.681,131.73,55.445
32,7,5.4322,22.29,137.5,55.736
32,7,5.2302,22.173,137.52,57.995
32,7,4.9579,21.998,137.61,58.857
32,7,4.9634,21.267,127.13,52.463
32,7,5.476,21.935,129.27,51.111
32,7,4.8392,21.87,129.21,53.131
32,7,4.4805,21.926,135.54,55.301
32,7,7.1541,22.881,148.51,62.703
32,7,4.501,21.708,140.25,62.593
32,7,4.7925,21.819,129.44,51.795
32,7,3.9808,21.006,123.34,51.047
32,7,4.5735,21.648,132.41,55.732
32,7,6.2513,21.53,130.73,55.996
32,7,4.7599,20.524,115.03,45.171
32,7,5.5227,21.881,133.3,56.799
32,7,7.6126,22.031,135.82,57.28
32,7,4.8077,20.69,122.58,51.969
32,7,3.9941,22.039,135.69,56.717
32,7,4.6581,22.26,141.8,61.829
32,7,3.967,21.127,124.22,50.643
32,7,5.0616,21.721,126.4,51.016
32,7,4.7415,22.489,144.3,62.01
32,7,4.5301,21.559,128.43,52.267
32,7,4.0465,22.5,143.77,62.198
32,7,4.1671,20.977,124.73,53.123
32,7,4.5657,21.763,131.57,53.911
32,7,4.8025,21.734,132.55,55.038
32,7,5.8051,21.415,131.59,57.222
32,7,5.1246,20.922,122.85,51.26
32,7,3.785,22.338,140.87,61.082
32,7,5.0565,21.296,126.24,53.14
32,7,5.8096,21.143,123.66,51.865
32,7,3.9919,21.763,128.26,52.562
32,7,4.6839,22.368,140.85,58.168
32,7,5.3279,21.569,127.6,51.744
32,7,3.9393,22.677,144.79,61.261
32,7,5.0568,21.931,133.75,56.515
32,7,4.0317,23.226,154.95,66.634
32,7,5.1195,21.744,134.08,56.933
32,7,3.7,21.339,130.3,54.566
32,7,5.7553,21.366,134.52,58.867
32,7,4.6283,21.646,133.46,55.546
32,7,5.0496,22.403,141.51,59.513
32,7,5.5185,20.744,118.69,50.14
32,7,5.2658,21.99,133.83,55.406
32,7,6.1479,22.062,133.26,55.243
32,7,6.1362,21.992,134.84,55.707
32,7,4.2506,21.11,127.85,55.242
32,7,3.9948,21.064,125.48,52.536
32,7,4.9887,21.217,127.17,53.481
32,7,4.0872,22.192,135.46,55.311
32,7,4.0895,22.127,145.5,65.818
32,7,4.1762,20.558,115.2,44.801
32,7,4.5493,21.622,130.15,53.611
32,7,5.7216,23.026,147.78,62.084
32,7,5.3993,21.393,132.23,57.155
32,7,4.1835,21.495,128.74,53.535
32,7,5.3005,20.98,119.36,48.275
32,7,3.9696,20.771,118.49,48.825
32,7,4.5724,22.23,140.97,59.925
32,7,4.9829,20.883,124.69,52.788
32,7,4.1283,22.346,135.05,53.543
32,7,3.7744,21.981,137.16,58.125
32,7,4.1748,22.243,135.91,56.795
32,7,7.7874,22.242,142.29,60.973
32,7,6.2532,21.687,128.18,52.586
32,7,4.1581,21.551,130.59,54.691
32,7,4.7725,22.426,136.86,56.394
32,7,4.1817,22.414,142.74,61.067
32,7,5.0222,21.016,120.24,48.211
32,7,6.6763,21.889,138.2,60.135
32,7,4.0529,21.083,118.35,46.914
32,7,4.8361,21.793,133.46,55.386
32,7,4.231,21.082,127.83,54.071
32,7,4.3643,21.542,130.23,53.474
32,7,4.3153,21.274,126.37,52.177
32,7,5.4561,22.153,135.35,56.128
32,7,4.2995,22.747,140.24,56.433
32,7,4.2107,21.798,134.45,56.466
32,7,5.6777,21.853,134.66,55.961
32,7,4.1163,22.488,139.55,57.238
32,7,5.9173,22.162,139.07,58.786
32,7,4.511,20.762,121.07,51.426
32,7,4.5692,21.803,130.92,54.325
32,7,3.6674,22.06,133.95,56.379
32,7,5.6882,21.892,128.59,52.354
32,7,4.8834,21.196,118.27,43.537
32,7,4.479,21.612,127.36,51.198
32,7,4.0306,22.574,144.71,61.408
32,7,4.4148,21.434,130.83,55.404
32,7,5.0896,21.618,128.56,53.137
32,7,5.2509,22.35,142.18,60.069
32,7,3.9724,21.134,126.62,53.461
32,7,4.3185,21.544,125.76,50.723
32,7,4.7162,21.311,127.44,53.754
32,7,6.4551,21.7,133.11,56.106
32,7,5.3474,20.631,113.89,43.91
32,7,4.3855,21.629,127.74,50.88
32,7,5.2863,21.606,131.7,56.229
32,7,5.6772,21.776,132.88,55.046
32,7,4.5457,21.731,129.41,53.358
32,7,4.6065,21.342,129.67,55.772
32,7,4.1873,22.002,134.79,56.556
32,7,4.3547,21.411,129.1,54.842
32,7,4.2268,21.78,136.82,59.317
32,7,4.9492,22.413,140.6,61.518
32,7,4.2265,22.168,135.22,55.174
32,7,5.6855,21.22,123.25,51.326
32,7,5.273,23.135,152.47,64.283
32,7,4.2264,21.324,131.32,56.823
32,7,4.8982,20.598,122.98,53.249
32,7,5.7904,21.265,127.24,52.634
32,7,5.5897,22.03,131.83,54.564
32,7,5.6434,20.992,116.85,43.62
32,7,5.7292,21.962,138.48,58.894
32,7,4.8129,21.65,131.79,55.444
32,7,4.4082,22.144,132.97,54.574
32,7,5.3421,21.811,131.69,54.155
32,7,3.6952,21.644,131.98,56.168
32,7,5.8203,21.737,126.2,49.97
32,7,4.7173,21.679,125.95,48.736
32,7,3.8471,22.387,139.38,58.572
32,7,4.7104,21.589,128.29,53.104
32,7,4.7722,22.254,139.69,57.24
32,7,7.6682,22.979,150.07,64.337
32,7,4.3354,21.061,124.83,52.518
32,7,4.7536,21.911,134.54,55.676
32,7,3.706,22.916,152.73,66.494
32,7,5.0987,20.789,118.55,48.132
32,7,5.4733,21.433,129.97,54.164
32,7,4.3659,20.77,120.46,49.336
32,7,5.6528,21.78,126.5,49
32,7,6.588,21.161,123.26,50.191
32,7,4.585,21.192,123.23,49.269
32,7,5.4001,21.382,124.88,50.74
32,7,5.048,21.787,128.18,51.774
32,7,5.7591,22.158,134.96,55.504
32,7,4.8154,21.684,125.44,48.47
32,7,5.8317,21.828,135.95,59.025
32,7,4.7297,21.502,128.15,53.486
32,7,4.2567,21.212,124.32,51.986
32,7,4.0207,21.928,136.22,57.757
32,7,4.5339,21.581,134.69,58.433
32,7,4.3704,22.192,140.83,61.352
32,7,5.3176,22.044,133.3,54.12
32,7,3.4644,21.472,132.22,56.288
32,7,3.8575,21.824,135.43,57.362
32,7,4.2762,21.609,136.55,59.737
32,7,4.1089,21.372,125.52,50.781
32,7,3.3595,21.581,127.17,51.359
32,7,3.841,22.147,135.9,56.058
32,7,5.4208,21.274,124.34,50.279
32,7,4.4613,22.03,130.91,54.124
32,7,3.546,21.61,131.03,55.916
32,7,4.515,21.426,131.64,56.479
32,7,3.834,22.174,142.01,61.894
32,7,4.1093,20.63,119.55,50.534
32,7,4.5719,22.53,139.04,56.112
32,7,4.5163,22.757,144.99,59.164
32,7,5.7437,21.255,123.28,49.998
32,7,4.8673,22.45,140.83,58.932
32,7,4.9587,22.126,132.26,53.415
32,7,3.8436,21.9,135.51,57.862
32,7,3.8352,22.16,133.26,54.185
32,7,3.9468,22.629,145.08,61.227
32,7,4.6726,22.451,140.78,58.494
32,7,4.3425,21.205,129.13,55.501
32,7,4.6899,21.752,132.7,55.476
32,7,4.2453,21.932,137.21,58.26
32,7,4.1618,22.224,144.83,62.748
32,7,6.6586,21.001,122.21,50.866
32,7,5.8056,21.977,135.96,56.257
32,7,3.6387,21.93,131.69,53.036
32,7,3.9953,21.932,127.46,50.133
32,7,4.4875,22.517,141.03,58.952
32,7,4.5335,23.132,149.85,62.366
32,7,4.1177,21.393,124,49.77
32,7,3.8356,20.8,117.94,48.041
32,7,4.2147,21.664,138.23,60.434
32,7,4.8041,22.594,143.31,59.075
32,7,3.3254,22.93,151.49,65.447
32,7,4.9413,20.897,124.66,53.657
32,7,3.7082,21.527,135.72,59.913
32,7,3.8603,21.266,126.97,53.041
32,7,4.3778,21.364,125.83,50.749
32,7,5.3813,21.777,130.69,53.687
32,7,3.9749,23.126,145.47,57.625
32,7,5.8335,22.272,136.61,56.442
32,7,5.4008,21.43,128.73,55.394
32,7,4.286,20.54,117.56,47.968
32,7,4.792,22.859,151.42,66.734
32,7,5.7819,21.936,132.45,54.3
32,7,4.6128,22.196,131.16,52.256
32,7,5.6175,21.419,130.44,56.81
32,7,5.8908,22.495,138.18,55.573
32,7,4.4066,22.413,147.42,65.683
32,7,3.8191,21.836,132.37,54.945
32,7,4.3435,22.062,140.34,60.595
32,7,3.5195,21.621,133.64,55.986
32,7,3.6451,21.892,137.59,58.058
32,7,4.7895,21.209,130.52,55.938
32,7,3.6771,22.295,134.99,53.607
32,7,4.9062,22.212,137.99,58.74
32,7,5.5869,21.214,125.44,52.242
32,7,4.4176,20.625,120.88,51.331
32,7,4.8401,21.517,131.35,55.474
32,7,5.0339,21.586,126.96,51.655
32,7,4.4351,21.291,124.46,51.383
32,7,4.3558,21.325,120.34,49.235
32,7,4.6622,22.381,146.8,64.893
32,7,4.9385,21.473,135.35,59.456
32,7,6.1343,21.263,125.98,51.582
32,7,5.5066,22.206,139.89,59.256
32,7,4.003,21.29,130.63,55.965
32,7,5.6537,20.744,117.6,47.185
32,7,4.8773,21.658,129.51,53.218
32,7,3.9863,21.91,135.34,57.303
32,7,5.1552,21.927,128.01,51.615
32,7,4.7754,22.05,135.99,57.284
32,7,5.3987,21.702,124.39,48.878
32,7,6.1957,20.871,122.64,50.968
32,7,3.4745,21.322,125.04,50.895
32,7,5.116,21.051,124.06,51.28
32,7,5.5943,21.718,131.46,53.95
32,7,4.8866,22.04,140.61,61.607
32,7,4.5049,21.532,123.67,49.382
32,7,5.6497,21.608,127.3,51.652
32,7,4.4515,21.002,123.25,51.855
32,7,3.921,21.635,130.24,53.995
32,7,5.0652,22.072,138.21,58.739
32,7,4.9918,21.494,126.72,51.277
32,7,4.8164,20.705,117.22,47.205
32,7,4.1101,21.019,128.32,54.938
32,7,5.5181,21.599,130.63,54.679
32,7,4.8558,22.027,138.86,60.009
32,7,4.1141,21.945,137.03,58.548
32,7,4.4076,21.434,126.99,51.594
32,7,4.9257,21.705,128.85,51.704
32,7,5.0965,21.639,131.36,54.667
32,7,3.7538,22.184,130.51,53.435
32,7,3.8605,22.28,138.12,57.723
32,7,5.4267,22.231,136.85,55.667
32,7,4.5614,22.754,146.98,62.798
32,7,5.1007,21.166,127.93,54.905
32,7,3.8753,21.829,128.78,52.236
32,7,5.3118,21.968,141.35,62.316
32,7,4.0654,21.297,127.02,52.957
32,7,4.1878,21.74,129.93,53.445
32,7,4.5698,21.084,126.71,54.473
32,7,4.6914,22.04,136.63,56.803
32,7,3.7754,21.703,126.96,49.803
32,7,5.1501,21.063,121.61,49.24
32,7,4.3328,22.081,135.92,55.621
32,7,4.2259,21.198,126.6,53.181
32,7,4.2354,22.394,133.45,51.096
32,7,4.0619,22.372,140.24,59.221
32,7,4.1999,21.923,136,57.192
32,7,4.9331,21.813,137.53,59.239
32,7,4.0925,20.763,116.61,46.609
32,7,4.1541,21.817,129.94,52.525
32,7,4.4688,22.414,143.65,62.364
32,7,3.9342,21.321,127.28,52.095
32,7,4.9425,21.264,126.98,52.799
32,7,5.9603,21.567,126.62,52.306
32,7,3.9396,21.439,130.5,54.973
32,7,4.392,22.782,149.08,65.291
32,7,4.1799,22.53,142.95,60.897
32,7,6.368,21.219,126.99,54.639
32,7,4.8622,21.419,129.21,54.493
32,7,4.9667,21.392,132.32,58.022
32,7,4.8482,21.455,129.31,52.854
32,7,4.2691,21.07,123.32,50.932
32,7,5.9085,22.593,143.84,60.511
32,7,6.739,22.987,146.8,61.935
32,7,5.2949,22.888,149.47,64.908
32,7,4.5792,21.694,128.31,51.88
32,7,4.7358,22.089,136.5,57.321
32,7,6.0545,21.474,130.16,54.265
32,7,5.0097,22.35,147.4,64.633
32,7,3.817,22.028,136.35,57.415
32,7,3.8761,21.931,129.37,50.024
32,7,4.9046,21.395,132.24,55.856
32,7,5.1707,21.543,130.24,55.012
32,7,5.1608,21.275,123.68,49.779
32,7,5.1994,22.502,140.36,58.684
32,7,4.299,21.525,133.18,57.348
32,7,3.7923,23.145,153.57,66.99
32,7,4.4475,21.674,129.37,53.25
32,7,4.4667,21.83,130.38,53.146
32,7,4.8865,21.857,136.93,58.597
32,7,4.6902,21.628,130.39,53.644
32,7,4.5709,22.212,135.75,54.802
32,7,3.6282,20.923,125.19,53.28
32,7,4.4083,21.757,138.1,60.895
32,7,4.4413,21.945,139.14,59.597
32,7,3.219,21.31,129.09,54.992
32,7,4.9753,21.89,135.84,58.481
32,7,3.4142,22.504,140.67,57.438
32,7,4.0047,22.021,133.34,54.59
32,7,4.2826,22.219,139.61,59.571
32,7,4.7206,22.459,143.28,61.04
32,7,4.0213,20.794,120.21,49.585
32,7,4.9886,22.584,146.03,63.069
32,7,5.6557,22.73,150.98,65.392
32,7,3.7366,21.66,127.3,52.152
32,7,5.1553,21.83,134.74,57.038
32,7,3.5139,21.514,124.5,50.426
32,7,4.5656,22.299,141.8,60.069
32,7,4.2197,21.4,127.9,53.516
32,7,5.6311,21.342,127.76,53.35
32,7,3.4958,22.921,145.85,60.52
32,7,5.7723,22.744,145.97,62.184
32,7,6.5313,21.892,132.65,54.931
32,7,5.2125,21.431,128.78,53.349
32,7,4.6213,21.809,134.39,54.63
32,7,5.7238,21.377,132.79,57.025
32,7,4.7391,21.858,139.28,60.773
32,7,4.7013,22.357,144.28,61.806
32,7,6.1814,22.502,142.57,59.867
32,7,4.9337,21.955,128.74,50.844
32,7,4.0764,21.492,132.89,55.994
32,7,5.1774,21.922,136.44,58.395
32,7,5.3399,21.335,127.31,54.001
32,7,5.1831,22.696,143.63,60.03
32,7,4.684,22.511,143.99,62.833
32,7,5.525,22.183,136.16,57.279
32,7,3.8911,20.677,118.01,47.973
32,7,3.9321,21.818,135.42,57.188
32,7,4.1626,21.519,129.59,54.326
32,7,5.7793,22.263,132.93,53.821
32,7,5.0485,22.17,138.37,58.465
32,7,4.212,20.752,119.83,49.62
32,7,3.6518,22.334,140.77,59.717
32,7,5.0797,23.011,150.75,63.44
32,7,4.9761,21.186,125.57,53.84
32,7,5.4929,22.417,146.27,64.106
32,7,4.8546,20.894,118.78,48.001
32,7,4.0241,21.665,127.8,51.964
32,7,3.9312,22.262,135.1,54.651
32,7,4.2972,21.468,119.37,45.872
32,7,4.4252,22.699,146.08,63.17
32,7,4.6783,22.375,136.59,56.55
32,7,4.0911,21.526,127.06,52.218
32,7,4.9514,22.295,133.28,54.229
32,7,4.59,22.397,143.31,62.386
32,7,4.4384,21.723,132.74,56.224
32,7,4.5414,21.361,126.77,51.815
32,7,6.2427,21.586,132.24,55.922
32,7,4.8934,21.689,128.72,50.995
32,7,4.5767,21.364,131.12,56.209
32,7,4.5027,22.257,138.93,58.882
32,7,4.0971,20.81,123.79,52.957
32,7,4.4814,22.422,142.95,60.936
32,7,5.5235,21.659,132.22,55.436
32,7,4.5293,21.595,132.55,56.243
32,7,4.3921,21.563,133.39,57.49
32,7,6.7427,21.425,130.17,55.399
32,7,3.9706,22.354,140.42,58.768
32,7,7.4458,23.236,148.13,61.134
32,7,4.7954,20.749,121.58,50.391
32,7,4.5307,21.794,126.1,51.024
32,7,3.6504,21.677,131.37,54.491
32,7,3.9018,20.58,116.89,48.17
32,7,5.5868,22.122,135.8,56.745
32,7,3.8211,21.62,130.46,53.912
32,7,4.2195,22.441,141.7,59.807
32,7,3.8071,21.585,129.42,53.103
32,7,4.5668,23.302,151.25,62.592
32,7,4.8616,21.507,128.26,52.981
32,7,4.4932,21.889,131.26,54.42
32,7,4.0724,21.726,132.69,56.135
32,7,4.447,22.253,136.36,55.821
32,7,4.7962,22.251,137.35,56.809
32,7,4.4879,21.907,134.03,56.21
32,7,4.405,21.526,134.16,58.891
32,7,4.2142,21.188,126.44,53.265
32,7,4.6476,22.584,141.18,58.31
32,7,5.8774,21.275,127.64,54.18
32,7,5.0538,22.569,140.71,58.305
32,7,3.7699,20.94,125.41,54.398
32,7,4.8136,21.391,128.63,54.486
32,7,5.1627,21.933,133.89,55.048
32,7,4.524,21.496,129.2,54.953
32,7,4.6958,22.226,136.97,57.605
32,7,4.6036,21.454,129.02,52.767
32,7,4.0561,22.369,138.57,56.193
32,7,3.7694,21.891,139.56,61.947
32,7,4.1585,20.954,117.42,46.665
32,7,6.8545,21.317,132.41,57.625
32,7,4.7363,22.233,140.65,60.6
32,7,4.2487,20.736,123.02,52.743
32,7,6.0039,22.736,140.51,57.368
32,7,3.6959,21.07,129.32,55.656
32,7,5.4608,21.353,126.78,53.413
32,7,4.3179,21.915,137.69,59.553
32,7,4.4141,20.961,121.19,48.261
32,7,4.2896,21.653,133.98,57.333
32,7,4.6344,21.819,132.77,55.157
32,7,6.5139,21.389,133.01,58.469
32,7,3.7004,22.654,146.87,63.01
32,7,4.9534,20.873,123.15,52.385
32,7,4.6469,23.195,148.66,61.778
32,7,4.2393,22.02,134.79,56.141
32,7,4.7677,21.728,129.85,52.451
32,7,3.9266,21.442,129.49,55.648
32,7,5.9239,21.353,128.86,54.391
32,7,4.0432,21.442,126.53,51.545
32,7,4.2084,21.533,131.12,55.702
32,7,4.4103,22.634,147.31,64.555
32,7,5.6529,21.876,133.64,56.083
32,7,4.1926,21.812,134.6,57.585
32,7,4.8211,21.54,128.75,53.613
32,7,6.0058,21.635,127.42,52.502
32,7,4.2677,22.011,132.57,53.253
32,7,4.1157,21.954,132.6,56.238
32,7,4.8645,20.969,123.54,52.17
32,7,5.043,21.427,128.23,53.735
32,7,4.0429,21.888,137.88,60.251
32,7,4.864,20.136,108.61,41.959
32,7,3.7743,22,142.13,61.915
32,7,3.9983,21.839,134.72,56.513
32,7,3.9013,22.211,137.46,56.613
32,7,4.6238,21.403,130.22,55.617
32,7,5.5599,22.666,135,52.11
32,7,6.5379,21.481,125.53,50.911
32,7,5.3831,21.339,129.26,55.418
32,7,4.7377,21.907,131.41,53.625
32,7,5.0033,21.034,119.7,47.349
32,7,3.4947,21.897,130.19,54.006
32,7,4.6677,22.264,140.16,59.36
32,7,3.6204,21.714,131.57,54.399
32,7,5.0653,21.359,130.27,56.414
32,7,3.4608,21.587,128.92,52.218
32,7,4.962,21.659,132.17,55.579
32,7,4.1375,21.616,131.24,54.201
32,7,4.3295,21.529,131.46,54.209
32,7,4.3247,21.948,133.6,54.957
32,7,4.1497,22.034,135.95,56.785
32,7,4.2187,21.607,129.86,53.5
32,7,6.0819,22.062,131.99,53.803
32,7,3.8523,21.701,130.41,54.465
32,7,5.4016,22.087,131.22,52.164
32,7,6.0492,22.381,143.88,62.25
32,7,5.4623,20.925,125.03,53.014
32,7,4.0515,22.211,139.85,59.857
32,7,4.0916,21.792,130.33,53.574
32,7,4.5384,21.292,131.72,57.594
32,7,5.0231,22.248,138.42,56.965
32,7,3.7212,21.139,125.69,52.249
32,7,5.1651,21.647,126.53,51.663
32,7,5.7321,21.721,132.12,54.088
32,7,4.6604,21.99,133.19,54.277
32,7,4.2134,21.634,136.76,59.758
32,7,3.434,21.989,132.1,53.84
32,7,4.2561,20.962,124.12,52.455
32,7,3.9164,21.974,132.2,53.941
32,7,3.54,21.777,134.49,56.962
32,7,3.6089,21.657,131.08,53.204
32,7,5.2214,23.249,146.97,60.411
32,7,5.5878,21.087,121.26,48.133
32,7,4.0297,22.226,136.98,56.673
32,7,4.9024,20.786,120.94,50.997
32,7,4.2232,22.165,138.97,57.577
32,7,5.205,21.821,135.04,55.624
32,7,5.3595,21.564,124.28,50.28
32,7,4.1346,22.211,142.07,61.387
32,7,5.4598,22.165,134.23,54.591
32,7,5.8799,21.45,124.35,50.328
32,7,4.7941,21.919,132.18,55.04
32,7,4.9013,20.957,121.83,52.179
32,7,4.842,22.674,150.79,65.507
32,7,6.4116,20.969,123.06,50.442
32,7,4.7568,21.978,127.38,49.685
32,7,4.7022,22.089,140.57,60.108
32,7,6.3569,21.457,132.87,57.76
32,7,5.0346,21.239,128.49,54.98
32,7,5.776,21.671,131.01,54.005
32,7,4.9418,22.244,139.18,57.571
32,7,3.9428,21.531,127.69,53.846
32,7,3.6156,22.082,139.71,59.155
32,7,3.8994,21.779,133.17,56.747
32,7,4.6584,21.763,131.22,55.533
32,7,5.1304,21.629,124.95,50.185
32,7,4.1473,21.702,130.97,53.82
32,7,4.223,21.704,129.5,52.252
32,7,3.8449,22.127,141.65,61.474
32,7,4.5785,22.523,140.33,57.396
32,7,4.5438,22.317,138.66,57.774
32,7,4.5182,22.223,131.41,51.555
32,7,5.0845,22.447,138.43,55.781
32,7,4.7985,22.712,154.35,69.741
32,7,3.695,20.752,123.4,52.741
32,7,3.8471,22.449,142.51,59.967
32,7,6.0231,21.908,133.61,55.079
32,7,3.545,22.826,145.11,61.554
32,7,4.7539,21.955,132.71,54.705
32,7,4.6929,21.167,125.69,52.275
32,7,4.3967,20.65,120.4,49.78
32,7,4.6473,21.593,127.36,51.618
32,7,4.5787,21.654,131.42,55.481
32,7,4.6555,21.625,131.48,54.094
32,7,4.6922,21.567,132.63,57.034
32,7,3.8618,22.091,141.03,61.232
32,7,4.0133,21.734,132.97,56.028
32,7,6.4958,21.246,124.72,51.148
32,7,7.649,21.134,122.84,49.128
32,7,4.9499,20.41,115.48,48.734
32,7,4.5726,22.192,135.03,56.388
32,7,4.9991,21.882,136.71,57.894
32,7,5.3305,22.436,145.41,62.098
32,7,5.5196,21.79,133.96,56.795
32,7,4.3799,20.983,119.54,48.703
32,7,4.5062,20.71,122.35,52.394
32,7,4.0118,21.785,137.24,59.135
32,7,4.204,21.301,127.45,52.706
32,7,4.467,20.493,119.37,50.647
32,7,5.2817,22.177,137.35,56.986
32,7,5.3475,22.111,141.67,62.561
32,7,3.851,23.3,151.75,64.497
32,7,4.5363,22.123,138.56,59.561
32,7,4.1727,21.128,127.6,54.838
32,7,4.8768,21.225,120.28,47.586
32,7,4.5572,21.707,132.74,55.632
32,7,3.3028,21.591,132.05,55.145
32,7,5.019,22.359,142.82,61.465
32,7,3.3542,21.674,128.48,52.938
32,7,3.9738,21.569,128.06,53.127
32,7,3.9397,21.998,141.52,62.197
32,7,3.7436,21.578,131.97,55.919
32,7,3.9824,21.105,125.12,52.21
32,7,4.2002,21.205,124,51.39
32,7,4.6176,22.169,134.91,55.584
32,7,3.9217,21.296,130.44,56.945
32,7,3.8894,20.888,124.25,52.429
32,7,4.759,21.662,134.94,58.94
32,7,4.3779,22.287,138.41,57.001
32,7,5.6092,21.511,125.77,50.41
32,7,4.1267,22.217,140.15,60.059
32,7,4.3434,20.812,126.05,54.32
32,7,4.7415,21.302,125.94,52.853
32,7,4.9771,21.949,136.5,56.809
32,7,5.8437,22.068,141.72,61.37
32,7,6.3382,21.621,132.76,56.995
32,7,4.7144,21.447,131.72,56.784
32,7,4.1977,21.996,135.38,55.989
32,7,4.4284,21.396,127.91,53.971
32,7,4.2354,21.749,130.78,54.513
32,7,6.0505,21.361,127.78,53.923
32,7,3.8644,22.099,139.35,58.829
32,7,5.0364,22.451,137.05,55.203
32,7,4.7177,22.807,147.16,62.888
32,7,3.9762,22.046,137.53,57.7
32,7,3.9178,22.543,141.99,58.602
32,7,4.5323,20.511,113.29,45.005
32,7,6.2418,22.021,138.66,60.121
32,7,4.9432,20.447,120.04,51.699
32,7,4.2439,22.254,135.82,55.417
32,7,4.4914,21.333,127.98,54.756
32,7,4.9248,21.546,127.98,51.585
32,7,4.2924,22.294,138.4,56.8
32,7,3.9834,22.773,147.41,63.303
32,7,4.3331,22.25,139.41,58.621
32,7,5.4021,22.033,140.06,60.365
32,7,4.5252,20.971,118.04,46.731
32,7,3.6715,21.597,126.31,51.631
32,7,5.9307,21.218,124.15,51.441
32,8,4.0485,22.313,144.38,61.59
32,8,4.5999,22.247,134.56,53.789
32,8,4.1642,22.462,144.37,61.142
32,8,4.778,23.454,161.06,70.099
32,8,5.171,22.876,158,70.751
32,8,4.8784,23.712,168.8,75.041
32,8,3.9753,23.36,157.58,67.936
32,8,4.5307,22.718,151.68,67.095
32,8,4.6816,22.885,153.43,67.54
32,8,4.3857,23.205,158.4,70.116
32,8,6.6247,22.686,142.21,60.397
32,8,5.733,22.973,152.09,65.782
32,8,4.8365,22.557,144.93,61.992
32,8,5.5314,23.441,154.11,64.126
32,8,4.5823,24.839,179.86,78.027
32,8,6.235,23.065,158.19,70.529
32,8,5.0865,23.218,156.73,67.034
32,8,4.5988,23.093,155.3,67.905
32,8,4.616,22.608,146.56,62.781
32,8,4.7327,23.074,149.29,62.697
32,8,5.4284,23.128,150.09,63.543
32,8,5.4289,22.912,144.64,58.835
32,8,3.4131,22.888,152.97,67.372
32,8,5.914,22.386,145.83,62.488
32,8,4.9113,23.51,159.6,68.201
32,8,4.5897,23.163,148.71,60.841
32,8,5.1376,23.008,153.96,67.768
32,8,4.1576,23.527,153.47,64.327
32,8,3.6641,22.582,150.29,65.889
32,8,6.244,22.525,148.52,64.74
32,8,6.0383,22.878,154.76,67.747
32,8,5.5466,22.897,153.25,67.391
32,8,4.3506,23.028,152.08,65.638
32,8,4.9149,23.076,157.25,70.219
32,8,4.6989,23.107,159.76,73.217
32,8,5.7346,22.9,151.74,64.948
32,8,4.6701,22.486,144.99,62.053
32,8,6.0343,23.265,153.2,64.65
32,8,3.9774,22.165,143.57,63.507
32,8,5.139,23.6,162.56,71.203
32,8,5.1869,23.61,158.49,67.011
32,8,5.0858,25.06,176.9,75.201
32,8,5.3291,23.413,152.17,64.354
32,8,4.5311,23.249,152.11,63.502
32,8,6.3104,23.109,156.83,69.922
32,8,3.9747,22.513,147.25,63.284
32,8,5.4903,23.093,150.43,62.688
32,8,4.7753,23.501,158.12,66.41
32,8,5.0122,23.255,153.68,66.726
32,8,6.1222,23.499,166.32,75.936
32,8,6.0728,24.78,176.87,74.295
32,8,5.0259,22.09,139.33,58.809
32,8,4.4802,22.468,140.26,58.003
32,8,4.937,23.766,161.69,67.833
32,8,5.3114,23.529,163.17,72.589
32,8,4.8935,22.678,147.61,63.429
32,8,6.7594,23.351,158.38,69.452
32,8,4.7625,22.892,151.73,66.079
32,8,3.775,23.297,152.86,63.438
32,8,3.9463,22.303,149.91,66.056
32,8,7.5828,22.914,154.64,68.124
32,8,5.4362,22.986,149.9,62.776
32,8,3.8041,22.533,137.78,55.868
32,8,4.3918,23.104,152.18,64.25
32,8,4.9777,22.904,147.92,62.631
32,8,5.7018,21.89,142.23,63.119
32,8,4.535,23.591,156.72,66.057
32,8,4.4445,23.184,152.57,65.628
32,8,3.8539,23.53,160.41,69.072
32,8,4.8163,22.55,148.24,64.631
32,8,4.3102,23.244,158.21,68.661
32,8,3.8632,22.574,149.43,65.53
32,8,5.9706,22.686,144.46,60.018
32,8,4.6126,22.889,143.74,59.269
32,8,4.6597,22.875,147.08,62.299
32,8,4.7426,23.615,161.81,69.417
32,8,4.2784,23.312,151.16,62.174
32,8,5.849,22.655,149.74,65.344
32,8,5.7763,22.311,145.66,62.429
32,8,4.9478,22.51,146.54,63.386
32,8,5.5112,23.11,145.2,59.777
32,8,5.1364,23.288,158.07,68.504
32,8,5.2512,22.61,145.29,61.21
32,8,3.7804,23.277,156.2,66.357
32,8,5.2533,23.172,153.65,66.517
32,8,4.1005,23.282,148.25,59.271
32,8,4.942,22.858,148.68,63.699
32,8,4.1342,22.514,148.83,65.943
32,8,4.4039,22.69,146.86,62.709
32,8,4.4227,24.099,159.76,63.886
32,8,4.0354,23.808,168.41,74.343
32,8,6.0546,23.113,153.93,66.744
32,8,5.1229,22.975,158.01,70.129
32,8,3.9691,23.759,164.75,72.189
32,8,5.0026,23.393,156.49,66.276
32,8,4.4246,23.35,152.84,64.472
32,8,5.1423,21.776,136.36,57.958
32,8,4.4424,23.45,157.9,66.442
32,8,3.952,23.413,157.56,67.971
32,8,5.114,23.954,172.49,77.746
32,8,5.7818,23.389,155.78,66.183
32,8,4.1405,22.778,150.24,65.327
32,8,4.9728,23.345,161.31,71.478
32,8,6.3351,22.884,149.19,62.981
32,8,6.0382,23.864,151.73,60.044
32,8,4.67,22.257,137.76,54.696
32,8,3.8133,22.129,138.97,59.192
32,8,4.1204,24.078,167.68,73.075
32,8,4.6511,23.764,158.18,66.888
32,8,4.983,22.039,136.14,55.839
32,8,5.5421,22.872,157,69.221
32,8,4.8585,22.4,140.62,58.946
32,8,4.6863,22.525,151.71,67.572
32,8,4.9517,24.238,167.77,72.386
32,8,4.1443,23.355,155.25,65.969
32,8,4.9749,23.666,164.38,73.089
32,8,4.9171,23.638,167.47,76.08
32,8,4.1057,23.999,167.78,71.902
32,8,5.2405,22.915,149.92,64.538
32,8,6.8393,22.655,148.67,64.984
32,8,6.9745,22.79,152.97,67.865
32,8,5.7804,22.86,153.11,67.429
32,8,4.7066,22.729,147.16,62.31
32,8,4.7288,22.184,144.24,62.92
32,8,3.9794,22.818,149.55,63.799
32,8,4.5772,23.182,159.39,69.578
32,8,5.226,23.11,156.63,69.135
32,8,3.7794,22.779,154.09,69.058
32,8,5.518,22.691,145.2,61.26
32,8,4.3137,22.858,153.57,66.729
32,8,5.0583,22.424,147.07,64.297
32,8,4.4789,23.381,156.32,68.193
32,8,3.8207,23.761,153.53,61.63
32,8,4.7738,22.977,143.73,58.227
32,8,5.3054,23.371,158.49,68.805
32,8,4.9871,21.864,139.81,59.928
32,8,5.2305,22.685,152.99,68.296
32,8,3.4974,23.355,161.06,72.196
32,8,5.2189,23.313,156.59,67.269
32,8,5.0335,23.568,157.1,65.072
32,8,4.8483,22.685,147.4,62.89
32,8,4.7914,23.097,152.15,63.658
32,8,4.6994,22.817,150.81,64.338
32,8,4.9388,23.436,149.3,60.472
32,8,3.9373,23.798,165.41,73.235
32,8,4.5335,21.689,133.39,56.616
32,8,4.5954,22.948,153.25,66.358
32,8,4.2076,22.625,146.24,62.397
32,8,4.9931,22.897,146.7,59.091
32,8,6.5089,22.293,145.04,62.94
32,8,5.3098,24.673,181.5,80.897
32,8,4.1481,23.961,165.71,72.12
32,8,4.6746,23.689,165.31,73.45
32,8,4.5656,22.561,149.03,64.673
32,8,4.583,21.697,136.96,59.078
32,8,4.4874,22.258,144.84,63.306
32,8,4.642,23.713,156.05,63.228
32,8,4.3013,22.651,142.32,58.806
32,8,5.1162,22.854,144.74,58.288
32,8,4.5785,23.673,162.88,72.138
32,8,4.7928,22.908,142.76,56.555
32,8,5.2448,22.676,147.56,63.045
32,8,3.9823,23.092,156.83,69.272
32,8,4.6678,22.62,144.3,61.165
32,8,4.6739,21.83,137.56,58.752
32,8,4.1282,23.19,158.98,70.285
32,8,6.1225,23.48,156.28,65.705
32,8,5.1012,23.447,153.67,64.752
32,8,4.7808,22.736,141.15,58.098
32,8,7.3343,23.156,152.85,65.323
32,8,5.4694,22.375,140.49,58.784
32,8,5.781,23.674,160.59,66.924
32,8,5.5145,22.698,150.98,66.844
32,8,4.6314,23.749,157.82,65.12
32,8,4.9855,24.15,167.36,71.228
32,8,4.1278,24.37,172.82,76.403
32,8,4.5461,22.62,152.04,68.601
32,8,4.2978,24.593,177.81,78.033
32,8,5.1791,22.098,136.82,57.488
32,8,4.6468,22.654,139.59,53.471
32,8,5.1683,22.796,153.93,67.976
32,8,5.0981,22.308,141.94,60.546
32,8,4.581,22.486,147.5,64.156
32,8,4.6558,23.547,164.87,72.737
32,8,4.6045,22.621,140.31,56.339
32,8,5.2526,22.333,145.54,62.223
32,8,4.7778,23.747,166.74,73.147
32,8,5.2534,22.286,144,63.629
32,8,6.591,23.927,166.34,73.205
32,8,4.0076,23.113,151.97,64.178
32,8,4.5451,23.215,159.31,70.009
32,8,4.5691,24.115,162.65,67.522
32,8,5.3992,22.59,144.02,60.974
32,8,4.5918,22.988,151.14,62.836
32,8,6.268,23.759,160.45,69.965
32,8,4.1575,22.805,150.36,65.669
32,8,4.0315,23.424,160.87,70.708
32,8,5.1005,23.43,155.96,67.495
32,8,7.2721,22.939,145.04,57.227
32,8,5.7722,21.962,138.76,59.622
32,8,6.4798,22.773,143.14,57.746
32,8,3.868,23.34,157.52,67.634
32,8,7.5544,22.589,146.39,61.524
32,8,4.5956,22.81,149.76,64.121
32,8,4.4197,22.758,146.7,62.588
32,8,6.7769,22.846,148.98,62.703
32,8,5.4868,23.772,158.87,67.547
32,8,5.109,23.274,159.84,70.829
32,8,3.8071,22.713,152.96,67.382
32,8,4.5171,22.359,142.29,60.238
32,8,5.6205,23.044,156.95,69.25
32,8,5.821,23.285,154.85,64.57
32,8,3.9164,22.833,152.34,66.423
32,8,5.7442,22.787,151.51,64.804
32,8,5.4698,23.287,148.81,60.847
32,8,5.6405,23.363,150.05,58.195
32,8,4.5117,22.606,146.61,62.012
32,8,5.3878,23.712,163.66,70.762
32,8,6.1002,23.043,157.44,68.597
32,8,4.7,22.789,146.92,62.302
32,8,4.1055,22.613,147.94,64.098
32,8,5.4797,23.346,155.11,64.961
32,8,5.506,22.634,146.32,62.856
32,8,7.5318,23.635,162.45,71.219
32,8,5.0195,22.462,151.56,67.382
32,8,3.9645,22.699,150.1,65.468
32,8,3.888,22.569,144.89,60.338
32,8,7.0611,22.665,144.62,60.333
32,8,4.8175,23.054,152.07,64.722
32,8,5.5624,21.706,130.43,53.928
32,8,4.4673,23.895,163.72,69.378
32,8,4.9413,23.383,160.94,71.281
32,8,3.8285,23.824,163.8,69.748
32,8,4.6563,21.94,131.13,52.389
32,8,4.4737,22.19,141.99,60.894
32,8,5.0604,22.974,145.59,60.403
32,8,4.2422,22.347,140.69,59.783
32,8,4.7501,23.047,154.67,66.089
32,8,4.0748,23.337,154.43,65.516
32,8,4.9218,23.733,158.64,65.97
32,8,4.8753,24.399,176.49,78.232
32,8,4.1262,23.334,152.03,63.266
32,8,4.02,23.917,164.47,70.199
32,8,6.5566,22.832,142.31,57.978
32,8,6.876,23.307,155.47,66.007
32,8,4.6724,22.338,137.88,55.971
32,8,5.56,23.41,157.72,67.533
32,8,4.6674,22.639,145.14,62.188
32,8,5.7893,22.274,140.34,59.962
32,8,5.1033,22.574,149.46,65.497
32,8,6.3489,23.487,162.56,71.933
32,8,5.6146,22.137,134.84,55.591
32,8,5.9821,23.768,166.27,73.263
32,8,5.2993,22.6,146.79,61.927
32,8,5.4055,23.632,158.72,67.887
32,8,5.0328,22.738,154.72,68.717
32,8,4.6492,22.908,150.31,63.748
32,8,4.2821,23.677,165.35,71.57
32,8,4.7858,22.238,144.98,62.648
32,8,4.0379,23.375,159.52,69.835
32,8,4.9772,22.542,148.32,65.035
32,8,5.6704,23.439,156.1,65.126
32,8,4.3199,22.552,150.9,66.104
32,8,4.9905,22.287,142.79,63.023
32,8,4.2635,22.501,145.43,61.949
32,8,5.3347,23.078,156.86,68.401
32,8,3.8719,22.824,147.69,62.379
32,8,5.6837,22.746,149.67,64.805
32,8,4.3386,22.677,147.15,63.509
32,8,3.907,23.014,155.27,67.445
32,8,4.3073,22.584,143.45,58.961
32,8,5.1885,23.061,149.56,63.378
32,8,5.1969,22.479,144.26,61.423
32,8,5.4986,23.68,166.77,73.969
32,8,4.2211,22.411,147.45,64.398
32,8,4.6009,21.786,131.42,54.288
32,8,4.0819,23.626,157.82,67.264
32,8,4.1857,22.806,147.06,62.646
32,8,5.553,23.605,157.14,65.258
32,8,3.9674,22.427,144.62,62.37
32,8,3.6709,22.805,147.58,62.947
32,8,4.4317,24.011,160.18,67.316
32,8,6.2382,23.226,158.16,69.888
32,8,4.9471,22.949,151.97,66.098
32,8,5.0763,22.491,139.23,57.425
32,8,4.914,21.71,133.85,55.61
32,8,4.729,22.702,153.7,68.495
32,8,5.031,23.905,163.87,69.53
32,8,5.905,23.54,153.33,61.917
32,8,5.3535,23.398,155.89,64.369
32,8,4.1888,23.936,164.39,71.752
32,8,5.2064,23.028,156.16,69.556
32,8,4.0205,23.266,162.36,71.947
32,8,4.7129,24.373,175.15,76.95
32,8,4.4001,23.382,156.14,64.898
32,8,5.0837,22.54,147.95,63.965
32,8,7.7901,23.542,158.75,68.155
32,8,4.7735,23.588,160.11,68.704
32,8,4.4814,23.773,157.57,64.993
32,8,3.9404,23.325,157.2,67.9
32,8,6.053,23.022,154.01,67.073
32,8,4.7332,23.043,152.2,64.343
32,8,6.0865,22.249,143.11,62.16
32,8,3.7104,23.825,160.81,67.781
32,8,4.2978,22.72,149.65,62.755
32,8,6.2927,23.24,152.01,63.723
32,8,4.6169,23.135,157,68.534
32,8,4.318,23.542,165.12,73.393
32,8,3.8126,22.838,146.84,61.925
32,8,3.884,22.929,147.42,62.372
32,8,4.6844,22.962,155.13,68.719
32,8,6.1491,23.164,158.39,69.654
32,8,3.8843,23.053,150.88,63.702
32,8,5.722,22.693,149.76,65.642
32,8,3.8294,23.854,167.39,72.05
32,8,4.6241,23.123,152.54,64.575
32,8,3.8472,23.424,157.86,68.294
32,8,4.2164,22.363,146.01,63.185
32,8,5.8911,23.305,157.78,68.479
32,8,4.3747,22.4,138.45,56.023
32,8,5.0281,21.958,138.26,58.847
32,8,5.3377,24.213,168.2,71.581
32,8,4.3613,23.006,150.48,64.506
32,8,5.289,23.556,155.76,65.862
32,8,4.3852,23.449,160.67,70.703
32,8,4.9126,22.585,147.14,62.96
32,8,5.1157,22.963,145.55,60.62
32,8,4.5972,22.268,141.69,60.298
32,8,4.2072,23.169,152.99,64.659
32,8,4.5247,23.234,156.5,66.464
32,8,4.2117,23.162,151.99,63.826
32,8,4.3344,22.255,143.24,62.199
32,8,4.9354,23.06,154.25,66.963
32,8,4.458,23.511,156.25,65.937
32,8,3.8553,22.469,141.03,59.123
32,8,5.2767,22.962,146.71,60.65
32,8,4.5702,22.787,151.56,66.639
32,8,6.3305,22.305,132.5,52.318
32,8,4.6925,23.932,166.4,73.03
32,8,4.7927,24.474,171.11,74.042
32,8,4.4291,24.49,170.04,71.157
32,8,3.5654,23.767,153.71,62.628
32,8,5.5267,22.956,152.67,64.979
32,8,4.7036,22.497,147.33,64.149
32,8,5.1001,24.038,167.76,73.536
32,8,5.2363,23.268,152.24,64.02
32,8,4.2606,23.45,153.97,64.553
32,8,5.7732,22.912,146.76,59.875
32,8,4.1499,22.166,137.82,56.754
32,8,6.717,22.585,143.45,58.55
32,8,5.1341,22.055,141.3,60.012
32,8,6.9562,22.114,141.2,61.179
32,8,6.0422,23.308,152.9,64.156
32,8,4.1072,22.115,134.3,54.994
32,8,5.048,22.924,153.49,65.871
32,8,5.8023,22.293,146.56,65.14
32,8,6.5433,23.295,154.4,66.16
32,8,5.2085,23.675,160.09,68.307
32,8,4.5876,22.796,144.97,61.268
32,8,4.7226,22.811,146.92,61.592
32,8,4.7587,22.567,148.59,65.397
32,8,4.2411,23.147,154.81,66.14
32,8,3.9551,24.388,171.19,72.906
32,8,7.4837,22.764,145.95,61.898
32,8,5.0996,23.27,163.88,72.794
32,8,4.5694,22.817,151.59,66.629
32,8,4.7415,23.056,153.95,67.174
32,8,4.9639,23.62,160.87,69.81
32,8,4.5573,23.553,156.14,66.827
32,8,6.0086,24.276,169.03,72.678
32,8,5.1416,22.62,147.57,62.899
32,8,6.8906,23.786,162.19,67.864
32,8,5.188,22.698,153.68,68.747
32,8,4.274,23.078,150.33,63.419
32,8,4.0991,22.876,146.6,59.712
32,8,3.6232,23.501,160.12,68.613
32,8,8.1171,23.983,163.07,67.298
32,8,5.4415,22.676,146.28,62.312
32,8,7.0404,23.296,161.52,72.129
32,8,4.4598,22.339,146.88,63.385
32,8,4.6349,23.099,155.6,67.836
32,8,4.9831,22.948,155.1,68.186
32,8,5.4339,22.8,144.66,59.862
32,8,4.0223,22.603,146.6,63.104
32,8,5.3343,22.316,143.42,60.726
32,8,7.5437,22.424,140.43,58.868
32,8,4.6359,23.762,162.74,69.748
32,8,3.9407,23.07,150.34,64.144
32,8,4.9706,22.519,145.05,63.654
32,8,4.95,23.514,154.98,65.088
32,8,4.2847,22.732,145.96,60.055
32,8,4.4633,22.899,150.76,64.97
32,8,4.4052,22.038,138.59,57.955
32,8,5.077,23.174,155.23,67.427
32,8,5.1982,22.823,149.76,65.483
32,8,4.6747,22.589,148.29,65.538
32,8,4.0349,23.632,152.42,61.301
32,8,5.8006,23.66,153.43,63.479
32,8,4.1802,22.726,147.87,64.174
32,8,4.9104,23.63,166.37,74.878
32,8,4.9685,23.463,160.61,69.881
32,8,4.8029,23.864,166.69,72.772
32,8,4.1586,22.547,152,67.399
32,8,3.679,24.215,176.42,79.119
32,8,5.1578,23.046,156.79,68.496
32,8,5.5554,23.639,160.16,69.005
32,8,4.0716,23.528,160.97,70.072
32,8,3.504,23.385,157.36,69.056
32,8,5.6842,22.868,147.57,62.598
32,8,4.9235,23.734,162.87,71.008
32,8,4.9611,23.735,167.91,74.833
32,8,4.2368,22.209,143.91,63.7
32,8,4.3904,22.341,144.06,61.122
32,8,3.6642,22.427,149.38,66.775
32,8,4.434,22.982,154.15,67.209
32,8,4.1513,23.167,148.12,60.542
32,8,6.1151,22.84,150.19,65.884
32,8,3.8211,22.504,144.73,60.687
32,8,9.8416,23.606,159.31,67.682
32,8,4.5742,22.385,141.01,59.083
32,8,4.3026,23.25,156.27,68.068
32,8,4.8442,21.567,133.96,58.511
32,8,3.8289,23.489,157.97,67.573
32,8,5.6186,23.387,154.48,65.463
32,8,4.2196,23.126,150.04,61.346
32,8,5.5372,22.678,148.32,64.525
32,8,5.2101,21.689,132.81,55.102
32,8,4.5617,23.503,156.99,66.643
32,8,5.927,23.339,158.72,69.853
32,8,4.5543,22.672,149.26,64.418
32,8,4.1102,23.212,149.12,61.838
32,8,3.5596,22.903,144.12,59.026
32,8,5.8928,23.393,160.59,70.495
32,8,4.1076,23.013,155.25,69.23
32,8,4.6565,22.232,143.95,62.73
32,8,4.3464,22.685,147.86,64.195
32,8,4.6658,22.683,144.95,60.832
32,8,4.2319,22.692,148.81,64.242
32,8,3.9183,24.314,165.5,68.504
32,8,5.8858,23.514,158.86,67.312
32,8,6.5798,23.377,160.56,70.442
32,8,4.9008,23.193,150.5,61.839
32,8,4.5163,24.243,169.14,72.504
32,8,4.5806,22.644,142.27,58.665
32,8,5.1897,23.478,159.35,68.133
32,8,4.9462,23.085,158.08,68.782
32,8,4.8674,23.141,152.42,63.43
32,8,6.2241,23.143,155,66.992
32,8,3.7062,23.721,163.43,72.781
32,8,5.7344,22.504,143.37,59.489
32,8,5.2754,22.635,152.35,68.054
32,8,3.4952,22.424,144.27,61.317
32,8,3.8807,22.441,145.86,63.756
32,8,4.8698,23.309,152.66,62.492
32,8,3.9682,23.215,155.53,66.306
32,8,4.7353,22.845,150.19,64.164
32,8,4.241,22.032,140.99,61.071
32,8,4.4857,24.063,165,71.134
32,8,5.0289,22.247,140.61,60.328
32,8,5.5989,22.321,145.5,62.921
32,8,5.2409,22.359,146.51,63.085
32,8,5.2236,22.445,142.71,59.457
32,8,5.5361,23.414,158.21,68.299
32,8,4.9486,21.748,136.44,58.618
32,8,4.0725,22.976,147.19,60.838
32,8,4.493,21.562,133.74,57.21
32,8,4.6629,23.317,157.91,68.617
32,8,5.7862,23.344,153.46,63.476
32,8,4.2512,23.252,157.86,68.341
32,8,6.5222,23.475,163,72.779
32,8,5.0103,22.668,150.97,63.815
32,8,3.9917,23.165,156.93,68.773
32,8,4.4521,23.439,156.67,65.701
32,8,5.2895,22.45,143.72,61.984
32,8,5.3319,21.948,135.83,55.215
32,8,4.1377,22.986,147.01,61.59
32,8,4.2886,22.344,146.4,63.985
32,8,4.6212,22.228,141.99,61.339
32,8,3.6753,22.331,144.29,62.174
32,8,5.0568,23.092,149.87,62.76
32,8,4.6481,22.768,150.93,66.278
32,8,5.3329,22.591,148.87,65.184
32,8,4.4296,23.156,153.21,63.704
32,8,4.4757,22.461,143.78,59.313
32,8,6.0064,23.617,165.34,72.82
32,8,4.4057,23.336,155.76,67.098
32,8,4.1037,24.102,168.47,73.471
32,8,4.4277,23.519,159.67,69.55
32,8,4.9853,22.812,148.98,63.351
32,8,4.3845,24.283,169.88,73.825
32,8,4.9559,23.061,154.13,67.779
32,8,4.2816,23.108,153.39,64.813
32,8,5.2674,23.069,153.77,66.929
32,8,3.5116,22.81,158.86,72.922
32,8,4.6619,22.755,147.52,63.63
32,8,4.4187,24.073,167.84,73.815
32,8,4.8426,22.9,151.97,65.503
32,8,3.8324,23.141,157.46,69.744
32,8,4.1732,23.816,164.53,71.553
32,8,6.1276,23.26,150.57,63.31
32,8,3.9917,23.583,157.38,66.133
32,8,5.9737,22.99,153.04,66.371
32,8,4.9346,23.01,153.78,65.879
32,8,4.9895,22.145,142.19,61.331
32,8,4.2388,23.776,167.74,76.439
32,8,4.7899,23.329,154.55,65.86
32,8,3.6068,23.522,160.94,70.334
32,8,5.041,23.431,156.09,67.499
32,8,3.9663,22.854,152.89,66.793
32,8,5.1955,23.286,155.81,67.296
32,8,4.4679,23.733,161.97,69.069
32,8,6.3962,24.027,167.1,72.18
32,8,4.6368,24.566,167.56,66.861
32,8,5.8821,23.995,173.93,79.083
32,8,6.8853,22.123,146.86,65.856
32,8,5.4327,22.341,144.29,62.554
32,8,6.913,22.3,138.11,57.793
32,8,4.4019,22.729,146.82,61.99
32,8,4.3715,23.071,149.75,63.773
32,8,4.2047,23.466,155.56,65.943
32,8,4.5206,23.645,159.96,68.32
32,8,4.5321,22.874,146.04,60.562
32,8,4.7966,24.225,169.48,72.294
32,8,4.5248,23.49,162.1,71.136
32,8,4.7116,23.642,156.83,67.429
32,8,5.1608,23.974,161.07,67.243
32,8,5.0613,23.693,159.73,67.854
32,8,4.1635,23.107,154.42,66.872
32,8,5.149,23.856,165.69,71.652
32,8,5.2303,22.574,149.58,65.155
32,8,4.7704,22.7,149.15,64.406
32,8,5.6954,22.743,147.14,62.757
32,8,5.2352,23.076,150.53,63.194
32,8,5.8508,22.178,140.23,58.703
32,8,4.4094,22.744,149.24,64.434
32,8,5.3952,22.639,149.05,64.816
32,8,4.9396,22.894,151.32,65.238
32,8,5.0133,22.607,153.04,67.74
32,8,4.4326,23.546,154.31,64.649
32,8,4.4249,23.011,153.75,67.282
32,8,5.3286,22.88,149.66,64.153
32,8,4.6644,23.432,157.73,67.887
32,8,5.075,22.206,142.8,61.823
32,8,4.7042,22.913,150.83,64.619
32,8,3.7818,23.126,157.27,69.019
32,8,5.3712,22.783,147.81,62.834
32,8,4.7285,23.043,148.14,59.913
32,8,4.5957,22.259,141.11,59.748
32,8,3.8369,23.277,151.44,61.747
32,8,7.246,23.876,162.04,68.757
32,8,4.6975,23.293,155.99,66.728
32,8,5.047,23.431,154.41,65.87
32,8,4.7546,23.586,158.64,67.88
32,8,4.4507,23.472,159.98,69.731
32,8,4.8677,22.93,151.72,63.966
32,8,4.0929,22.626,141.71,58.608
32,8,4.9152,23.086,147.41,61.787
32,8,5.0369,23.225,152.27,64.872
32,8,4.0565,23.083,150.84,63.693
32,8,7.677,23.265,151.63,63.89
32,8,5.7615,22.878,154.41,67.175
32,8,4.2134,22.458,142.59,61.258
32,8,5.4279,23.062,147.88,60.754
32,8,4.6776,23.638,161.99,70.657
32,8,6.0533,23.468,155.63,67.262
32,8,4.4028,22.682,151.24,66.794
32,8,4.6572,22.817,145.06,60.596
32,8,5.8197,23.024,148.75,62.819
32,8,3.7204,23.687,166.5,73.724
32,8,5.2937,22.72,148.98,63.078
32,8,5.7291,22.163,144.08,64.19
32,8,4.3299,23.363,158.84,68.961
32,8,4.4921,23.847,163.52,70.374
32,8,4.6395,22.344,150.79,67.932
32,8,5.552,23.64,165.5,74.622
32,8,5.5078,24.001,167.8,73.401
32,8,4.6603,23.265,152.27,64.079
32,8,4.4175,22.136,144.89,62.919
32,8,4.3202,22.812,148.18,61.052
32,8,5.8973,22.29,137.86,57.44
32,8,3.6175,23.082,149.42,61.547
32,8,3.8334,22.602,146.17,63.393
32,8,4.4136,22.883,150.58,64.435
32,8,4.1952,23.217,154.21,66.488
32,8,4.4771,23.833,165.65,72.336
32,8,3.3728,22.474,142.75,59.335
32,8,4.3057,23.717,159.85,66.247
32,8,4.1049,22.532,143.98,60.769
32,8,6.8745,23.662,160.12,69.003
32,8,6.1155,23.311,159.94,70.774
32,8,4.2739,23.35,157.89,67.838
32,8,4.3446,22.159,144.97,64.114
32,8,5.1432,23.06,153.51,66.78
32,8,4.2858,23.795,159.76,67.401
32,8,4.6625,24.161,169.36,73.458
32,8,6.11,22.814,145.84,60.536
32,8,7.5091,24.051,164.72,71.718
32,8,4.523,23.056,155.51,68.662
32,8,4.4987,23.027,151.94,65.557
32,8,4.7615,22.705,149.26,64.64
32,8,4.5954,22.984,151.41,63.255
32,8,5.1796,22.937,157.41,70.824
32,8,5.8328,25.042,181.11,78.876
32,8,4.4632,22.047,136.49,56.131
32,8,4.7869,23.414,157.75,67.021
32,8,4.4115,23.221,155.27,67.011
32,8,4.4432,23.64,161.32,69.647
32,8,4.648,21.989,139.37,59.351
32,8,5.9603,23.929,168.79,73.923
32,8,5.4474,23.623,162.7,71.289
32,8,3.8116,23.165,153.21,63.748
32,8,4.6577,23.062,155.54,68.858
32,8,4.4415,23.125,156.06,67.263
32,8,3.7474,22.741,147.75,63.083
32,8,4.9644,22.274,145.86,64.58
32,8,4.544,23.028,151.65,65.431
32,8,5.3124,23.56,162.39,71.689
32,8,4.6421,23.272,152.89,63.217
32,8,5.5829,21.903,135,55.867
32,8,4.9158,23.236,156.36,68.211
32,8,4.7495,23.528,157.28,65.752
32,8,4.7163,22.494,145.08,61.987
32,8,4.9823,23.292,148.67,61.04
32,8,5.1002,21.876,136.35,57.75
32,8,5.6956,22.153,141.45,60.104
32,8,5.7117,22.457,147.01,63.882
32,8,4.4143,22.871,148.98,63.226
32,8,4.5707,22.721,147.2,62.138
32,8,4.558,23.97,165.58,71.305
32,8,3.6999,22.934,144.33,59.091
32,8,3.8747,21.838,142.97,64.268
32,8,4.1085,23.998,166.4,70.754
32,8,4.1649,23.297,165.34,74.862
32,8,5.0346,23.445,162.1,71.049
32,8,4.9836,23.013,152.86,66.008
32,8,4.7257,23.138,148.43,60.756
32,8,5.8379,22.483,148.61,64.88
32,8,5.348,23.014,152.5,66.143
32,8,3.9391,22.777,158.02,72.202
32,8,5.2615,23.121,152.59,66.311
32,8,5.8323,23.707,165.56,72.864
32,8,6.1761,23.119,156.98,68.523
32,8,6.7083,22.433,141.73,60.461
32,8,5.1686,23.009,148.22,62.737
32,8,4.1544,22.365,141.11,60.271
32,8,6.2931,22.08,141.03,59.634
32,8,5.3745,23.223,149.31,59.281
32,8,4.8287,23.3,156.14,66.703
32,8,5.7545,23.134,147.75,59.565
32,8,3.7782,22.395,147.15,64.355
32,8,4.45,22.703,152.18,65.265
32,8,4.5,22.703,145.72,61.811
32,8,4.7509,23.52,162.34,70.879
32,8,4.2886,22.466,141.1,57.671
32,8,6.3593,22.362,145.26,62.246
32,8,4.6792,22.315,141.26,57.193
32,8,4.6168,23.151,148.47,63.091
32,8,3.7802,23.113,155.39,66.677
32,8,4.5743,22.657,153.46,69.033
32,8,5.5205,23.269,154.2,66.296
32,8,5.2818,24.058,159.41,64.648
32,8,4.0061,22.848,149.56,64.676
32,8,4.2558,22.69,146.07,61.626
32,8,4.2975,23.204,151.22,63.669
32,8,4.9618,23.768,166.62,73.335
32,8,4.9798,23.074,150.04,62.273
32,8,4.1748,23.441,156.42,64.29
32,8,4.5816,22.949,151.1,64.018
32,8,4.434,23.137,152.94,64.578
32,8,4.4118,23.062,146.55,58.686
32,8,4.6669,22.836,147.71,64.377
32,8,4.9101,22.939,158.94,71.918
32,8,4.1593,23.193,154.97,67.204
32,8,4.746,23.876,167.8,73.802
32,8,4.6525,22.842,151.47,64.928
32,8,4.2483,22.643,147.08,62.434
32,8,4.8438,23.507,161.43,70.757
32,8,5.6041,23.418,154.07,65.881
32,8,5.0089,22.578,143.74,59.279
32,8,4.7422,22.89,150.52,63.944
32,8,4.0993,23.379,159.97,69.914
32,8,4.6713,22.943,146.09,60.253
32,8,4.0806,23.173,149.62,62.385
32,8,4.9772,23.246,154.26,65.712
32,8,5.2744,22.82,149.33,63.806
32,8,3.9484,22.672,143.45,59.292
32,8,4.8908,22.894,145.27,58.885
32,8,5.3043,22.504,149.76,65.451
32,8,3.732,22.979,149.59,63.906
32,8,4.7319,22.243,142.57,61.253
32,8,5.666,23.238,152.94,64.456
32,8,3.6165,22.511,149.44,66.46
32,8,4.447,23.107,150.31,62.494
32,8,4.5166,23.251,156.32,66.757
32,8,4.3897,22.366,134.98,53.696
32,8,5.3862,22.217,140.59,59.743
32,8,4.2308,22.807,155.02,69.369
32,8,5.9438,23.233,152.56,64.699
32,8,4.9879,22.356,138.99,57.355
32,8,4.9502,22.929,146.08,61.337
32,8,3.5936,23.277,156.55,67.858
32,8,5.8762,22.848,154.53,69.413
32,8,6.0039,23.132,152.05,63.27
32,8,6.2218,23.484,157.02,66.187
32,8,4.9761,23.029,155.54,67.129
32,8,5.8229,23.503,157.66,67.493
32,8,4.6652,23.588,151.36,59.312
32,8,4.6928,23.12,153.89,67.342
32,8,5.1485,22.451,146.41,64.054
32,8,5.4777,22.986,155.84,68.659
32,8,5.1022,23.315,156.74,68.61
32,8,4.6313,24.052,169.27,74.575
32,8,5.6558,22.471,146.26,61.409
32,8,4.8014,23.326,151.7,63.616
32,8,5.2319,23.372,159.86,69.857
32,8,4.1147,22.91,151.93,63.682
32,8,4.7276,23.516,155.86,65.951
32,8,3.6373,23.068,149.85,63.285
32,8,4.2223,23.069,153.4,68.048
32,8,5.56,22.179,144.69,62.03
32,8,5.5094,23.553,156.01,66.25
32,8,6.8468,22.785,153.59,68.27
32,8,5.3044,22.847,147.8,62.789
32,8,3.582,23.926,158.94,66.398
32,8,4.3828,22.104,141.54,60.109
32,8,3.5875,23.262,154.5,65.544
32,8,4.844,23.645,162.28,69.617
32,8,3.8067,22.407,150.26,66.882
32,8,4.5604,22.533,147.78,64.336
32,8,3.6348,23.168,158,68.879
32,8,4.8672,23.226,156.7,67.865
32,8,8.5719,20.631,122.84,51.483
32,8,5.5579,21.794,139.69,62.484
32,8,4.9436,23.026,157.81,69.831
32,8,6.0763,23.461,160.63,70.269
32,8,4.9508,23.801,158.69,66.989
32,8,6.8513,23.938,161.04,65.918
32,8,7.0042,23.491,159.81,69.166
32,8,3.8288,22.503,147.97,63.447
32,8,5.7871,22.93,155.73,69.119
32,8,5.0267,23.522,164.45,73.783
32,8,4.6157,22.961,153.23,67.717
32,8,3.7512,23.744,168.84,75.58
32,8,5.1438,23.445,158.78,69.896
32,8,4.5761,23.111,154.62,68.856
32,8,4.3103,22.642,144.67,60.411
32,8,5.1043,22.601,153.33,67.875
32,8,4.1306,23.077,152.67,64.254
32,8,6.0024,23.136,157.52,69.634
32,8,4.5446,23.267,161.33,72.218
32,8,5.7212,23.557,161.11,70.599
32,8,5.1844,23.434,157.92,68.548
32,8,4.9541,23.008,149.55,63.056
32,8,4.7095,23.647,163.03,72.317
32,8,5.2757,23.076,150.93,64.689
32,8,4.5688,23.267,157.61,69.437
32,8,4.429,23.115,155.55,68.894
32,8,4.068,23.447,155.85,65.003
32,8,5.2915,23.407,155.88,66.461
32,8,3.7371,22.989,152.89,66.706
32,8,7.555,22.828,149.75,64.577
32,8,4.2678,22.613,145.38,62.319
32,8,4.7653,23.353,159.79,69.455
32,8,5.0734,22.35,145.95,64.59
32,8,4.9072,23.687,162.55,70.491
32,8,6.2038,23.131,158.72,70.923
32,8,4.4226,23.568,159.42,67.158
32,8,4.837,22.91,154.77,69.415
32,8,4.1726,23.032,151.86,64.622
32,8,4.2435,23.144,156.49,68.446
32,8,3.9502,22.146,138.84,58.284
32,8,4.5374,22.107,142.2,61.17
32,8,5.3673,22.63,143.89,58.902
32,8,3.8294,23.429,160.78,70.773
32,8,4.1749,23.308,145.81,56.216
32,8,4.5147,23.855,169.17,72.978
32,8,5.7258,22.711,140.28,56.732
32,8,4.7881,22.986,149.38,62.884
32,8,4.1732,23.914,162.92,69.678
32,8,4.6291,23.168,153.93,65.675
32,8,5.5565,22.838,154.03,67.726
32,8,4.4919,22.295,147.97,65.506
32,8,5.1585,22.713,144.16,60.683
32,8,5.2504,24.035,164.77,70.956
32,8,4.647,22.987,152.18,65.17
32,8,6.5092,22.785,145.78,61.609
32,8,4.3949,22.665,149.38,64.163
32,8,4.3584,23.166,151.59,63.667
32,8,6.4218,22.311,146.52,63.727
32,8,6.2873,23.529,156.89,65.718
32,8,5.3185,22.958,154.35,67.194
32,8,5.053,22.668,147.68,63.502
32,8,4.9042,22.865,139.6,55.434
32,8,4.4002,24.274,174.64,76.842
32,8,3.7442,23.463,157.12,67.258
32,8,4.0076,23.363,149.38,59.74
32,8,4.3565,23.933,161.8,69.168
32,8,5.3012,22.831,144.05,59.865
32,8,4.6255,22.745,149.14,65.107
32,8,7.1423,22.823,151.59,65.396
32,8,4.7165,22.035,132.85,54.644
32,8,4.85,22.837,147.93,62.977
32,8,5.759,23.484,160.82,70.814
32,8,5.2296,23.648,157.44,66.108
32,8,5.3423,24.117,168.8,73.174
32,8,4.1299,23.618,158.2,66.927
32,8,4.5292,22.234,141.08,60.843
32,8,5.5889,23.855,165.62,73.302
32,8,4.4198,23.632,154.25,62.869
32,8,4.5985,22.552,147.8,63.561
32,8,4.729,23.123,152.29,64.96
32,8,4.8228,22.748,146.01,61.463
32,8,5.1367,23.086,153.83,65.731
32,8,5.7984,23.782,159.53,66.352
32,8,5.1574,22.068,134.42,54.388
32,8,5.2254,23.664,163.19,71.323
32,8,4.0682,23.853,171.18,76.356
32,8,5.0891,23.138,156.42,67.775
32,8,5.5248,22.368,141.14,58.857
32,8,4.5691,22.766,152.75,67.127
32,8,5.2903,23.253,161.46,72.488
32,8,4.5977,23.393,159.23,69.975
32,8,3.7428,22.967,151.94,65.839
32,8,4.5927,22.392,145.35,63.148
32,8,4.8816,22.864,147.31,62.028
32,8,4.4484,23.702,163.28,71.239
32,8,5.7503,23.042,155.45,67.424
32,8,4.1879,23.462,155.84,65.308
32,8,5.6694,23.084,156.93,69
32,8,4.505,23.555,161.59,70.803
32,8,5.4094,22.079,139.89,59.84
32,8,4.2205,23.455,166.87,75.942
32,8,4.4669,23.286,158.79,70.829
32,8,4.728,22.808,147.69,63
32,8,5.5786,23.408,156.67,66.677
32,8,6.0037,22.958,151.58,65.124
32,8,5.013,22.878,154.63,67.894
32,8,4.411,23.237,150.59,61.348
32,8,4.9215,23.342,163.31,72.833
32,8,4.7297,24.853,185.42,83.961
32,8,4.6167,22.731,147.12,61.149
32,8,4.2913,23.465,154.93,65.411
32,8,4.0671,23.306,151.31,63.809
32,8,4.943,23.33,162.07,71.265
32,8,4.5986,23.193,152.44,65.673
32,8,7.085,23.479,163.79,73.436
32,8,3.7827,22.885,158.06,71.375
32,8,4.9567,21.832,131.63,53.232
32,8,7.2611,22.404,143.48,60.661
32,8,4.3236,22.021,137.14,57.865
32,8,4.5466,22.922,154.21,66.494
32,8,5.3532,23.307,150.74,60.637
32,8,4.1693,22.626,144.97,60.347
32,8,5.3742,24.738,170.17,69.593
32,8,3.8335,23.115,155.19,67.834
32,8,4.5135,21.909,138.67,60.068
32,8,4.0376,23.693,163.02,69.478
32,8,4.693,23.19,156.89,68.144
32,8,6.5188,22.333,137.32,56.733
32,8,4.2037,23.11,156.28,68.411
32,8,4.2168,22.332,137.29,55.346
32,8,3.975,23.711,158.66,63.901
32,8,5.0352,23.808,159.27,68.11
32,8,5.5863,22.721,151.12,66.673
32,8,4.6144,22.62,149,63.366
32,8,6.6778,23.335,158.2,69.225
32,8,5.0208,22.638,153.96,70.165
32,8,4.8867,22.948,149.27,64.229
32,8,5.2405,23.246,160.76,71.779
32,8,5.5559,23.075,155.95,68.752
32,8,5.7544,23.032,151.76,65.684
32,8,4.4691,23.228,154.73,66.231
32,8,4.0814,23.47,158.93,68.25
32,8,4.8521,23.215,153.4,65.259
32,8,4.3806,23.705,159.77,68.089
32,8,5.5968,22.77,149.36,64.303
32,8,4.871,22.75,147.69,62.404
32,8,5.2247,24.292,173.32,76.558
32,8,5.6513,22.996,150.27,64.712
32,8,3.8836,23.417,159.24,69.86
32,8,3.9141,23.085,156.48,68.065
32,8,5.1162,22.322,144.93,62.345
32,8,4.3656,22.579,144.15,57.428
32,8,5.3349,23.491,159.1,68.601
32,8,5.6307,23.273,149.49,61.683
32,8,4.252,23.135,147.98,60.071
32,8,5.1609,23.877,158.22,65.734
32,8,3.7834,24.768,175.89,76.222
32,8,4.5643,23.387,164.34,73.957
32,8,4.5169,23.501,159.22,68.368
32,8,3.7502,22.771,139.53,56.742
32,8,3.8219,22.947,151.38,65.188
32,8,5.5671,22.405,136.53,54.338
32,8,3.9135,21.981,140.38,60.542
32,8,4.3743,23.55,157.42,66.769
32,8,5.3028,22.473,148.84,64.623
32,8,5.0708,22.156,141.59,61.399
32,8,6.2037,23.449,156.92,66.854
32,8,3.6831,23.318,151.16,62.821
32,8,4.1712,22.415,137.2,55.565
32,8,3.3962,21.836,140.8,62.16
32,8,5.1861,23.205,154.8,67.375
32,8,4.3548,23.703,161.11,69.143
32,8,4.554,23.449,161.39,70.429
32,8,3.9928,23.479,159.74,69.245
32,8,5.1563,22.897,151.43,65.509
32,8,4.2442,23.271,152.7,64.5
32,8,5.7767,23.257,160.61,72.05
32,8,3.4847,22.412,146.19,62.864
32,8,4.6992,23.352,153.62,65.271
32,8,5.3502,22.746,148.3,63.518
32,8,7.9328,23.635,164.21,70.792
32,8,6.423,23.594,166.11,74.489
32,8,5.5526,23.208,151.07,63.43
32,8,5.4483,22.9,151.77,66.656
32,8,3.8616,23.595,164.13,71.829
32,8,4.0768,23.513,160.31,69.799
32,8,4.3669,22.89,147.88,60.496
32,8,4.9815,22.335,141.7,60.578
32,8,4.6504,23.503,154.07,64.039
32,8,5.0844,23.959,166.34,70.815
32,8,3.9671,23.078,153.41,66.102
32,8,4.3062,23.124,150.99,64.855
32,8,5.7611,22.902,152.36,66.284
32,8,4.1795,23.77,162.45,68.61
32,8,6.9869,23.713,158.71,67.476
32,8,4.1036,23.455,161.82,71.942
32,8,4.5769,22.654,146.07,60.765
32,8,4.8001,23.356,156.56,66.919
32,8,5.0325,22.661,149,64.742
32,8,5.141,21.421,131.34,56.354
32,8,5.799,23.26,146.49,57.696
32,8,6.0846,23.126,154.37,66.13
32,8,4.9663,22.769,150.23,65.641
32,8,4.3685,22.818,153.15,67.272
32,8,5.3581,22.236,138.99,57.445
32,8,5.6212,23.167,158.02,68.469
32,8,6.8353,22.531,147.11,63.219
32,8,4.9204,23.074,151.02,64.148
32,8,3.6203,23.28,160.49,70.969
32,8,4.3242,22.459,143.95,61.56
32,8,4.8138,23.261,153.76,64.822
32,8,4.3973,22.772,148.82,64.507
32,8,4.165,22.487,140.33,58.077
32,8,4.7179,21.96,142.49,62.565
32,8,5.7998,23.309,159.06,70.77
32,8,6.1887,22.539,145.14,62.065
32,8,6.6982,22.846,150.74,65.031
32,8,5.0195,23.609,162.14,71.133
32,8,5.6239,22.318,147.82,65.705
32,8,5.5317,23.946,169.67,74.884
32,8,5.3785,22.585,140.59,57.617
32,8,4.9369,22.806,151.98,64.616
32,8,5.0225,23.509,162.08,71.226
32,8,4.1056,23.236,161.98,72.482
32,8,5.6828,22.328,149.84,67.052
32,8,5.618,22.243,150.64,67.022
32,8,3.802,22.876,151.91,64.324
32,8,4.352,22.626,145.36,61.959
32,8,4.0211,22.192,139.11,57.358
32,8,3.9251,22.863,153.16,66.873
32,8,4.4426,22.521,152.44,69.111
32,8,4.2351,23.167,154.76,65.187
32,8,5.1449,23.695,162.88,69.727
32,8,5.1047,23.204,150.43,62.89
32,8,5.6878,23.267,153.68,63.814
32,8,7.1228,22.479,142.4,60.642
32,8,5.8358,23.938,170.78,76.064
32,8,5.6956,22.773,151.65,66.112
32,8,5.0699,23.264,156.79,68.171
32,8,5.5443,23.742,163.49,70.236
32,8,4.2511,22.796,140.36,55.476
32,8,6.4797,22.956,153.88,67.416
32,8,4.7867,23.124,156.74,68.44
32,8,5.6289,24.281,174.49,75.898
32,8,4.1133,21.525,131.92,55.112
32,8,4.9102,22.585,149.35,65.052
32,8,5.9802,23.67,162.34,71.357
32,8,3.8194,22.364,142.83,61.329
32,8,4.3808,23,154.8,66.881
32,8,4.4357,23.283,155.94,67.712
32,8,4.7645,23.914,165.75,72.066
32,8,4.4462,23.651,157.99,65.796
32,8,6.232,22.866,151.53,64.416
32,8,5.6155,22.892,148.79,63.646
32,8,5.1729,24.148,169.63,73.745
32,8,3.518,23.613,159.43,66.789
32,8,3.9161,22.637,150.92,65.383
32,8,4.3654,23.529,159.08,66.927
32,8,4.1261,22.492,147.62,62.111
32,8,5.1088,22.407,141.5,59.177
32,8,6.0414,23.257,162.38,73.239
32,8,5.7987,22.819,148.83,63.354
32,8,4.7121,23.512,163.49,71.294
32,8,4.0966,22.626,146.6,62.167
32,8,3.785,22.827,150.24,64.922
32,8,6.1198,22.962,153.36,66.853
32,8,4.4484,23.89,167.61,74.046
32,8,6.4608,22.282,139.93,57.503
32,8,5.3497,23.411,158.37,67.598
32,8,4.0799,22.435,148.71,64.917
32,8,5.1806,22.456,144.74,61.582
32,8,5.977,23.863,164.29,71.552
32,8,5.9064,22.173,136.51,56.568
32,8,4.8029,24.222,164.8,70.433
32,8,6.1084,22.929,145.55,59.67
32,8,5.2357,22.037,143.21,63.243
32,8,5.7054,22.801,151.47,66.386
32,8,3.9739,23.008,154.96,67.315
32,8,5.3179,24.232,167.14,70.6
32,8,4.4215,23.069,159.42,71.081
32,8,7.3155,22.331,135.13,53.632
32,8,5.759,23.258,159.26,70.21
32,8,5.5721,23.028,154.65,66.896
32,8,5.3483,22.835,147.53,63.47
32,8,6.5301,23.026,153.52,66.465
32,8,4.8578,22.73,147.74,63.748
32,8,4.1487,23.127,156.94,67.987
32,8,5.7069,23.61,161.5,70.428
32,8,4.4469,22.988,154.39,67.019
32,8,5.5066,23.528,159.18,68.711
32,8,4.1812,23.307,148.74,59.305
32,8,4.9486,23.041,154.31,67.624
32,8,5.517,24.12,164.05,69.028
32,8,4.0222,22.643,144.54,60.611
32,8,5.2496,21.929,137.27,59.001
32,8,4.8425,23.306,154.11,65.573
32,8,5.0949,22.91,150,63.519
32,8,4.1391,22.89,150.5,65.403
32,8,5.7087,22.379,140.91,59.139
32,8,6.6724,22.414,142.25,58.578
32,8,4.1001,21.824,137.86,59.804
32,8,4.3474,23.655,161.33,68.724
32,8,4.3565,22.546,147.83,64.963
32,8,5.3015,22.906,153.52,69.061
32,8,5.0171,23.261,155.39,65.76
32,8,4.6712,22.134,141.07,60.723
32,8,4.0515,23.04,154.15,66.187
32,8,4.2497,23.99,167.28,72.227
32,8,3.4732,23.394,149.71,61.464
32,8,4.2274,22.065,142.84,63.42
32,8,5.2902,23.639,159.01,68.097
32,8,4.2476,23.626,160.31,69.145
32,8,5.0449,23.824,158.23,66.144
32,8,3.9089,22.859,149.67,63.608
32,8,5.9622,23.132,154.31,66.713
32,8,4.4235,22.826,149.01,63.558
32,8,6.6925,23.937,163.57,69.224
32,8,5.5226,22.748,146.05,62.401
32,8,5.5388,22.541,145.39,61.975
32,8,5.2528,23.441,157.17,66.987
32,8,5.4095,23.893,165.14,72.191
32,8,4.4241,22.742,148.69,63.277
32,8,7.0556,23.911,163.03,70.27
32,8,4.4402,23.653,163.26,70.325
32,8,5.0182,22.804,147.18,61.542
32,8,4.8371,22.89,146.68,60.834
32,8,5.8665,23.668,163.05,71.209
32,8,4.7719,23.291,159.43,68.934
32,8,5.3718,22.626,146.21,61.967
32,8,4.6315,22.338,148.05,66.469
32,8,4.0903,24.418,168.85,73.31
32,8,4.6021,22.289,142.38,61.164
32,8,5.8267,23.485,157.54,65.685
32,8,3.8879,23.198,161.73,73.294
32,8,4.606,23.545,156.66,66.794
32,8,6.2968,23.68,162.74,71.291
32,8,4.423,22.963,150.79,63.476
32,8,5.6391,23.262,154.96,66.323
32,8,4.3953,22.896,153.33,66.733
32,8,4.0172,24.246,171.95,76.613
32,8,5.0149,23.891,161.3,69.193
32,8,4.5165,22.922,152.67,67.206
32,8,4.1886,22.757,150.08,65.415
32,8,4.1791,23.068,156.79,68.302
32,8,5.7906,22.855,154.85,68.096
32,8,3.7132,24.4,175.04,76.834
32,8,4.304,23.716,161.7,69.647
32,8,5.2092,22.884,141.8,57.856
32,8,5.2072,22.463,139.51,58.113
32,9,5.4607,25.239,188.57,82.015
32,9,5.6182,24.364,174.99,77.504
32,9,4.6963,24.059,175.76,80.374
32,9,5.7268,24.099,171.06,74.94
32,9,4.8474,23.479,161.86,71.239
32,9,4.3622,24.207,180.05,82.666
32,9,4.3678,24.169,173.41,76.643
32,9,4.9139,24.241,178.04,80.111
32,9,4.253,23.762,158.5,63.857
32,9,5.6557,23.799,174.48,81.465
32,9,4.7607,24.071,165.37,69.002
32,9,4.1577,23.201,160.01,70.011
32,9,5.4397,23.136,152.92,64.35
32,9,6.7707,24.113,166.88,71.203
32,9,5.3224,23.262,154.02,65.6
32,9,5.5893,24.812,178.82,77.921
32,9,5.1238,25.154,185.87,81.899
32,9,5.4116,24.126,169.08,73.818
32,9,5.3301,24.427,176.4,78.086
32,9,4.8785,23.567,162.26,70.522
32,9,5.0855,23.294,156.72,67.185
32,9,7.1213,24.903,179.91,77.518
32,9,3.9208,23.904,169.87,74.48
32,9,4.8992,23.646,160.12,68.042
32,9,6.1002,24.59,181.32,80.948
32,9,5.5995,24.026,162.31,68.843
32,9,4.7882,25.302,184.14,78.827
32,9,4.745,23.4,166.22,75.185
32,9,3.7275,23.012,156.32,68.776
32,9,5.1825,23.377,157.63,68.082
32,9,4.8004,24.25,167.36,70.473
32,9,5.2301,24.408,183.35,85.33
32,9,4.592,24.506,178.26,79.468
32,9,4.7414,24.324,179.42,78.877
32,9,5.103,24.175,172.77,75.561
32,9,5.9915,24.251,176.81,79.292
32,9,4.8839,24.158,174.16,76.703
32,9,4.8959,23.102,158.8,70.044
32,9,3.9575,24.246,170.09,73.298
32,9,4.542,24.516,184.32,85.133
32,9,4.9487,24.815,178.54,77.585
32,9,4.9018,23.56,163.3,72.366
32,9,5.4542,25.03,182.69,78.306
32,9,4.8646,24.371,175.11,77.575
32,9,6.74,24.7,177.35,77.328
32,9,5.1133,23.622,167.8,75.23
32,9,6.4965,24.537,181.25,81.923
32,9,4.6345,23.873,159.65,67.349
32,9,4.4899,23.608,164.78,73.172
32,9,5.0038,23.76,169.74,75.044
32,9,5.7751,23.74,162.72,70.98
32,9,4.0398,24.599,177.39,78.347
32,9,5.0465,23.319,163.96,73.217
32,9,5.9332,24.527,173.57,75.84
32,9,8.5488,23.756,166.81,74.779
32,9,4.2517,23.232,158.93,70.579
32,9,4.5762,24.371,169.45,71.343
32,9,5.2645,24.761,177.42,77.106
32,9,4.43,24.314,176.69,78.287
32,9,4.5934,23.37,153.36,65.951
32,9,6.6588,24.331,175.43,78.172
32,9,5.3244,22.359,146.27,63.883
32,9,4.571,24.752,176.71,76.29
32,9,5.2758,24.307,177.93,80.132
32,9,4.0289,24.182,169.66,74.009
32,9,4.8745,23.526,162.33,70.815
32,9,4.3215,24.609,180,80.43
32,9,4.1747,24.338,176.41,78.594
32,9,4.6378,23.34,159.43,69.55
32,9,6.114,24.356,177.3,78.738
32,9,5.6959,23.528,163.97,71.939
32,9,5.6008,25.281,185.66,80.646
32,9,5.3554,24.03,175.61,79.703
32,9,5.1488,23.78,166.99,73.839
32,9,4.1762,23.813,164.31,71.798
32,9,5.1494,23.673,159.48,68.18
32,9,5.9447,23.929,162.49,70.009
32,9,4.0287,24.244,171.15,73.097
32,9,4.5585,24.115,169.12,72.703
32,9,4.948,24.139,171.37,75.751
32,9,6.9306,23.475,154.42,65.151
32,9,4.6689,23.984,171.56,75.421
32,9,5.0005,23.833,164.04,71.375
32,9,4.7098,24.518,180.42,81.477
32,9,5.9446,23.886,167.75,74.531
32,9,5.6932,24.394,174.41,77.285
32,9,4.3692,25.043,178.45,75.927
32,9,5.8564,25.125,181.42,78.354
32,9,4.8314,25.544,189.57,83.116
32,9,6.9858,25.915,194.27,84.902
32,9,3.8929,25.242,189.86,85.321
32,9,5.0572,23.508,160.79,69.134
32,9,5.2919,23.464,164.34,74.136
32,9,6.3578,24.153,169.74,72.119
32,9,5.0365,23.857,172.41,76.635
32,9,5.0908,24.715,177.67,77.538
32,9,4.0349,24.759,183.24,82.398
32,9,4.3026,24.068,171.83,76.844
32,9,4.7281,22.865,154.91,68.262
32,9,3.6012,23.679,161.57,67.671
32,9,5.4201,24.126,168.06,73.484
32,9,4.9685,25.163,183.06,79.139
32,9,7.9983,24.37,176.62,80.136
32,9,4.8655,23.492,162.38,71.994
32,9,5.6316,23.662,161.24,68.624
32,9,4.7648,24.23,174.98,77.092
32,9,5.5532,23.074,158.5,71.066
32,9,5.2922,23.317,158.37,68.663
32,9,5.5243,24.365,171.03,73.699
32,9,5.4652,24.56,177.07,77.162
32,9,5.1099,24.308,176.11,79.949
32,9,5.9893,24.178,170.9,75.168
32,9,5.7036,24.036,164.46,69.305
32,9,10.163,23.913,168.43,74.268
32,9,4.2652,24.534,176.52,77.177
32,9,4.3131,24.384,174.19,77.244
32,9,5.4836,24.453,175.41,77.508
32,9,3.91,24.428,182.93,84.697
32,9,6.0133,23.601,159.85,68.823
32,9,5.9244,24.2,174.61,77.841
32,9,5.8363,24.352,172.37,74.716
32,9,6.0269,24.568,176.68,78.463
32,9,6.9994,24.535,173.66,74.933
32,9,5.4103,24.214,172.85,76.177
32,9,6.2764,24.142,177.81,79.734
32,9,6.4324,24.468,179.18,81.09
32,9,4.3613,24.894,179.97,76.92
32,9,4.7065,24.318,176.66,79.374
32,9,5.1604,24.311,180.08,81.428
32,9,4.9717,24.576,180.52,81.082
32,9,5.125,24.637,179.14,79.07
32,9,4.9976,24.982,183.76,81.381
32,9,5.4801,23.79,169.56,76.457
32,9,4.1048,23.938,172.56,77.999
32,9,3.9819,25.134,184.13,78.91
32,9,5.0863,23.708,170.32,77.923
32,9,4.6863,23.982,172.16,76.734
32,9,3.663,23.675,167.87,74.879
32,9,5.9119,24.018,163.44,69.643
32,9,5.7879,24.505,176.34,76.312
32,9,3.7278,24.022,163.21,65.987
32,9,5.0004,24.364,172.59,75.3
32,9,4.3141,24.986,191.04,85.335
32,9,5.0404,24.88,185.01,82.39
32,9,5.3729,23.095,153.87,65.014
32,9,5.6488,23.496,156.73,65.659
32,9,5.314,23.642,165.58,72.151
32,9,5.793,23.786,171.01,76.807
32,9,4.9928,24.408,177.12,77.908
32,9,5.1679,24.251,177.63,79.781
32,9,6.2279,23.574,158.01,68.004
32,9,5.7512,23.755,162.25,68.601
32,9,4.8814,24.28,171.38,75.373
32,9,5.9061,24.664,180.24,79.745
32,9,4.8235,24.143,172.41,76.173
32,9,5.3479,24.066,169.98,74.86
32,9,4.2833,24.314,179.24,80.585
32,9,3.9063,23.922,167.19,72.082
32,9,5.0977,24.015,166.82,71.67
32,9,4.8483,23.923,161.9,67.451
32,9,6.0895,24.04,173,77.25
32,9,3.8253,24.838,183.09,81.29
32,9,4.9361,24.182,170.38,73.325
32,9,3.8101,23.187,162.35,73.589
32,9,6.8508,23.986,164.15,70.744
32,9,5.3078,24.486,173.53,74.046
32,9,3.9396,23.218,151.34,63.112
32,9,4.3848,23.449,168.59,75.602
32,9,4.6917,25.684,196.6,86.325
32,9,3.8787,24.933,185.26,82.42
32,9,5.1396,24.439,177,78.047
32,9,4.98,24.103,168.68,71.845
32,9,3.9596,24.065,164.99,69.061
32,9,5.9277,23.574,163.09,70.843
32,9,4.8138,23.568,168.56,76.357
32,9,4.7723,23.221,161,70.221
32,9,4.5735,23.443,160.56,70.573
32,9,4.434,22.922,157.61,68.754
32,9,4.8337,24.23,171.62,76.114
32,9,3.9832,23.641,162.42,69.077
32,9,4.6263,23.768,158.11,67.289
32,9,5.6754,24.081,168.95,74.073
32,9,6.4536,24.052,168.7,71.991
32,9,4.9357,23.456,162.87,71.276
32,9,5.065,24.688,181.05,81.545
32,9,5.4208,24.497,173.05,74.805
32,9,4.5894,23.654,163.19,71.373
32,9,6.8844,24.358,165.57,69.462
32,9,5.2098,23.758,162.46,69.714
32,9,5.0231,25.071,187.56,83.431
32,9,3.6174,24.885,179.9,76.196
32,9,5.8092,24.791,174.53,75.032
32,9,5.1135,25.335,194.71,88.174
32,9,4.4428,24.148,167.5,69.928
32,9,5.1607,24.117,180.21,83.041
32,9,5.0159,23.303,154.46,66.261
32,9,5.2344,24.635,179.24,79.367
32,9,3.8585,23.19,156.09,67.149
32,9,7.6979,23.411,162.06,71.363
32,9,4.8424,24.656,173.69,75.168
32,9,5.0498,24.202,168.67,72.198
32,9,6.4781,25.845,196.07,85.999
32,9,4.9832,24.379,173.08,75.208
32,9,4.1995,24.13,172.41,76.443
32,9,3.9198,24.315,175.73,77.819
32,9,4.9932,24.126,171.76,74.984
32,9,5.318,24.484,171.84,73.861
32,9,4.9559,24.025,166.84,72.367
32,9,8.4964,24.415,172.58,75.397
32,9,4.5723,23.753,175.69,81.449
32,9,5.3855,22.898,144.66,57.985
32,9,4.9705,23.364,164.87,74.604
32,9,4.6094,23.494,165.86,73.825
32,9,3.5911,24.297,175.26,77.292
32,9,5.4587,23.884,167.88,73.204
32,9,4.905,23.026,157.45,69.337
32,9,6.7496,23.039,147.52,60.13
32,9,5.1874,24.144,164.95,69.151
32,9,5.9373,23.984,166.05,71.05
32,9,5.4173,24.476,176,78.597
32,9,5.5242,24.497,168.51,72.136
32,9,6.1946,24.164,164.83,70.37
32,9,4.2772,23.804,165.59,72.008
32,9,5.0358,24.949,184.81,81.383
32,9,4.7293,23.791,170.91,76.952
32,9,4.7195,24.311,175.04,78.935
32,9,4.005,23.667,167.53,74.74
32,9,5.2562,24.972,182.22,77.865
32,9,5.2191,24.359,179.28,81.057
32,9,5.0908,23.954,174.15,78.656
32,9,5.9942,23.486,168.39,77.08
32,9,5.8343,24.075,168.16,73.011
32,9,4.6687,23.994,168.97,74.246
32,9,4.7081,24.433,169.93,70.251
32,9,5.1694,24.611,181.1,80.993
32,9,4.9993,23.758,164.29,70.603
32,9,4.3856,24.382,180.31,81.222
32,9,4.8245,24.97,184.63,81.954
32,9,4.65,24.876,184.1,81.48
32,9,3.8385,24.123,166.4,70.549
32,9,4.6921,24.601,174.53,74.378
32,9,4.7572,23.168,157.02,69.187
32,9,4.2179,25.115,186.54,80.28
32,9,4.8471,24.606,176.33,78.046
32,9,5.6198,24.233,165.12,69.79
32,9,4.572,24.213,174.15,77.901
32,9,5.3991,23.46,162.85,71.414
32,9,5.4105,22.976,158.21,70.691
32,9,5.5934,23.693,160.26,69.418
32,9,5.2376,24.05,170.69,74.673
32,9,4.6218,23.28,164.49,75.525
32,9,4.5332,23.418,158.26,68.764
32,9,5.0589,23.274,161.35,71.513
32,9,5.0485,23.254,161.59,71.64
32,9,4.424,23.775,165.23,72.267
32,9,5.762,24.954,186.6,83.636
32,9,4.953,25.248,180.23,76.168
32,9,5.5002,24.263,174.68,76.647
32,9,4.5364,24.015,165.92,70.565
32,9,5.3766,23.918,168.95,74.094
32,9,4.8011,24.406,170.69,74.396
32,9,5.4062,24.038,170.45,75.945
32,9,4.6632,24.182,174.52,76.977
32,9,4.8773,23.751,163.57,70.239
32,9,4.6872,25.163,184.53,79.401
32,9,4.2351,24.123,178.38,82.232
32,9,5.5468,23.825,160.28,67.612
32,9,4.9403,23.637,164.33,71.778
32,9,5.5382,23.955,164.77,70.927
32,9,5.2489,24.086,174.06,78.433
32,9,4.4003,24.203,170.63,74.775
32,9,5.1706,24.076,169.35,74.62
32,9,4.3081,25.049,182.36,80.078
32,9,4.4478,24.33,178.26,80.99
32,9,3.9846,24.135,171.25,74.858
32,9,5.9049,23.816,171.36,76.754
32,9,4.7334,23.97,168.94,73.752
32,9,5.8826,24.138,171.38,75.571
32,9,4.4074,24.127,169.44,73.978
32,9,5.1027,25.041,182.73,81.609
32,9,4.9203,24.497,180.08,80.171
32,9,4.2124,24.028,172.76,76.595
32,9,5.3212,23.469,160.61,69.018
32,9,5.5361,24.03,162.49,67.734
32,9,4.6331,25.487,189.18,83.387
32,9,7.049,23.314,159.18,69.592
32,9,5.6546,23.516,160.44,68.934
32,9,5.5997,24.911,180.03,77.921
32,9,3.4941,23.982,177.27,79.682
32,9,4.1681,24.788,180.55,78.333
32,9,4.3538,23.484,163.7,72.056
32,9,3.7805,24.476,182.02,81.76
32,9,4.9456,24.11,167.42,72.673
32,9,5.4629,23.657,158.31,67.226
32,9,4.4476,24.272,170.48,73.601
32,9,4.6204,22.92,150.77,64.393
32,9,5.4163,25.114,193.54,89.511
32,9,3.9125,23.984,173.51,77.852
32,9,4.797,24.115,173.18,76.763
32,9,6.9754,24.545,175.32,78.368
32,9,4.9314,24.401,172.29,74.801
32,9,5.949,24.816,180.66,78.768
32,9,4.3869,23.355,159.15,68.785
32,9,4.6016,23.46,166.14,74.585
32,9,5.6579,24.006,173.74,78.772
32,9,4.0971,24.083,173.7,77.437
32,9,4.3188,24.238,167.21,72.904
32,9,4.5515,23.672,167.37,74.616
32,9,4.5226,23.108,157.52,68.719
32,9,4.1045,23.467,164.02,73.761
32,9,4.4971,23.888,167.5,73.036
32,9,4.9079,24.48,173.31,74.374
32,9,4.5764,24.575,184.15,83.287
32,9,4.5607,24.48,172.78,72.585
32,9,5.4792,24.331,167.8,71.821
32,9,6.7594,23.733,165.91,73.368
32,9,4.0277,23.992,176.59,81.295
32,9,3.4748,24.324,176.99,77.695
32,9,6.6681,23.637,160.36,67.692
32,9,4.3299,23.689,166.11,73.144
32,9,3.7995,24.243,172.23,74.212
32,9,4.2216,24.9,180.14,78.603
32,9,6.1322,24.512,169.73,71.618
32,9,5.8171,24.421,180.84,82.222
32,9,5.7471,24.465,174.89,76.704
32,9,4.5845,23.796,168.4,76.241
32,9,5.9082,23.817,168.04,72.796
32,9,5.2547,23.143,159.74,71.281
32,9,7.6977,24.598,184.21,84.003
32,9,5.3423,24.812,182.21,81.662
32,9,6.834,24.452,183.89,84.741
32,9,3.7826,24.423,176.88,79.285
32,9,5.5768,23.581,162.67,70.385
32,9,4.6198,23.513,164.91,72.917
32,9,4.4029,25.162,185.18,79.793
32,9,6.0479,24.225,174.72,77.531
32,9,5.7044,24.589,180.03,81.116
32,9,6.0054,24.371,173.85,77.397
32,9,5.3054,24.238,175.27,77.588
32,9,4.6531,24.315,173.45,75.809
32,9,5.3319,22.833,151.41,65.029
32,9,5.8822,24.503,180.53,80.493
32,9,5.1329,23.912,173.92,76.785
32,9,4.5485,23.253,163.34,74.225
32,9,5.4448,24.43,172.07,73.206
32,9,5.4332,24.144,171.38,74.391
32,9,5.4734,23.931,167.74,74.828
32,9,8.2008,24.152,172.4,76.764
32,9,4.3762,24.651,176.02,77.172
32,9,5.466,23.335,160.29,70.876
32,9,4.132,24.222,175.06,76.591
32,9,4.0402,24.362,169.95,73.219
32,9,4.2344,23.545,159.05,67.359
32,9,4.1602,24.602,177.75,78.02
32,9,4.7203,23.091,157.15,68.344
32,9,4.5168,23.591,170.38,77.151
32,9,4.9323,23.782,172.45,77.94
32,9,6.5645,26.042,208.97,95.759
32,9,4.8033,24.328,176.55,78.057
32,9,5.5113,24.059,174.25,79.276
32,9,5.2852,24.317,167.35,71.458
32,9,4.305,23.773,170.82,77.017
32,9,4.7955,23.549,156.58,64.295
32,9,3.9075,25.134,189.76,85.019
32,9,4.6421,23.865,162.17,68.153
32,9,4.2229,24.896,188.95,86.925
32,9,5.6883,24.282,174.87,77.844
32,9,5.9369,23.817,165.54,71.398
32,9,4.1923,24.071,169.73,74.749
32,9,4.9884,24.02,170.56,76.047
32,9,6.2778,23.489,161.68,71.811
32,9,4.6926,23.331,164.15,74.328
32,9,5.929,24.268,171.96,74.016
32,9,7.0003,24.255,175.08,78.321
32,9,4.0381,24.471,180.07,80.306
32,9,4.7525,25.884,202,90.567
32,9,5.2916,24.354,180.94,84.117
32,9,4.7042,23.95,167.28,71.665
32,9,5.8287,24.548,176.86,78.101
32,9,6.1311,24.47,175.31,76.639
32,9,6.6417,24.576,170.31,70.811
32,9,4.6588,23.721,163.28,70.314
32,9,4.446,23.956,168.6,74.525
32,9,5.4393,23.235,150.58,63.319
32,9,4.4702,23.911,164.71,71.999
32,9,4.1412,25.003,182.76,80.434
32,9,5.6292,23.132,157.76,68.727
32,9,4.6597,24.6,178.13,78.766
32,9,5.4345,24.323,170.99,73.816
32,9,5.2107,24.616,173.85,74.546
32,9,5.643,23.936,170.77,75.77
32,9,5.5235,24.586,178.82,79.758
32,9,5.1477,24.084,174.57,78.363
32,9,4.2593,24.381,169.14,72.158
32,9,5.1537,23.988,168.77,73.57
32,9,4.7913,24.181,164.76,68.863
32,9,4.6051,23.948,168.5,75.339
32,9,5.1992,23.528,160.02,69.707
32,9,4.1538,23.592,163.65,71.682
32,9,5.6404,24.456,180.94,82.498
32,9,4.7025,24.011,172.61,77.276
32,9,5.1651,23.774,169.44,76.558
32,9,5.1232,24.756,176.62,77.547
32,9,5.996,23.909,166.49,72.942
32,9,4.1232,24.283,172.73,75.855
32,9,5.6133,23.683,168.58,75.858
32,9,7.1621,24.928,184.06,81.865
32,9,6.6303,23.968,167.93,72.629
32,9,4.5255,24.133,163.13,67.001
32,9,5.2001,24.025,169.98,74.533
32,9,4.1499,24.297,175.26,77.542
32,9,5.5741,23.942,164.79,71.115
32,9,4.8207,23.34,160.82,70.761
32,9,3.8775,23.342,164.89,74.966
32,9,5.7762,24.687,180.36,79.606
32,9,4.5489,24.419,176.58,78.972
32,9,6.2904,24.4,183.26,83.447
32,9,7.5557,24.41,172.69,75.826
32,9,5.1225,23.621,167.15,74.144
32,9,6.427,24.662,183.46,82.138
32,9,3.76,23.758,168.72,75.854
32,9,5.0583,24.429,176.68,78.897
32,9,6.4776,24.533,178.62,79.426
32,9,4.5706,24.251,171.2,73.39
32,9,4.4181,23.962,170.64,76.525
32,9,4.1976,24.85,182.92,80.95
32,9,5.0768,24.718,176.96,77.099
32,9,4.9648,23.341,160.23,70.199
32,9,5.2077,23.723,169.09,74.828
32,9,4.0918,22.753,152.76,67.206
32,9,4.759,24.348,169.55,71.708
32,9,4.7759,24.583,187.22,85.167
32,9,6.0682,23.359,162.53,71.757
32,9,5.7417,24.725,174.23,72.86
32,9,7.6676,24.934,185.92,83.675
32,9,5.8623,23.786,164.98,70.835
32,9,3.8548,23.784,163.75,71.076
32,9,3.9114,23.357,157.56,65.738
32,9,6.1501,24.259,175.74,78.943
32,9,4.4949,24.131,171.9,74.939
32,9,5.217,24.706,178.58,78.303
32,9,4.3229,25.152,189.59,84.257
32,9,5.532,24.874,178.59,76.328
32,9,4.4093,23.317,159.03,68.632
32,9,4.3231,23.027,149.03,60.943
32,9,4.3478,23.784,160.54,67.715
32,9,4.8749,25.039,186.41,83.556
32,9,4.3813,24.166,171.14,75.014
32,9,6.1956,24.189,169.65,73.306
32,9,7.0714,23.995,169.41,74.464
32,9,3.8201,24.302,170.16,71.969
32,9,5.5389,24.373,179.25,80.71
32,9,5.4872,24.178,168.16,72.212
32,9,5.1246,23.731,162.46,70.154
32,9,4.4609,23.313,161.58,72.079
32,9,4.3647,23.783,163.97,70.457
32,9,6.2309,23.857,169.3,75.948
32,9,5.1544,25.214,183.5,79.605
32,9,5.6311,23.905,166.33,70.978
32,9,4.1212,24.366,177.07,78.541
32,9,4.9476,24.638,179.69,78.498
32,9,4.487,24.081,176.22,78.455
32,9,4.7023,23.889,165.62,71.438
32,9,4.1321,23.861,167.26,72.6
32,9,5.5068,24.354,183.41,83.036
32,9,5.7047,23.201,156.87,68.277
32,9,5.159,23.277,152.47,62.957
32,9,4.4431,24.304,179.89,81.14
32,9,5.7873,24.53,183.8,83.111
32,9,4.4559,25.035,186.27,82.345
32,9,6.6189,24.367,174.11,75.287
32,9,4.364,24.726,185.85,83.504
32,9,4.2167,23.408,163.45,72.145
32,9,6.0037,23.228,159.54,70.299
32,9,4.4721,24.759,184.35,83.234
32,9,5.1986,24.227,173.65,76.421
32,9,4.3551,23.832,170.19,76.411
32,9,5.6109,23.908,169.04,74.367
32,9,4.6852,24.891,177.22,72.185
32,9,3.9527,23.81,165.41,72.669
32,9,5.5204,24.249,171.43,72.02
32,9,4.531,24.606,179.9,79.748
32,9,5.4266,24.416,179.72,80.659
32,9,4.9074,23.464,171.61,80.082
32,9,4.6171,24.924,185.08,83.093
32,9,5.7903,23.672,163.32,70.659
32,9,3.615,24.057,173.35,77.82
32,9,5.0864,23.794,167.66,73.787
32,9,4.8137,24.804,190.72,89.398
32,9,4.7594,24.218,170.07,70.806
32,9,4.8171,24.51,176.69,78.427
32,9,4.4798,23.775,168.64,74.462
32,9,4.9048,24.575,178.56,79.129
32,9,7.6821,24.885,178.44,76.865
32,9,4.264,24.317,178.95,80.058
32,9,3.9288,24.188,174.15,78.348
32,9,5.1458,24.13,171.99,75.3
32,9,5.0873,24.076,173.25,76.988
32,9,4.5328,24.187,179.33,83.044
32,9,5.1974,25.018,180.53,78.625
32,9,6.001,24.33,179.53,81.025
32,9,4.6461,23.772,169.02,74.27
32,9,4.8657,23.703,171.72,77.497
32,9,4.6541,24.332,169.48,72.887
32,9,5.8739,24.285,172.72,74.043
32,9,6.4214,23.721,164.27,71.526
32,9,5.3996,24.459,171.61,73.609
32,9,4.2359,23.94,171.01,74.895
32,9,6.498,24.552,181.47,82.457
32,9,4.4901,24.293,171.79,73.284
32,9,6.6511,24.883,180.17,78.835
32,9,7.7513,23.327,154.95,67.145
32,9,6.7762,24.206,177.13,81.058
32,9,5.3186,25.519,194.64,87.674
32,9,11.02,23.755,167.38,73.7
32,9,7.2614,24.836,177.74,75.911
32,9,4.7728,22.933,158.73,71.407
32,9,4.6713,24.299,171.13,73.378
32,9,5.874,23.82,168.01,69.399
32,9,4.5071,24.203,169.52,72.957
32,9,4.5111,24.674,175.95,75.52
32,9,4.8242,24.339,183.53,84.035
32,9,4.6169,23.556,169.05,76.612
32,9,5.4862,23.968,167.77,73.615
32,9,4.6987,24.441,172.01,74.581
32,9,4.7554,23.736,166.54,73.31
32,9,6.0826,23.86,176.52,82.233
32,9,4.996,24.136,176.5,80.362
32,9,3.8552,23.703,159.29,66.216
32,9,4.8367,24.524,174.88,75.894
32,9,4.2681,24.389,176.34,77.151
32,9,5.4813,22.977,152.79,65.809
32,9,4.8162,24.438,172.6,74.917
32,9,4.7991,23.939,172.98,77.839
32,9,5.3331,24.869,175.73,72.865
32,9,4.8135,24.056,167.63,72.467
32,9,5.5937,24.236,167.09,71.45
32,9,5.7504,23.573,158.8,67.938
32,9,6.6928,23.581,164.16,72.514
32,9,4.1002,24.534,176.7,78.276
32,9,4.6035,24.479,179.46,80.135
32,9,5.552,24.92,182.58,79.301
32,9,4.0396,25.455,195.24,87.398
32,9,7.7734,24.201,176.28,78.01
32,9,7.447,23.828,166.83,73.891
32,9,5.4352,24.087,170.77,74.377
32,9,5.5867,24.045,159.14,65.745
32,9,4.2528,23.314,157.39,67.933
32,9,6.2253,22.63,146.92,61.529
32,9,4.3919,25.08,183.71,80.539
32,9,6.3633,24.551,179.22,79.433
32,9,4.9395,24.92,179.51,77.586
32,9,4.979,23.079,155.63,68.164
32,9,4.2252,22.827,150.01,64.163
32,9,4.4045,24.186,172.97,75.113
32,9,4.7153,24.356,177.7,80.247
32,9,5.3927,23.315,158.45,69.879
32,9,5.0233,23.243,161.75,72.932
32,9,4.7259,23.554,162.64,70.951
32,9,4.571,25.282,186.25,80.956
32,9,4.7415,24.769,182,80.991
32,9,6.007,24.148,177.21,79.177
32,9,4.1917,24.036,169.03,72.499
32,9,5.2582,23.981,164.21,69.109
32,9,5.4695,23.269,156.8,68.514
32,9,4.3707,24.155,173.66,76.23
32,9,4.4625,23.919,177.37,82.018
32,9,4.3053,24.197,166.54,69.969
32,9,3.8349,24.266,173.98,76.666
32,9,5.7896,24.238,174.11,76.615
32,9,6.6404,24.87,180.03,79.123
32,9,4.4026,24.315,179.31,82.536
32,9,4.038,24.128,169.68,73.596
32,9,5.3803,24.046,172.34,77.193
32,9,8.2843,24.353,175.24,76.722
32,9,5.1101,24.882,187.53,84.108
32,9,6.2603,24.35,177.4,78.856
32,9,7.4253,24.335,175.49,77.527
32,9,6.4441,24.171,166.54,72.231
32,9,4.3646,23.764,167.83,72.749
32,9,3.7435,24.125,177.18,81.28
32,9,4.1496,25.207,187.42,83.496
32,9,4.9939,24.408,172.84,75.785
32,9,4.868,24.534,178.24,78.658
32,9,3.6778,23.451,166.51,74.154
32,9,6.4109,24.188,174.37,77.795
32,9,5.0548,24.206,173.61,78.033
32,9,4.2869,24.316,175.37,77.818
32,9,7.1265,24.175,164.57,68.484
32,9,6.0418,24.341,171.28,74.898
32,9,4.046,24.166,168.65,71.995
32,9,4.868,24.583,170.05,72.802
32,9,4.3598,22.926,152.62,65.162
32,9,5.1295,23.178,153.76,66.641
32,9,5.0681,23.587,164.8,71.478
32,9,4.3265,23.798,165.51,72.969
32,9,5.5069,22.741,151.14,65.316
32,9,5.9253,24.176,174.04,77.785
32,9,4.5783,23.757,177.98,84.422
32,9,4.9201,23.98,165.56,70.39
32,9,5.9445,25.104,186.8,84.021
32,9,4.5365,23.589,168.81,75.756
32,9,6.0491,24.795,169.58,68.708
32,9,6.2805,24.616,174.14,75.723
32,9,5.631,23.915,167.76,72.588
32,9,5.9644,23.995,170.94,76.215
32,9,4.2263,24.332,174.39,77.26
32,9,4.2484,24.459,175.26,76.51
32,9,4.7807,23.446,169.58,79.193
32,9,5.4544,23.056,155.62,68.025
32,9,5.6429,24.02,169.48,73.894
32,9,4.1714,23.56,163.65,72.471
32,9,3.7343,23.389,165.4,73.713
32,9,4.5883,23.385,159.86,69.717
32,9,8.1394,25.041,185.91,80.711
32,9,4.5812,23.735,170.81,77.26
32,9,5.0648,23.674,161.93,67.383
32,9,4.1439,23.636,167.2,74.383
32,9,5.1324,23.941,170.22,74.556
32,9,3.9069,22.841,149.26,62.911
32,9,4.3865,24.553,176.59,76.609
32,9,5.2827,25.278,181.19,75.373
32,9,6.5387,24.82,181.93,81.011
32,9,6.0358,23.851,172.75,77.771
32,9,4.0604,24.513,176.9,79.022
32,9,3.8796,23.607,160.05,68.209
32,9,6.2181,24.76,180.84,80.971
32,9,4.0607,23.902,176.22,80.954
32,9,6.7079,23.332,158.46,68.621
32,9,4.5534,24.448,175.98,76.614
32,9,4.1563,24.326,180.74,82.384
32,9,7.627,24.658,189.31,87.601
32,9,5.1823,25.176,183.21,79.793
32,9,4.4917,24.561,176.7,77.875
32,9,4.3468,23.279,163.64,72.856
32,9,4.497,22.646,150.6,66.258
32,9,4.6192,23.997,169.17,73.802
32,9,4.0267,24.371,175.27,77.151
32,9,5.0112,23.708,165.83,72.282
32,9,6.6972,23.024,154.42,67.352
32,9,4.7478,24.106,169.62,74.042
32,9,6.0798,23.867,163.22,68.679
32,9,5.6817,24.27,176.66,78.459
32,9,4.7091,23.683,168.88,77.468
32,9,4.5131,24.828,180.9,79.303
32,9,4.3155,23.399,160.29,69.795
32,9,4.874,23.733,169.74,77.158
32,9,5.8216,23.768,168.04,74.009
32,9,4.7843,24.009,171.14,75.952
32,9,5.1457,23.763,167.26,72.431
32,9,4.1637,24.689,175.88,74.283
32,9,6.3905,25.521,193.56,85.442
32,9,4.3513,24.56,171.65,73.385
32,9,4.8695,23.495,163.22,72.68
32,9,4.8194,23.878,167.81,74.215
32,9,6.8555,24.096,164.56,68.711
32,9,5.5349,23.526,158.27,66.676
32,9,5.311,23.66,162.27,71.081
32,9,3.8003,23.523,165.44,72.68
32,9,5.668,24.665,182.13,82.335
32,9,5.2231,24.394,178.68,80.291
32,9,5.5758,23.916,168.27,73.952
32,9,4.5116,23.991,169.1,73.979
32,9,5.5368,23.812,168.21,73.458
32,9,4.761,24.44,175.45,76.547
32,9,4.871,23.524,160.41,69.163
32,9,4.2538,24.798,177.34,75.123
32,9,4.8107,24.958,182.85,79.504
32,9,6.1027,24.744,180.69,78.27
32,9,4.0278,22.929,148.72,62.086
32,9,4.1945,24.166,169.02,72.039
32,9,4.8834,23.98,166,71.24
32,9,3.8743,23.624,167.4,75.437
32,9,4.9707,23.966,168.53,74.829
32,9,6.5695,23.987,169.51,75.053
32,9,4.0501,23.713,165.72,72.423
32,9,4.5019,24.089,168.21,71.333
32,9,4.547,23.92,167.69,72.592
32,9,4.4797,23.623,161.87,67.183
32,9,4.4754,23.853,171.55,76.685
32,9,5.0312,24.455,174.73,77.648
32,9,4.9342,24.444,178.41,79.51
32,9,5.5581,23.901,159.8,66.96
32,9,4.6438,24.637,179.53,79.334
32,9,5.6282,23.76,164.29,71.305
32,9,5.2618,24.067,166.7,72.159
32,9,4.2672,23.711,159.67,67.249
32,9,4.9596,23.342,159.24,69.109
32,9,4.2015,24.547,175.55,76.464
32,9,5.9379,23.709,164.87,70.997
32,9,6.4277,23.799,169.68,75.58
32,9,5.0293,23.613,163.3,70.459
32,9,5.2039,24.764,175.36,75.143
32,9,4.2996,24.817,185.7,83.564
32,9,5.2054,23.335,158.32,69.676
32,9,4.5872,22.94,161.55,74.126
32,9,4.6292,24.625,176.84,77.288
32,9,6.4746,23.717,167.17,74.743
32,9,6.1973,24.438,176.53,78.146
32,9,4.2397,24.79,182.04,79.958
32,9,3.5989,24.164,172.19,75.737
32,9,6.0619,24.257,170.31,74.039
32,9,4.5945,24.789,182.13,82.164
32,9,4.5589,23.909,159.69,66.356
32,9,6.1225,23.721,160.47,66.888
32,9,4.4579,24.38,174.27,77.429
32,9,6.0297,23.414,165.71,76.221
32,9,4.7634,23.985,167.13,71.981
32,9,4.012,23.074,157.79,70.396
32,9,4.6716,24.077,169.17,72.808
32,9,6.7666,23.573,166.77,74.526
32,9,4.7729,24.632,182.71,81.588
32,9,4.9256,24.971,189.99,86.833
32,9,4.9843,25.62,194.29,85.394
32,9,4.2942,23.778,166.25,73.327
32,9,3.9385,23.25,157.72,67.546
32,9,5.0649,23.832,163.35,70.085
32,9,5.0007,23.68,161.07,68.578
32,9,4.4923,23.484,162.02,69.734
32,9,3.9652,24.161,169.87,73.925
32,9,5.179,22.885,158.62,71.316
32,9,5.318,23.974,167.23,72.214
32,9,4.4837,24.449,175.25,77.362
32,9,5.4271,25.148,185.11,79.062
32,9,5.4105,23.501,160.61,70.253
32,9,3.9947,23.746,169.24,74.968
32,9,4.0277,24.282,174.56,77.455
32,9,5.3775,23.906,166.85,72.719
32,9,6.5838,23.435,160.38,70.679
32,9,4.5404,23.871,167.66,72.96
32,9,4.6594,24.305,179.93,82.131
32,9,4.1162,24.62,180.54,80.366
32,9,4.5518,23.821,175.04,79.495
32,9,4.1106,24.194,176.71,79.833
32,9,6.288,25.712,191.1,82.083
32,9,4.66,24.492,177.99,77.507
32,9,7.8443,23.098,162.38,72.66
32,9,4.6531,23.988,166.62,72.414
32,9,6.4582,23.222,158.59,70.612
32,9,5.1064,23.691,163.2,70.535
32,9,3.6731,23.299,160,70.084
32,9,4.1184,24.345,181.91,82.451
32,9,6.33,24.278,178.78,81.167
32,9,7.1046,24.333,170.69,74.261
32,9,5.1016,24.42,173.01,75.129
32,9,3.9741,24.831,179.26,78.954
32,9,5.3853,23.572,161.4,69.576
32,9,5.8323,25.496,189.77,82.015
32,9,3.9424,24.203,171.59,75.635
32,9,4.4378,23.951,176.74,80.913
32,9,5.6836,24.781,190.47,87.877
32,9,4.555,26.148,198.51,86.425
32,9,5.0479,24.179,171.94,75.83
32,9,5.2178,24.924,178.61,79.081
32,9,4.773,24.042,172.49,77.883
32,9,6.1465,24.42,177.34,77.84
32,9,5.5421,24.696,180.73,80.981
32,9,7.493,24.197,169.93,72.903
32,9,4.1245,23.374,164.41,74.392
32,9,5.6407,24.301,172.31,74.584
32,9,4.6931,23.314,157.31,67.628
32,9,5.3135,24.37,174.16,75.761
32,9,4.1557,24.478,172.59,74.025
32,9,4.3943,24.316,172.73,73.993
32,9,6.1985,23.872,159.29,67.21
32,9,4.8079,24.015,167.16,72.231
32,9,5.6247,24.501,173.89,74.362
32,9,5.0551,24.543,180.79,82.743
32,9,4.0129,23.405,158.27,67.736
32,9,5.7201,24.322,172.8,75.843
32,9,4.462,23.7,162.57,69.983
32,9,4.5515,23.556,164.59,73.168
32,9,5.198,24.124,165.59,71.56
32,9,6.3897,23.589,159.93,68.203
32,9,5.3225,24.131,162.13,67.231
32,9,4.4153,25.196,190.17,85.582
32,9,4.9502,24.515,176.44,78.217
32,9,6.455,23.755,169.55,76.946
32,9,4.0972,24.265,167.62,71.917
32,9,6.1657,24.39,176.62,78.744
32,9,8.1573,23.374,153.79,64.296
32,9,4.7897,23.567,163.92,72.174
32,9,3.7511,23.777,169.64,75.862
32,9,4.6347,24.579,176.51,76.69
32,9,4.2146,23.297,154.68,65.93
32,9,5.7848,24.485,174.54,76.157
32,9,4.6044,23.438,167.74,76.308
32,9,7.8314,24.202,170.72,74.578
32,9,5.2384,24.604,182.23,80.966
32,9,5.1671,23.187,158.35,70.394
32,9,4.9161,23.909,162.73,70.485
32,9,5.8606,24.61,175.86,75.083
32,9,4.7913,23.591,155.2,64.779
32,9,4.7056,24.743,182.67,80.992
32,9,4.2395,24.488,174.44,74.23
32,9,4.1203,23.173,159.97,71.834
32,9,4.2463,24.44,171.22,73.102
32,9,5.155,24.374,179.62,81.622
32,9,5.8205,23.224,160.2,71.627
32,9,5.9688,24.135,167.01,72.21
32,9,7.7814,23.733,162.12,70.356
32,9,3.732,24.015,169.07,74.088
32,9,4.1685,25.015,182.22,79.647
32,9,3.8509,24.591,176.22,76.932
32,9,5.1769,25.91,190.28,78.751
32,9,5.381,24.274,171.94,75.744
32,9,5.2075,24.072,173.3,76.802
32,9,4.0371,23.694,167.55,74.904
32,9,4.4793,24.934,182.9,77.456
32,9,7.7848,24.723,178.86,79.206
32,9,5.6835,23.914,170.05,77.061
32,9,5.8358,24.441,176.43,78.074
32,9,5.2182,24.5,185.05,85.517
32,9,4.9157,23.229,164.3,74.778
32,9,4.1444,25.116,187.98,83.836
32,9,7.9746,24.115,171.44,76.454
32,9,4.5726,23.73,164.74,72.474
32,9,5.5488,25.136,178.99,74.925
32,9,3.7739,24.442,174.57,76.458
32,9,4.6565,23.839,170.5,76.156
32,9,5.0016,24.454,176.76,79.116
32,9,4.0352,24.389,176.81,78.823
32,9,4.8298,23.975,174.3,79.313
32,9,4.9482,23.399,157.46,67.938
32,9,4.7381,23.325,161.59,71.526
32,9,4.3338,25.134,193.96,89.565
32,9,4.1911,24.229,170.13,73.755
32,9,5.4607,23.735,166.31,74.128
32,9,6.238,24.387,172.39,74.007
32,9,6.6513,24.341,174.18,77.106
32,9,4.3947,23.331,161.25,71.031
32,9,5.6885,23.787,163.4,70.681
32,9,5.5551,24.564,178.95,79.881
32,9,4.0645,24.719,185.84,85
32,9,3.7237,23.71,167.22,72.694
32,9,4.2811,25.299,192.44,87.137
32,9,5.5463,23.476,167.96,76.028
32,9,4.7298,23.964,175.33,81.078
32,9,7.1118,23.605,163.84,72.628
32,9,4.0214,23.343,164.54,73.998
32,9,5.4308,24.023,169.08,74.053
32,9,5.2509,24.799,179.97,78.957
32,9,4.5231,23.788,169.35,75.625
32,9,4.1076,24.797,177.52,77.548
32,9,4.9178,23.321,158.91,69.52
32,9,5.2367,24.387,185.39,86.191
32,9,4.5232,23.178,160.48,70.626
32,9,4.1757,23.653,164.79,72.97
32,9,4.691,24.18,175.12,78.622
32,9,3.8177,23.938,173.2,77.725
32,9,4.0538,24.161,178.53,80.254
32,9,5.036,24.688,187.44,85.532
32,9,4.5411,24.112,173.54,78.301
32,9,4.3001,24.36,172.45,73.898
32,9,5.6461,24.031,169.18,72.586
32,9,5.2966,23.685,172.39,78.556
32,9,4.847,24.613,177.5,76.734
32,9,5.0683,23.83,162.78,69.374
32,9,3.9426,22.758,148.48,63.257
32,9,4.6675,24.081,165.86,72.008
32,9,4.6773,23.805,170.84,77.429
32,9,4.9413,23.488,157.56,68.743
32,9,4.4995,24.841,181.05,80.697
32,9,5.5296,23.93,167.8,73.052
32,9,3.9498,23.514,163.34,71.508
32,9,4.5593,24.902,177.04,77.112
32,9,6.2638,24.933,183.82,81.704
32,9,4.5174,23.935,170.37,73.724
32,9,5.5215,24.521,177.25,77.867
32,9,4.6182,24.974,179.57,79.01
32,9,5.3652,23.807,167.49,74.138
32,9,6.3058,24.665,176.38,76.057
32,9,5.4253,24.328,167.54,70.18
32,9,4.0247,23.67,166.12,72.834
32,9,3.939,24.66,180.72,79.007
32,9,5.4276,23.95,168.76,74.357
32,9,4.7126,23.633,159.21,66.224
32,9,4.1999,23.928,170.81,76.145
32,9,5.2129,24.011,171.08,75.338
32,9,5.8625,23.762,163.46,69.356
32,9,3.9092,23.644,163.6,70.102
32,9,6.0285,24.392,176.54,79.316
32,9,5.9218,24.526,178.23,78.921
32,9,5.7988,24.601,182.59,84.522
32,9,5.9385,23.238,157.62,67.142
32,9,5.6308,24.565,174.95,76.336
32,9,5.9033,24.468,174.59,75.778
32,9,5.8965,24.353,172,74.097
32,9,4.2072,24.069,171.39,75.492
32,9,6.5946,22.452,152.04,67.973
32,9,3.987,24.276,168.56,70.554
32,9,4.5921,24.427,175.59,77.792
32,9,4.6661,24.04,174.91,78.646
32,9,4.1097,23.928,167.92,73.048
32,9,5.0429,23.368,159.96,68.68
32,9,5.2314,24.489,183.5,82.724
32,9,4.4442,24.319,172.31,72.74
32,9,5.202,23.431,158.1,68.419
32,9,4.9281,23.338,164.75,74.496
32,9,5.2867,23.989,170.11,75.574
32,9,5.085,24.325,178.56,80.67
32,9,4.2944,24.798,179.06,78.322
32,9,5.3022,24.754,177.4,78.442
32,9,5.9299,23.329,164.98,75.018
32,9,4.1527,22.799,154.04,66.534
32,9,4.58,25.268,199.96,92.492
32,9,5.3308,24.33,176.66,78.41
32,9,4.2967,23.869,169.71,74.884
32,9,5.0595,24.622,166.35,69.624
32,9,6.2899,24.056,162.84,68.285
32,9,6.363,24.189,176.96,79.584
32,9,5.2279,24.775,179.64,77.512
32,9,5.4065,24.765,178.79,78.23
32,9,4.3809,23.587,167.44,75.684
32,9,4.8249,24.694,180.12,80.875
32,9,4.1869,23.811,170.16,75.363
32,9,4.5106,23.229,157.72,68.041
32,9,7.3878,24.772,178.78,78.306
32,9,5.0271,24.123,172.63,77.112
32,9,4.8649,24.504,182.06,83.145
32,9,4.7177,23.731,167.17,74.093
32,9,4.5013,23.521,161.67,70.882
32,9,4.7367,23.527,168.97,77.554
32,9,4.8589,23.846,169.75,76.215
32,9,6.3523,24.924,181.51,77.688
32,9,4.8612,24.547,174.92,75.84
32,9,5.3988,24.42,169.57,70.128
32,9,5.0971,23.287,165.02,73.48
32,9,4.8126,24.036,168.4,70.695
32,9,4.2801,24.596,176.65,79.019
32,9,5.45,23.887,167.96,73.701
32,9,4.2655,24.319,178.14,79.564
32,9,6.1867,24.268,174.21,77.331
32,9,5.2079,23.293,159.42,70.221
32,9,5.0246,24.894,177.19,76.626
32,9,4.7254,23.86,158.81,65.988
32,9,4.3327,24.173,168.02,72.881
32,9,4.4954,24.408,178.3,78.742
32,9,6.2444,24.143,167.01,71.988
32,9,5.365,24.049,172.23,76.48
32,9,3.8754,23.549,167.4,75.857
32,9,5.2121,24.528,175.01,76.156
32,9,7.8766,24.935,181.24,77.998
32,9,3.7203,24.169,174.17,76.052
32,9,5.672,24.468,172.04,74.064
32,9,5.5546,24.218,171.9,74.829
32,9,5.3222,23.901,167.46,72.006
32,9,5.4798,25.362,186.18,80.383
32,9,4.0057,23.588,164.7,73.011
32,9,4.5807,24.13,175.85,80.195
32,9,4.7554,23.945,165.06,70.626
32,9,3.9347,24.988,181.75,78.6
32,9,5.2025,23.868,174.06,78.947
32,9,4.7931,24.426,171.9,74.131
32,9,5.1394,23.88,169.69,75.002
32,9,5.4194,23.532,157.05,65.882
32,9,3.9203,24.357,180.28,83.001
32,9,4.2298,22.973,159.83,72.034
32,9,4.7857,24.176,172.13,75.066
32,9,3.7304,24.008,164.85,68.73
32,9,4.5123,23.643,165.47,72.16
32,9,4.8465,24.172,173.32,77.385
32,9,4.9707,24.977,185.98,83.282
32,9,5.5196,23.417,165.14,75.824
32,9,3.9807,22.718,154.78,69.765
32,9,4.0487,24.915,183.6,80.541
32,9,5.113,23.578,163.08,71.203
32,9,6.4373,24.08,162.91,66.293
32,9,4.4012,24.431,182.56,83.985
32,9,4.9576,23.975,172.13,77.119
32,9,4.5854,24.874,187.13,83.399
32,9,4.3138,24.708,177.85,76.641
32,9,4.1102,24.137,174.67,77.932
32,9,4.2083,23.044,151.2,64.108
32,9,4.4504,23.899,170.98,75.699
32,9,5.2881,24.152,171.48,74.741
32,9,8.1055,23.402,159.79,70.06
32,9,4.1484,22.814,154.89,68.441
32,9,4.7032,23.882,164.1,70.674
32,9,4.098,24.089,169.06,73.858
32,9,5.6122,24.533,181.13,81.39
32,9,4.3997,23.618,163.31,70.636
32,9,4.3998,23.772,169.16,75.699
32,9,5.3444,24.207,176.14,78.904
32,9,5.501,24.883,182.89,80.253
32,9,5.5136,24.598,178.57,79.741
32,9,4.5169,23.798,166.53,72.629
32,9,4.3339,24.053,168.23,72.93
32,9,7.0781,24.009,169,73.778
32,9,4.1443,24.291,170.58,73.022
32,9,4.6662,24.118,179.28,82.332
32,9,4.388,24.307,175.5,77.718
32,9,4.8036,24.234,173.17,76.344
32,9,5.0493,24.467,172.18,74.348
32,9,5.2445,24.721,183.36,82.396
32,9,6.28,24.54,181.18,82.887
32,9,5.8702,23.793,158.47,67.996
32,9,5.9219,23.464,162.67,70.866
32,9,5.1178,24.509,177.63,77.724
32,9,4.4239,24.484,177.38,79.297
32,9,4.4602,24.445,177.81,78.957
32,9,4.4411,24.528,184.35,83.032
32,9,4.4956,23.812,163.59,69.95
32,9,4.5321,24.803,178.09,77.224
32,9,5.3657,23.598,168.7,75.856
32,9,4.4943,25.395,185.85,81.14
32,9,5.229,24.595,179.33,78.565
32,9,5.2767,23.984,165.33,71.243
32,9,5.7956,25.646,199.26,90.632
32,9,5.3994,24.266,169.31,72.74
32,9,6.2263,23.774,164.98,72.554
32,9,5.3236,24.27,171.82,75.418
32,9,5.34,24.305,173.48,75.217
32,9,5.4299,25.042,181.19,77.529
32,9,4.6997,25.044,185.12,82.597
32,9,3.8943,23.607,163.59,72.466
32,9,5.6343,24.751,176.89,76.688
32,9,4.4983,24.607,181.44,80.605
32,9,4.3642,24.08,165.61,70.828
32,9,4.8779,23.433,158.98,68.058
32,9,4.4377,22.96,152.92,64.129
32,9,3.6516,24.213,180.29,83.383
32,9,4.2095,23.646,166.49,73.752
32,9,5.1816,24.427,177.56,77.533
32,9,5.2181,23.864,163.85,70.309
32,9,6.5574,23.447,162.45,72.11
32,9,4.7562,23.441,164.91,74.235
32,9,6.0379,24.097,170.8,73.739
32,9,6.7072,24.722,184.52,83.158
32,9,4.5625,25.479,195.29,88.218
32,9,6.0226,23.418,165.39,73.888
32,9,6.0388,23.849,168.01,75.358
32,9,3.8357,23.24,158.19,68.913
32,9,4.7004,24.451,178.28,78.774
32,9,4.3477,26.294,202.11,87.872
32,9,4.0557,24.616,171.86,72.784
32,9,4.4787,23.101,154.02,65.165
32,9,5.082,23.912,168.67,74.479
32,9,7.1383,23.914,170.59,76.843
32,9,5.1247,24.353,171.37,74.058
32,9,4.6162,24.399,173.77,75.597
32,9,4.7001,24.145,174.28,77.729
32,9,5.2096,23.426,164.83,74.083
32,9,4.6134,24.715,176.56,77.077
32,9,4.0344,24.184,172.84,76.326
32,9,4.0795,23.338,156.79,67.495
32,9,5.8966,24.21,175.91,78.015
32,9,5.8132,23.869,174.34,79.714
32,9,5.7303,24.118,180.42,83.815
32,9,5.0388,24.735,182.55,81.036
32,9,4.7529,24.025,165.91,70.962
32,9,5.3806,23.467,155.4,66.216
32,9,5.1737,24.154,171.7,75.586
32,9,5.2581,23.923,166.36,71.85
32,9,5.0225,23.855,164.86,71.673
32,9,4.6361,23.047,157.74,67.833
32,9,5.3424,24.719,178.03,79.356
32,9,4.2793,23.636,161.26,68.321
32,9,5.2302,24.299,168.21,72.459
32,9,5.7798,23.23,158.36,67.606
32,9,5.7725,23.82,168.52,76.004
32,9,4.7344,23.508,163.38,71.376
32,9,4.8503,24.186,177.58,80.808
32,9,4.8892,24.212,165.98,69.809
32,9,4.3378,23.748,165.98,71.823
32,9,5.2428,24.978,183.74,79.565
32,9,4.4882,23.859,171.33,75.461
32,9,6.1728,23.89,169.07,74.984
32,9,4.8913,23.025,162.65,74.848
32,9,4.3271,24.352,174.29,77.266
32,9,5.3405,24.587,180.45,82.523
32,9,4.4483,24.076,171.34,76.799
32,9,4.2973,24.285,175.32,78.379
32,9,4.9905,24.168,174.08,79.132
32,9,5.1404,23.557,161.76,70.091
32,9,4.9389,23.808,167.98,74.488
32,9,5.7651,24.111,168.24,73.721
32,9,5.9702,24.187,172.37,76.463
32,9,5.1196,23.954,167.84,73.161
32,9,6.2525,23.909,172.65,77.316
32,10,4.4907,24.549,184.04,82.189
32,10,6.4851,25.353,192.73,87.075
32,10,4.8004,25.452,191.72,84.733
32,10,4.9402,26.377,204.81,91.832
32,10,5.2417,24.496,179.95,80.796
32,10,4.735,23.573,165.03,73.06
32,10,4.6742,25.369,189.33,81.887
32,10,4.9294,25.641,187.61,79.99
32,10,5.2953,25.362,187.14,79.391
32,10,5.0984,25.826,204.12,94.589
32,10,6.8193,25.374,199.07,92.533
32,10,4.6503,25.336,194.47,87.522
32,10,4.7765,24.631,180.69,80.471
32,10,4.9364,25.263,190.22,85.015
32,10,5.4218,24.608,185.48,84.236
32,10,4.3181,24.296,186.65,87.717
32,10,4.2894,24.915,192.22,87.125
32,10,5.5322,26.116,204.54,91.41
32,10,5.4536,25.751,201.14,91.262
32,10,5.4977,24.782,186.63,85.012
32,10,4.9214,24.918,190.42,86.559
32,10,5.6155,25.848,205.05,93.737
32,10,6.6807,24.706,180.11,78.728
32,10,7.2322,25.293,184.62,78.978
32,10,6.0591,25.289,192.58,86.45
32,10,4.0583,25.818,206.61,95.182
32,10,5.9494,24.939,178.22,76.531
32,10,4.5419,25.591,199.82,92.3
32,10,4.1833,24.535,178.43,78.395
32,10,5.6964,25.162,189.06,84.675
32,10,3.9399,24.352,180.76,83.018
32,10,5.7416,25.198,193.91,89.425
32,10,6.449,25.183,192.51,87.182
32,10,4.8624,24.934,187.67,84.782
32,10,4.3204,24.996,194.26,91.296
32,10,5.117,24.541,177.32,77.652
32,10,5.1095,24.52,176.34,77.279
32,10,4.5542,24.818,188.23,85.894
32,10,7.2873,25.343,197.45,87.664
32,10,6.0561,24.703,183.2,81.774
32,10,4.5166,24.345,174.28,76.733
32,10,6.0974,24.658,178.53,77.999
32,10,4.8861,24.773,184.99,84.765
32,10,5.5355,24.989,187.43,83.074
32,10,4.4587,24.218,168.52,71.627
32,10,5.5087,24.118,172.35,76.768
32,10,5.7368,25.117,190.31,84.741
32,10,7.1744,24.893,189.32,86.813
32,10,4.8379,24.655,184.43,83.111
32,10,5.4805,25.128,185.87,82.001
32,10,5.3582,24.726,180.7,80.806
32,10,5.1149,24.582,187.07,86.346
32,10,5.2509,26.047,208.87,95.406
32,10,4.9565,26.27,208.63,93.229
32,10,5.8202,25.459,196.13,88.824
32,10,4.2082,24.171,176.56,80.191
32,10,6.2469,24.86,188.98,86.165
32,10,4.3409,25.158,188.4,83.144
32,10,5.536,24.519,175.98,75.979
32,10,4.8335,24.353,174.49,77.446
32,10,6.91,24.641,184.61,83.075
32,10,4.7756,25.526,197.56,89.62
32,10,6.7237,24.615,182.61,83.562
32,10,4.4375,24.429,182.85,84.103
32,10,5.1896,25.683,208.32,96.651
32,10,4.1754,25.561,194.77,86.009
32,10,5.0176,25.449,188.02,83.152
32,10,7.1898,23.946,176.53,80.458
32,10,4.7005,23.99,176.12,80.232
32,10,4.6586,24.763,189.93,85.9
32,10,5.5097,25.412,197.52,92.178
32,10,6.4775,24.527,184.62,82.619
32,10,5.0027,25.404,196.73,88.769
32,10,5.2085,24.674,182.34,82.748
32,10,6.4408,24.186,180.53,81.46
32,10,4.6647,23.891,175.69,80.249
32,10,5.0355,25.652,200.53,92.05
32,10,4.6658,25.859,200.35,89.199
32,10,6.0416,25.18,192.01,87.719
32,10,5.4009,25.167,189.9,83.634
32,10,4.9417,24.606,176.56,77.374
32,10,4.8804,24.671,187.4,84.891
32,10,5.2324,23.677,165.94,72.373
32,10,8.7067,25.059,188.37,84.973
32,10,5.649,24.28,173.67,75.431
32,10,4.9188,24.398,175.41,78.079
32,10,5.4127,25.618,194.13,86.017
32,10,5.336,25.252,192.78,86.885
32,10,4.3122,24.692,182.66,81.743
32,10,4.6291,24.723,185.25,84.201
32,10,5.3317,24.551,176.09,76.908
32,10,5.025,26.212,204.53,90.175
32,10,5.7504,25.449,194.62,87.576
32,10,4.3864,24.59,183.87,84.137
32,10,4.8692,25.159,187.23,84.294
32,10,3.8763,24.47,181.18,82.874
32,10,4.6056,24.158,171.47,74.511
32,10,4.0525,25.185,195.74,88.932
32,10,6.1162,25.661,196.66,88.283
32,10,5.2096,25.752,197.27,88.755
32,10,5.2159,25.748,206.4,95.639
32,10,4.5943,23.754,167.45,73.397
32,10,4.3217,25.294,183.99,76.661
32,10,5.2548,24.846,180.22,78.128
32,10,7.276,25.492,191.58,82.683
32,10,4.6909,25.392,198.73,90.288
32,10,5.3391,24.92,186.11,82.132
32,10,6.1635,25.007,189.5,85.379
32,10,5.1446,24.972,193.79,89.566
32,10,4.9004,25.26,194.68,88.42
32,10,5.6666,24.818,187.92,85.507
32,10,4.0183,26.026,199.41,86.706
32,10,4.8261,25.819,206.53,93.791
32,10,4.8495,24.686,180.61,79.687
32,10,5.7339,26.162,201.72,90.365
32,10,4.8106,25.711,199.37,90.142
32,10,5.0068,25.113,191.35,86.368
32,10,4.7538,25.097,185.03,81.298
32,10,4.1463,24.53,182.22,81.339
32,10,5.874,24.407,177.25,79.777
32,10,6.7649,25.201,181.99,77.829
32,10,5.2015,24.136,177.12,80.515
32,10,4.8691,25.783,210.58,98.845
32,10,4.3535,25.127,187.88,82.625
32,10,3.8569,24.149,176.95,78.661
32,10,4.8443,24.475,180.35,80.69
32,10,5.7186,24.751,179.76,79.831
32,10,5.432,24.886,188.57,86.692
32,10,4.8869,23.871,172.82,78.774
32,10,3.9237,24.874,191.79,89.005
32,10,5.1122,25.69,191.23,82.251
32,10,4.8959,24.854,185.23,82.438
32,10,5.0019,25.732,193.08,83.906
32,10,5.1003,24.427,173.26,74.25
32,10,4.5035,24.498,182.09,81.912
32,10,4.5687,25.253,196.59,90.177
32,10,6.0275,24.772,179.51,77.409
32,10,3.8969,25.29,190.67,84.903
32,10,5.9331,24.663,185.14,84.737
32,10,5.1456,24.516,180.82,80.698
32,10,3.9351,24.358,178.56,78.608
32,10,4.8401,25.373,191.59,84.194
32,10,4.8281,24.857,185.95,81.474
32,10,4.2924,24.521,178.38,78.668
32,10,3.931,25.295,186.64,81.813
32,10,5.6597,24.713,179.98,80.554
32,10,4.649,25.207,200,94.825
32,10,6.5299,24.554,181.07,80.779
32,10,6.1959,24.683,183.72,81.983
32,10,4.9585,25.296,185.55,81.611
32,10,6.341,25.083,188.97,83.944
32,10,5.783,24.699,187.11,85.9
32,10,5.0946,25.093,189.63,85.099
32,10,4.7533,25.363,194.21,87.77
32,10,6.8658,25.67,202.46,91.856
32,10,4.3804,24.724,179.44,78.438
32,10,5.8288,24.667,191.29,90.752
32,10,5.1046,24.653,188.73,86.42
32,10,4.7678,25.328,198.51,92.46
32,10,5.8044,25.082,193,88.614
32,10,7.0819,25.328,196.12,90.906
32,10,4.2202,23.862,169.87,76.069
32,10,5.1132,24.384,172.79,74.364
32,10,4.9669,24.872,189.53,86.685
32,10,5.1328,25.985,209.58,96.877
32,10,6.7871,25.531,197.57,88.317
32,10,4.7094,25.635,202.34,91.594
32,10,4.2947,25.073,191.93,87.556
32,10,4.7646,25.247,186.11,80.147
32,10,4.1655,25.251,194.48,89.293
32,10,5.0686,23.475,165.09,72.218
32,10,4.8117,24.091,175.91,78.842
32,10,5.2496,25.6,199.81,90.231
32,10,4.8701,25.365,192.76,87.211
32,10,4.5777,24.858,186.09,83.526
32,10,6.5626,24.341,174.39,77.185
32,10,6.9248,24.388,181.47,81.865
32,10,4.8684,24.948,184.38,81.954
32,10,5.069,24.441,181.08,81.733
32,10,4.6311,24.475,175.5,76.334
32,10,4.7395,26.095,194.37,82.619
32,10,4.3979,25.046,194.93,91.173
32,10,4.4564,25.995,210.18,96.009
32,10,5.1021,24.706,177.84,78.539
32,10,4.8366,26.166,199.68,89.306
32,10,5.119,25.881,188.05,78.872
32,10,8.0027,25.042,189.85,85.509
32,10,5.5673,25.002,188.25,84.508
32,10,4.5635,25.148,193.99,89.051
32,10,4.6581,26.371,215.69,99.792
32,10,5.1759,23.956,174.16,76.246
32,10,4.6909,25.271,191.49,86.126
32,10,5.0585,25.302,195.7,88.494
32,10,5.4226,25.729,195.84,86.756
32,10,4.6795,24.679,183.72,81.399
32,10,4.1377,24.693,181.51,79.991
32,10,5.2308,25.26,192.47,87.248
32,10,5.4755,24.388,172.7,74.039
32,10,4.7041,24.796,187.66,84.429
32,10,4.6031,26.622,216.69,99.199
32,10,4.4594,25.543,192.36,83.078
32,10,4.439,25.456,192.04,85.46
32,10,6.1247,26.365,210.54,92.935
32,10,4.9239,24.604,179.01,76.924
32,10,5.2161,24.7,185.55,84.802
32,10,5.1934,24.582,178.89,78.15
32,10,5.1723,24.096,171.84,74.615
32,10,5.1151,24.85,186.42,84.358
32,10,5.0992,25.329,197.34,89.472
32,10,4.5046,24.82,191.15,88.395
32,10,5.6373,24.619,181.01,81.824
32,10,5.8298,25.263,197.66,92.794
32,10,5.4967,25.245,193.74,88.438
32,10,4.7769,25.748,203.29,92.861
32,10,7.5571,25.418,181.13,76.149
32,10,5.0655,25.294,193.41,88.187
32,10,5.5095,25.187,183.77,79.304
32,10,5.7234,24.188,174.2,76.835
32,10,5.1948,24.999,187.6,84.964
32,10,6.1491,25.147,186.29,81.73
32,10,4.1275,24.617,181.19,79.991
32,10,4.9087,25.15,192.98,87.684
32,10,6.6896,24.801,188.79,85.944
32,10,5.0094,24.523,179.69,80.404
32,10,7.1038,24.684,188.01,85.122
32,10,6.4537,25.083,186.91,83.777
32,10,5.9267,25.079,195.15,91.55
32,10,6.2408,25.016,189.88,86.522
32,10,6.0573,24.947,182.37,78.859
32,10,5.2715,24.925,183.84,80.989
32,10,4.8624,24.836,188.79,85.9
32,10,3.8859,24.783,182.97,81.017
32,10,5.7887,25.06,189.45,85.869
32,10,4.7239,25.414,194.6,87.626
32,10,5.7895,24.043,175.24,79.258
32,10,5.2878,25.557,198.47,90.622
32,10,5.9555,24.429,178.68,79.908
32,10,4.782,25.026,188.21,83.595
32,10,4.3816,24.656,181.38,81.298
32,10,4.418,24.93,187.8,85.115
32,10,5.0605,24.853,185.05,82.598
32,10,4.0696,25.386,194.85,88.962
32,10,5.6755,24.965,190.16,86.529
32,10,6.3436,26.412,211.49,95.146
32,10,4.8249,25.663,198.27,88.895
32,10,4.5422,23.963,167.02,71.582
32,10,4.3339,25.925,201.53,89.708
32,10,3.75,25.203,198.33,93.035
32,10,5.3486,25.334,190.14,83.238
32,10,4.7111,24.894,185.32,81.975
32,10,5.2221,26.05,202.5,89.024
32,10,6.0746,24.774,178.16,74.925
32,10,4.1383,24.913,187.51,83.537
32,10,5.2465,24.812,184.63,81.985
32,10,5.4412,25.356,191.35,85.905
32,10,6.2495,25.723,197.77,89.175
32,10,5.0765,24.868,186.2,83.354
32,10,5.1311,25.1,186.02,81.476
32,10,5.0441,25.726,202.69,93.149
32,10,7.9307,22.963,155.11,67.715
32,10,6.4814,26.128,199.32,86.285
32,10,4.4912,24.156,172.8,75.877
32,10,4.7444,25.513,196.55,87.847
32,10,5.1412,23.96,176.67,80.705
32,10,5.8789,24.273,180.23,81.417
32,10,4.7834,24.686,175.04,75.866
32,10,5.1136,24.98,178.64,74.128
32,10,8.7593,24.351,178.62,81.574
32,10,6.4389,24.941,193.86,90.125
32,10,4.7986,23.764,170.57,77.64
32,10,4.5837,25.591,191.61,84.994
32,10,5.7756,24.992,182.17,79.439
32,10,4.2294,25.322,196.11,89.112
32,10,5.803,24.814,189.93,87.726
32,10,5.7921,24.437,177.68,79.647
32,10,4.8549,24.371,182.55,82.428
32,10,4.6955,25.776,199.8,90.054
32,10,4.6756,24.963,179.92,76.408
32,10,5.7045,23.854,164.73,71.113
32,10,5.3397,25.563,195.7,87.459
32,10,5.4803,24.801,185.26,83.25
32,10,4.3902,25.564,195.41,87.362
32,10,4.5398,25.96,206.31,91.989
32,10,4.6261,24.865,189.54,87.959
32,10,4.3136,25.658,198.29,88.693
32,10,4.7534,24.732,180.77,79.936
32,10,5.3384,25.149,195.11,90.619
32,10,5.0521,24.399,174.85,76.817
32,10,4.8543,25.048,189.16,84.274
32,10,4.8215,24.986,183.45,77.757
32,10,4.4808,24.672,185.64,84.727
32,10,5.6588,25.415,200.96,94.233
32,10,5.9795,25.246,187.54,82.761
32,10,5.014,24.972,182.59,79.854
32,10,5.0333,23.915,165.66,72.175
32,10,6.4871,24.61,179.17,80.387
32,10,5.5276,24.029,169.92,74.418
32,10,6.5592,26.006,203.68,91.264
32,10,4.3975,25.349,189.95,84.395
32,10,4.0872,24.847,188.78,84.673
32,10,4.8867,25.589,195.51,87.957
32,10,4.1729,26.774,216.91,98.486
32,10,5.4094,25.759,206.35,95.107
32,10,5.7462,24.876,177.12,76.398
32,10,4.3511,25.112,182.37,77.849
32,10,4.6558,24.463,177.95,78.712
32,10,5.3617,25.289,188.32,82.364
32,10,4.9738,25.485,199.4,92.223
32,10,6.0168,23.984,174.48,79.838
32,10,5.185,25.867,192.54,83.111
32,10,6.107,24.934,181.64,79.34
32,10,6.2199,24.024,175.93,78.793
32,10,4.4583,23.706,164.91,72.476
32,10,3.6991,24.647,175.39,74.444
32,10,5.2986,25.063,187.1,82.012
32,10,4.3653,25.007,189.13,85.458
32,10,4.5218,24.988,184.19,80.48
32,10,4.9539,24.948,188.01,84.002
32,10,4.2586,25.649,192.45,83.126
32,10,4.7097,25.445,194.77,86.497
32,10,3.7632,24.738,183.26,82.098
32,10,5.1163,24.873,182.07,80.241
32,10,5.2811,25.544,201.14,91.525
32,10,4.4701,26.122,210.7,96.926
32,10,6.5195,25.177,185.76,81.109
32,10,4.7167,25.073,188.37,84.606
32,10,5.8092,25.379,183.92,79.425
32,10,6.796,24.037,168.3,73.872
32,10,4.6194,25.199,190.33,85.74
32,10,5.6426,25.02,194.49,91.359
32,10,4.5676,24.134,169.09,73.15
32,10,5.0568,24.697,175.94,75.825
32,10,5.22,25.507,204.09,96.138
32,10,4.7904,24.821,183.19,80.48
32,10,4.8116,24.539,179.72,78.973
32,10,4.931,25.285,186.77,81.401
32,10,5.6852,24.949,193.14,89.955
32,10,4.4688,26.082,207.36,93.608
32,10,4.1809,25.458,195.75,87.648
32,10,6.3052,25.369,193.04,86.083
32,10,4.2615,25.1,197,90.878
32,10,5.8726,24.761,187.68,86.812
32,10,4.1744,26.491,211.48,97.268
32,10,4.0373,24.198,177.01,79.614
32,10,6.2471,25.075,189.17,85.287
32,10,4.9774,25.657,202.2,92.617
32,10,5.6734,25.667,195.24,87.34
32,10,5.4916,25.279,185.16,81.602
32,10,5.2925,23.192,159.49,70.793
32,10,4.7997,25.179,191.11,85.933
32,10,6.9365,24.995,182.61,79.295
32,10,4.9792,25.204,194.77,89.347
32,10,5.0796,25.492,195.55,87.251
32,10,4.4465,25.884,203.95,92.934
32,10,4.8219,24.295,180.86,83.349
32,10,4.3904,25.748,202.28,91.486
32,10,5.9061,25.185,189.19,84.412
32,10,6.5216,24.631,187.31,85.55
32,10,4.6321,24.702,185.44,84.358
32,10,4.534,23.865,175.04,81.018
32,10,5.3822,24.875,186.23,83.365
32,10,4.787,24.359,178.08,77.635
32,10,4.7039,23.732,166.05,72.209
32,10,5.6621,23.81,168.33,73.095
32,10,6.2949,24.587,175.9,76.642
32,10,5.4044,24.721,179.36,78.423
32,10,6.6164,24.632,181.65,77.921
32,10,5.1905,24.326,175.13,76.403
32,10,5.453,23.45,160.07,69.604
32,10,5.7251,24.966,188.31,84.856
32,10,4.5231,25.275,188.18,81.956
32,10,4.0314,24.987,189.12,84.292
32,10,4.6793,25.173,187.7,80.977
32,10,5.257,24.505,176.64,75.636
32,10,5.4155,24.767,186.96,83.106
32,10,4.7324,27.369,222.43,100.38
32,10,6.3181,25.576,197.62,88.811
32,10,4.5772,24.459,171.89,74.297
32,10,4.9435,24.582,172.13,73.977
32,10,6.1766,24.546,179.73,80.935
32,10,4.0654,25.197,190.78,86.832
32,10,4.1649,25.231,181.36,77.833
32,10,6.002,25.226,193.51,86.847
32,10,5.6037,24.684,180.88,81.49
32,10,4.693,25.033,186.26,81.47
32,10,4.7654,25.432,200.52,93.02
32,10,6.8267,25.23,189.17,83.895
32,10,7.6425,24.611,191.74,90.339
32,10,4.4929,25.188,189.92,84.513
32,10,4.9697,23.837,170.94,76.551
32,10,4.4226,25.136,193.18,88.666
32,10,8.1682,24.364,173.42,74.262
32,10,5.5444,25.067,190.34,84.957
32,10,5.4785,25.953,205.95,94.635
32,10,4.6797,25.535,193.56,86.497
32,10,5.2452,25.854,204.66,91.709
32,10,3.7485,24.248,179.17,81.134
32,10,4.3603,25.494,195.36,83.207
32,10,5.0101,25.739,191.03,83.071
32,10,4.5654,25.561,193.33,85.098
32,10,4.6698,24.809,180.73,78.575
32,10,5.5648,25.147,188.69,81.277
32,10,4.9063,22.809,158.39,72.027
32,10,5.5611,25.23,188.56,83.786
32,10,5.9208,24.873,186.86,83.53
32,10,5.0987,24.646,186.57,85.491
32,10,5.2945,24.372,181.75,81.837
32,10,4.829,23.974,164.4,69.416
32,10,5.083,25.33,193.17,86.349
32,10,5.279,24.527,181.17,80.215
32,10,5.3353,25.011,193.95,90.031
32,10,4.7207,24.815,179.72,79.486
32,10,6.7339,24.464,184.46,85.478
32,10,4.9667,25.405,190.19,83.805
32,10,4.6891,26.112,206.1,93.289
32,10,6.043,26.531,212.73,96.62
32,10,5.0391,23.889,170.58,75.478
32,10,6.3191,24.637,180.9,80.553
32,10,5.103,24.206,177.17,80.276
32,10,5.0035,24.903,184.59,82.183
32,10,4.0182,26.164,205.55,92.078
32,10,4.507,24.649,183.12,81.322
32,10,8.5572,24.719,181.99,81.479
32,10,5.6127,25.88,202.75,90.687
32,10,4.6354,24.509,183.5,82.977
32,10,5.4342,24.396,180.85,81.552
32,10,5.0114,25.324,190.17,83.292
32,10,5.4606,24.489,182.95,82.648
32,10,4.8807,23.954,174.3,78.703
32,10,5.018,25.528,185.94,77.738
32,10,5.0291,25.978,204.95,91.541
32,10,7.7357,24.759,183.23,81.591
32,10,4.4269,24.958,182.31,79.355
32,10,5.509,25.297,190.88,83.99
32,10,3.9023,24.274,174.62,75.826
32,10,4.9932,24.275,175.12,77.991
32,10,4.1793,25.037,189.61,84.851
32,10,5.6083,25.748,197.37,87.873
32,10,4.0713,24.162,176.42,79.25
32,10,4.6261,24.432,182.33,82.995
32,10,4.9022,24.665,180.25,80.566
32,10,4.7714,25.374,195.22,88.849
32,10,5.3141,25.506,199.23,91.703
32,10,3.7166,25.055,186.72,81.096
32,10,4.7928,24.584,183.58,82.09
32,10,4.2547,25.723,202.01,91.212
32,10,5.7459,24.222,175,78.226
32,10,4.2972,25.678,204.47,94.94
32,10,5.2192,24.543,185.24,84.048
32,10,4.5697,25.62,189.06,78.734
32,10,4.2037,24.554,178.07,77.935
32,10,5.8778,25.241,194.19,88.088
32,10,4.4878,25.832,199.59,89.362
32,10,6.1342,23.257,160.22,71.766
32,10,8.5706,25.116,192.35,88.79
32,10,5.8061,24.946,191.48,87.187
32,10,4.7911,25.142,184.09,79.828
32,10,4.7766,23.907,167.44,74.219
32,10,4.9947,24.721,183.37,81.084
32,10,4.8804,25.174,186.38,81.727
32,10,5.3312,24.55,178.81,79.815
32,10,7.4653,25.955,202.11,90.933
32,10,7.8209,25.618,194.71,87.646
32,10,4.5474,25.06,190.04,85.65
32,10,4.9913,24.98,190.11,85.462
32,10,6.4121,24.796,186.96,84.797
32,10,5.3965,25.141,198.06,92.421
32,10,6.1347,25.851,194.81,85.455
32,10,3.9492,25.363,204.87,95.864
32,10,4.9191,25.551,195.93,86.082
32,10,4.7589,26.357,213.09,98.006
32,10,4.7827,25.251,200.96,94.061
32,10,5.3862,24.468,177.04,78.428
32,10,5.558,25.106,186.03,81.297
32,10,6.0994,24.979,188.69,85.878
32,10,5.7458,24.455,178.72,79.409
32,10,4.7396,24.728,184.01,80.675
32,10,4.6606,24.87,180.44,77.919
32,10,4.2017,24.018,176.17,78.655
32,10,5.7407,25.783,201.36,91.546
32,10,4.8307,24.931,191.5,87.947
32,10,6.3036,24.329,171.21,72.774
32,10,6.5995,26.058,208.34,94.272
32,10,5.6916,24.859,178.8,76.257
32,10,7.8815,24.817,184.32,80.137
32,10,4.4772,23.985,178,81.25
32,10,6.0168,24.598,186.35,86.019
32,10,4.4702,24.807,183.63,80.97
32,10,4.1065,24.308,175.74,76.925
32,10,4.5743,24.282,177.19,79.421
32,10,4.5887,24.872,183.41,80.229
32,10,4.5803,24.857,189.59,86.108
32,10,6.6412,25.557,190.61,82.856
32,10,4.1056,24.679,183.64,83.798
32,10,6.0286,25.555,199.36,90.028
32,10,4.7493,25.227,195.2,88.947
32,10,7.5542,24.955,184.75,81.925
32,10,4.8099,24.644,186.69,86.009
32,10,4.6988,25.274,194.55,89.55
32,10,5.8081,25.201,194.17,89.166
32,10,5.9539,25.138,190.32,86.636
32,10,5.1995,25.638,201.07,90.989
32,10,5.2191,24.813,187.08,84.06
32,10,4.5909,25.566,194.24,85.368
32,10,4.9828,24.663,184.12,84.635
32,10,4.1239,25.062,190.95,85.3
32,10,3.8182,25.541,202.46,93.468
32,10,5.9725,24.801,180.67,78.927
32,10,4.9567,23.632,168.56,75.559
32,10,6.06,24.823,189.62,88.18
32,10,5.4684,24.639,178.71,77.469
32,10,4.6645,24.58,180.8,81.182
32,10,4.6826,24.783,183,80.438
32,10,6.5018,23.991,175.86,80.8
32,10,4.0184,26.148,208.71,95.48
32,10,5.8407,25.488,197.86,89.598
32,10,4.9027,23.384,164.5,73.407
32,10,5.0891,24.38,179.28,79.715
32,10,5.2314,23.567,168.47,75.556
32,10,3.996,25.099,199.88,94.355
32,10,4.9149,26.306,213.92,97.501
32,10,5.1552,24.434,173.97,75.889
32,10,5.0857,24.609,184.04,83.396
32,10,4.6212,25.927,196.75,85.332
32,10,4.0671,24.484,180.34,80.641
32,10,5.8062,24.766,182.42,79.033
32,10,4.3124,24.536,180.85,81.189
32,10,5.064,24.072,171.86,77.415
32,10,5.442,26.007,205.15,93.297
32,10,7.1903,25.03,182.04,78.631
32,10,5.8722,26.002,199.56,87.371
32,10,4.0969,25.302,193.9,87.38
32,10,4.6492,23.695,163.68,72.042
32,10,4.6172,24.84,180.35,78.235
32,10,4.6653,25.006,189.75,84.878
32,10,5.9272,25.311,195.91,89.89
32,10,4.4488,25.091,188.69,82.835
32,10,5.0803,25.441,193.37,86.635
32,10,5.3661,26.725,216.16,98.745
32,10,5.5874,24.431,177.28,78.853
32,10,4.5799,25.046,189.03,84.228
32,10,7.5377,24.541,180.88,82.116
32,10,4.5541,25.136,194.8,90.186
32,10,5.3945,25.22,205.34,98.108
32,10,3.879,25.342,191.65,85.396
32,10,5.7535,25.197,190.82,83.633
32,10,4.1778,25.031,187.43,82.787
32,10,4.0187,25.36,190.94,83.906
32,10,6.4121,24.615,186.26,85.103
32,10,4.1829,24.817,189.81,86.112
32,10,5.3021,24.136,173.78,75.574
32,10,4.6422,24.715,184.13,83.26
32,10,5.2188,24.267,172.23,74.892
32,10,5.1042,25.186,183.59,77.785
32,10,5.1147,24.783,184.96,82.919
32,10,6.2168,25.794,201.49,90.643
32,10,4.8846,25.553,193.54,85.128
32,10,4.2831,25.367,192.59,85.085
32,10,6.7027,26.648,210.61,92.69
32,10,4.5975,24.591,188.58,86.562
32,10,4.9782,23.869,166.79,72.462
32,10,5.2409,25.899,200.64,89.141
32,10,4.9362,25.248,184.47,79.539
32,10,4.5327,23.984,175.72,79.19
32,10,5.8658,25.432,193.1,86.103
32,10,4.6495,25.432,195.77,89.885
32,10,6.1208,25.101,185.93,80.934
32,10,9.3737,25.011,192.2,89.807
32,10,4.3565,24.291,174.92,75.907
32,10,5.2038,25.128,191.36,85.112
32,10,4.7075,24.668,185.1,84.243
32,10,4.4471,24.533,185.22,85.948
32,10,5.8437,25.38,192.58,85.34
32,10,3.5964,24.937,187.25,84.761
32,10,4.1089,25.762,196.7,85.8
32,10,4.3165,25.921,201.07,88.811
32,10,5.1102,25.021,188.51,85.394
32,10,4.6881,24.085,171.49,74.586
32,10,5.4168,26.54,215.9,98.418
32,10,8.2908,25.927,206.23,94.326
32,10,5.7479,24.801,184.32,83.403
32,10,9.027,24.937,187.29,83.55
32,10,4.7108,25.728,199.31,88.42
32,10,5.9836,24.947,193.78,90.429
32,10,6.0875,25.095,188.11,83.801
32,10,5.8744,24.993,184.29,81.451
32,10,5.7288,24.222,179.15,81.091
32,10,4.8703,24.841,183.99,80.473
32,10,5.3861,24.172,175.02,78.705
32,10,5.3418,24.632,177.64,77.252
32,10,4.9806,25.015,187.42,83.106
32,10,6.4527,25.746,200.54,89.795
32,10,5.3734,24.594,178.95,79.739
32,10,5.7656,24.414,172.46,75.11
32,10,5.7403,24.137,174.09,78.037
32,10,5.126,25.264,185.94,80.089
32,10,5.4371,26.261,209.84,93.667
32,10,3.9757,24.804,189.52,86.07
32,10,4.6052,25.596,201.08,90.663
32,10,5.1779,26.603,208.5,93.287
32,10,4.3727,24.725,186.34,82.69
32,10,4.3458,24.587,179.21,79.472
32,10,4.6512,24.546,176.57,78.847
32,10,4.7668,25.67,193.08,83.441
32,10,5.1488,25.198,194.11,88.03
32,10,6.2987,26.143,205.81,91.26
32,10,5.8399,24.966,183.01,80.195
32,10,4.3374,24.846,189.09,86.789
32,10,4.7235,25.466,200.23,92.082
32,10,5.2213,24.562,181.99,81.877
32,10,6.0242,25.056,185.31,82.621
32,10,5.7437,25.674,193.98,84.931
32,10,4.0035,25.127,180.89,76.725
32,10,4.7738,25.232,198.63,92.946
32,10,4.6882,24.772,189.65,86.992
32,10,4.1089,24.775,191.4,87.92
32,10,5.3099,24.048,173.05,77.435
32,10,7.6248,24.869,181.84,79.219
32,10,6.0231,25.329,198.08,90.329
32,10,4.8758,25.202,191.82,86.823
32,10,5.9438,25.642,196.34,88.657
32,10,6.8883,25.272,189.5,84.151
32,10,5.0447,24.384,173.62,76.164
32,10,4.3611,24.335,177.8,78.639
32,10,6.9508,24.631,176.03,76.338
32,10,5.8208,25.24,194.68,88.59
32,10,4.152,25.335,186.95,79.27
32,10,4.4358,24.753,186.2,84.662
32,10,4.7157,25.156,190.32,87.187
32,10,5.0029,24.772,188.35,86.741
32,10,5.352,25.308,187.63,80.854
32,10,5.0505,23.936,168.71,74.199
32,10,5.0397,24.358,178.42,79.732
32,10,5.493,24.573,180.53,81.61
32,10,4.4052,25.104,189.32,85.542
32,10,5.9242,24.702,183.12,81.661
32,10,4.7021,25.608,196.61,88.867
32,10,5.3266,24.713,186.06,85.471
32,10,5.0239,25.453,205.85,96.296
32,10,4.3915,25.161,188.62,84.249
32,10,4.0102,25.189,193.29,87.682
32,10,4.532,24.515,181.94,82.836
32,10,5.0385,25.448,197.1,88.871
32,10,4.6549,24.094,174.41,78.127
32,10,6.9758,25.078,188.93,84.234
32,10,6.3068,25.395,191.41,81.724
32,10,4.3642,24.215,174.97,77.131
32,10,7.9216,24.391,185.11,85.461
32,10,4.4156,25.113,184.08,80.561
32,10,4.5838,25.004,191.37,86.661
32,10,7.227,25.493,188.86,82.344
32,10,4.2609,25.368,193.11,86.948
32,10,5.4364,26.009,205.51,93.07
32,10,4.3113,25.999,197.1,84.469
32,10,5.0951,24.984,188.95,85.61
32,10,7.6155,25.895,208.69,94.436
32,10,4.6975,25.413,192.68,86.727
32,10,4.464,24.99,185.3,81.567
32,10,4.7975,24.757,178.59,76.303
32,10,5.7859,24.807,182.9,80.682
32,10,5.3787,25.88,204.92,93.277
32,10,7.3578,24.767,180.91,81.106
32,10,3.5907,25.002,184.43,80.849
32,10,4.6453,24.562,182.83,80.805
32,10,4.817,26.494,212.13,96.485
32,10,5.0863,24.951,176.29,76.614
32,10,5.0799,26.241,201.83,88.88
32,10,4.8882,24.344,176.04,77.048
32,10,4.8103,25.849,198.51,88.732
32,10,4.5277,23.789,165.22,70.46
32,10,4.7877,25.231,196.63,90.827
32,10,4.1636,25.495,195.78,88.022
32,10,5.1223,25.348,194.31,87.735
32,10,7.313,25.285,197.27,91.014
32,10,6.2658,24.344,180.86,83.042
32,10,4.6081,24.962,192.6,88.106
32,10,5.4574,24.92,179.86,78.069
32,10,6.0558,24.983,188.1,83.707
32,10,5.9407,24.118,166.34,70.757
32,10,5.1455,24.423,182.37,84.132
32,10,8.1122,24.501,179.92,80.499
32,10,5.4423,24.866,186.49,85.182
32,10,4.5975,25.369,190.85,84.106
32,10,4.8594,24.714,188.19,86.924
32,10,6.1168,24.85,190.02,85.164
32,10,3.9547,25.345,192.62,86.137
32,10,5.195,25.345,194.81,87.885
32,10,3.9337,25.839,206.68,94.814
32,10,4.2575,25.305,190.54,85.729
32,10,5.6745,25.441,183.2,76.637
32,10,4.8097,25.62,202.4,93.714
32,10,4.3656,24.469,184.2,85.076
32,10,5.1471,24.88,188.43,86.522
32,10,4.9616,25.449,191.47,84.834
32,10,4.9354,25.033,186.94,83.224
32,10,5.8584,24.288,175.63,78.239
32,10,5.9366,25.386,195.94,90.042
32,10,4.1081,24.756,189.23,87.746
32,10,4.0589,25.064,192.07,88.763
32,10,6.1399,23.931,174.89,78.635
32,10,4.3438,24.52,178.06,78.169
32,10,5.4425,25.239,192.86,86.765
32,10,6.4146,25.195,194.27,87.58
32,10,4.0062,24.653,183.67,80.708
32,10,4.8702,25.513,193.61,87.591
32,10,4.505,24.639,184.84,84.649
32,10,5.0089,24.866,189.63,86.688
32,10,5.0536,25.266,189.74,83.694
32,10,5.0276,24.857,190.13,88.107
32,10,5.2284,25.136,190.95,86.499
32,10,4.7112,25.59,192.7,85.764
32,10,5.2129,25.127,190.7,85.641
32,10,4.6783,26.197,201.87,88.439
32,10,5.622,24.96,179.97,75.265
32,10,5.8726,24.562,181.94,80.387
32,10,4.2398,25.818,198.77,88.935
32,10,5.6234,25.968,207.49,94.62
32,10,5.849,24.442,176.6,77.037
32,10,4.3071,25.023,184.03,80.5
32,10,5.1674,24.742,183.53,81.733
32,10,4.4625,25.431,193.18,84.663
32,10,4.7388,24.813,179.84,78.945
32,10,4.3934,24.648,180.46,79.242
32,10,6.454,24.06,169.12,74.101
32,10,4.6585,25.465,186.79,80.403
32,10,7.8222,27.072,224.49,103.52
32,10,4.5302,23.936,166.7,70.79
32,10,5.318,26.208,205.21,91.998
32,10,5.8486,24.451,181.3,80.222
32,10,5.0565,24.662,180.69,80.057
32,10,5.3344,23.904,175.81,80.588
32,10,4.9935,25.19,186.58,78.936
32,10,5.0888,24.72,182.43,81.214
32,10,5.1454,25.315,190.67,84.467
32,10,6.6255,24.177,179.95,83.509
32,10,4.9207,24.469,180.99,81.164
32,10,7.4662,25.57,200.67,91.839
32,10,4.2983,24.361,175.28,76.124
32,10,5.6335,24.995,185.82,82.391
32,10,5.1621,24.679,186.44,84.137
32,10,4.9328,24.193,167.68,71.194
32,10,4.0027,24.234,181.59,83.002
32,10,7.6543,24.898,186.08,82.078
32,10,4.4815,23.503,166.59,75.691
32,10,5.7311,24.909,192.71,89.97
32,10,5.2941,24.384,178.74,80.325
32,10,5.5107,25.158,185.21,78.916
32,10,7.5351,26.504,206.91,91.783
32,10,6.1757,24.021,176.45,80.33
32,10,4.41,26.074,205.21,90.999
32,10,4.5489,25.205,186.99,80.667
32,10,5.8454,26.09,207.34,93.596
32,10,6.2314,25.134,195.3,90.979
32,10,4.2703,24.812,187.24,85.015
32,10,4.4477,25.098,185.12,82.159
32,10,5.799,24.797,179.6,77.288
32,10,4.4054,24.544,179.29,80.345
32,10,7.9884,25.314,192,85.56
32,10,4.0172,25.913,211.04,98.951
32,10,5.1473,24.346,178.27,80.172
32,10,5.2602,25.13,189.88,85.026
32,10,4.7959,24.666,181.65,80.741
32,10,4.44,24.653,184.25,84.458
32,10,6.8043,25.56,194.03,85.983
32,10,4.0096,24.934,184.81,81.117
32,10,7.0778,25.914,199.6,87.155
32,10,4.6578,26.472,217.04,99.509
32,10,5.7057,24.898,188.32,85.362
32,10,4.232,24.555,169.02,70.499
32,10,5.3805,24.873,185.56,84.366
32,10,5.9126,26.032,197.6,87.041
32,10,4.2703,25.043,191.21,86.453
32,10,5.6988,24.348,183.39,84.618
32,10,4.8427,25.764,202.73,92.936
32,10,4.4339,25.205,196.04,90.575
32,10,5.1818,24.915,181.11,78.747
32,10,4.3469,24.7,183.66,81.116
32,10,4.5536,24.826,181.94,79.952
32,10,5.5791,23.367,162.99,72.487
32,10,5.4998,25.685,201.98,91.414
32,10,7.328,25.343,188.62,83.318
32,10,6.2658,24.408,171.87,73.6
32,10,4.9144,24.513,187.78,86.742
32,10,4.4963,25.263,196.59,90.5
32,10,4.6013,26.054,190.32,79.815
32,10,6.3112,26.386,213.98,99.132
32,10,4.3363,25.197,196.23,90.809
32,10,5.3787,25.319,188.23,81.382
32,10,5.1708,23.93,170.91,76.359
32,10,7.4729,24.823,184.47,83.12
32,10,4.8012,24.447,181.1,81.779
32,10,4.3839,24.531,180.1,80.073
32,10,4.4206,25.698,194.31,84.99
32,10,4.8985,25.383,195.19,88.843
32,10,4.487,25.317,198.03,90.155
32,10,5.8482,24.246,180.72,82.317
32,10,6.7127,25.692,194.1,86.478
32,10,4.3927,26.13,207.3,92.903
32,10,4.5873,24.506,179.65,80.45
32,10,3.6898,24.164,180.82,81.51
32,10,5.2253,24.886,180.47,78.26
32,10,5.304,23.951,170.17,75.403
32,10,6.1165,24.396,189.33,90.28
32,10,4.3601,25.204,195.73,90.674
32,10,5.5398,25.235,197.84,91.997
32,10,5.448,25.023,189.34,86.145
32,10,4.093,24.98,186.09,84.783
32,10,6.682,25.118,193.02,88.999
32,10,4.9123,24.384,171.74,73.377
32,10,6.818,25.346,201.2,94.14
32,10,4.6146,25.267,198.02,93.397
32,10,5.0259,25.786,200.83,90.166
32,10,4.4106,25.499,195.03,86.144
32,10,3.9212,25.104,192.72,89.13
32,10,4.6939,25.027,193.85,89.82
32,10,4.8312,25.353,189.06,81.888
32,10,4.4134,24.78,181.24,80.06
32,10,7.3978,24.722,179.48,79.096
32,10,8.219,24.9,186.37,84.097
32,10,6.8608,25.099,187.24,83.079
32,10,4.8128,24.735,187.14,85.186
32,10,5.3501,25.4,187.16,81.621
32,10,4.9025,24.911,190.23,86.657
32,10,6.2019,24.829,191.58,88.649
32,10,6.5728,24.687,181.73,80.27
32,10,3.9603,24.469,180.2,80.477
32,10,4.9792,24.505,185.53,84.304
32,10,4.6708,24.621,182.1,80.733
32,10,5.2857,25.455,199.87,93.649
32,10,4.7201,23.89,174.41,78.673
32,10,4.9288,24.693,177.19,78.011
32,10,4.9064,24.606,182.55,81.777
32,10,4.7911,24.494,173.94,75.421
32,10,5.0266,23.977,176.96,80.906
32,10,4.3088,25.113,190.63,86.482
32,10,5.2801,24.944,188.75,87.618
32,10,4.0319,25.237,196.82,91.375
32,10,4.7014,23.923,165.79,71.174
32,10,4.7019,24.742,190.29,87.702
32,10,5.0133,25.47,190.61,83.733
32,10,6.0382,24.11,171.79,74.686
32,10,6.1569,24.268,179.01,81.445
32,10,6.3867,25.13,194.39,88.988
32,10,6.0309,24.81,181.42,80.167
32,10,5.1178,24.791,182.24,79.99
32,10,5.6067,24.323,177.49,80.431
32,10,5.089,24.863,190.2,86.405
32,10,4.8777,25.08,193.09,87.414
32,10,5.2338,24.128,171.99,76.44
32,10,3.9809,24.143,167.16,71.576
32,10,5.1878,25.224,183.34,78.521
32,10,4.6931,25.89,202.14,91.398
32,10,5.1746,25.084,193.95,88.088
32,10,5.6784,24.549,180.7,78.743
32,10,5.5809,23.863,171.49,76.784
32,10,5.4053,24.806,184.16,81.581
32,10,5.106,24.791,186.83,85.273
32,10,4.444,24.763,179.89,79.289
32,10,4.1155,25.85,207.34,95.479
32,10,6.5664,24.862,186.52,84.501
32,10,5.9083,25.285,196.44,89.208
32,10,4.478,24.436,179.3,79.852
32,10,4.2561,25.525,197.46,90.528
32,10,4.2673,23.944,177.38,81.843
32,10,5.1946,24.559,177.84,77.486
32,10,4.3467,25.022,189.2,85.849
32,10,4.687,24.958,188.23,84.864
32,10,4.2343,25.511,192.76,86.587
32,10,5.7541,23.606,168.86,75.873
32,10,6.7568,25.02,185.65,82.26
32,10,4.4786,24.617,187.9,86.411
32,10,5.7591,25.16,192.1,87.858
32,10,4.7846,25.071,188.89,84.47
32,10,5.0891,24.144,169.28,71.022
32,10,4.6629,25.375,190.22,82.006
32,10,3.9218,25.34,194.83,87.721
32,10,4.1156,24.703,184.53,84.614
32,10,4.2968,24.654,182.24,80.115
32,10,5.8737,25.451,192.04,85.254
32,10,5.9281,24.933,187.86,85.081
32,10,5.8009,24.319,179.51,82.34
32,10,4.5639,26.177,208.32,92.501
32,10,6.1961,24.214,179.43,81.754
32,10,5.3326,24.575,182.56,82.876
32,10,5.9693,25.215,187.52,82.699
32,10,4.8138,25.599,199.01,90.106
32,10,5.7499,26.129,202.43,89.616
32,10,5.7501,25.072,183.62,79.723
32,10,5.7495,25.365,203.8,95.109
32,10,5.916,25.66,198.38,89.59
32,10,5.0325,24.966,191.83,86.72
32,10,4.6419,24.802,187.4,85.939
32,10,5.1728,24.442,172.82,74.726
32,10,4.2188,25.638,195.16,87.544
32,10,7.7609,24.317,175.38,78.005
32,10,5.9943,24.274,173.04,75.244
32,10,4.432,25.675,202.26,92.921
32,10,5.8125,24.935,189.63,85.665
32,10,5.0747,24.203,173.08,76.209
32,10,5.022,24.348,180.11,82.388
32,10,5.6942,24.345,183.08,82.855
32,10,4.7946,25.482,204.49,97.084
32,10,5.6069,24.834,187.43,82.705
32,10,4.977,25.484,190.92,83.59
32,10,4.6362,24.125,174.74,77.86
32,10,4.7197,25.327,189.53,85.763
32,10,7.8613,25.326,191.99,84.276
32,10,4.3012,24.726,180.74,78.888
32,10,4.9529,24.701,187.79,85.655
32,10,4.2656,26.107,205.66,92.571
32,10,4.6683,24.502,185.88,84.475
32,10,5.1162,24.302,179.57,79.57
32,10,5.6212,24.779,182.2,81.203
32,10,4.8121,25.294,193.36,88.034
32,10,4.5743,25.193,193.47,87.031
32,10,5.4321,26.655,216.09,99.233
32,10,5.4956,24.029,171.63,76.325
32,10,5.59,25.125,180.7,77.506
32,10,5.6546,25.133,187.49,81.974
32,10,6.5098,25.746,194.69,84.052
32,10,4.9765,24.149,173.18,76.911
32,10,4.8982,25.2,185.19,79.361
32,10,4.6314,23.508,166.41,75.159
32,10,4.6776,24.327,174.45,76.216
32,10,4.3874,25.458,195.3,88.518
32,10,4.4848,24.448,178.07,78.759
32,10,5.7174,25.4,197.91,91.746
32,10,6.5078,25.562,200.93,92.807
32,10,4.4323,25.688,200.16,90.472
32,10,5.0452,25.224,182.42,78.419
32,10,4.74,24.819,183.44,81.238
32,10,5.9549,25.764,195.89,86.61
32,10,4.6719,24.875,186.58,84.14
32,10,4.8259,24.59,185.2,84.564
32,10,5.6875,24.56,188.36,87.017
32,10,6.8085,24.612,175.66,75.04
32,10,5.6201,24.763,189.31,85.802
32,10,4.9036,25.432,179.43,74.425
32,10,5.2624,24.714,183.78,81.87
32,10,4.9097,24.676,188.21,86.588
32,10,4.5813,24.267,179.11,80.846
32,10,4.5837,24.686,184.63,83.782
32,10,4.7854,25.786,198.04,87.979
32,10,5.4214,25.009,182.74,79.003
32,10,5.1252,24.867,183.12,81.611
32,10,4.3474,25.674,203.17,93.803
32,10,5.55,25.894,199.65,88.109
32,10,5.2345,24.479,181.66,82.253
32,10,5.3718,25.424,187,81.758
32,10,5.1059,25.689,206.18,95.514
32,10,4.9696,25.049,193.51,88.922
32,10,5.1312,25.391,194.12,87.997
32,10,4.2061,25.315,194.39,88.519
32,10,5.3885,25.212,187.39,82.425
32,10,4.0927,24.742,184.32,82.991
32,10,5.08,25.577,199.75,90.026
32,10,5.7614,25.49,195.98,87.538
32,10,5.4673,24.155,176.09,80.46
32,10,5.7074,25.27,192.93,86.756
32,10,4.6029,25.713,206.64,95.925
32,10,4.1372,25.184,193.46,88.765
32,10,4.5021,24.767,186.63,84.161
32,10,8.8792,24.127,168.58,74.434
32,10,5.8316,25.824,197.84,86.756
32,10,5.2416,24.205,176.04,77.347
32,10,5.2637,25.568,203.67,95.033
32,10,5.7083,25.39,185.66,79.546
32,10,4.8122,25.688,195.87,85.741
32,10,4.5078,24.446,178.52,79.489
32,10,4.4045,24.973,189.61,86.846
32,10,7.2139,25.125,190.34,87.731
32,10,5.2598,25.611,191.88,84.22
32,10,5.3369,24.312,175.48,76.477
32,10,4.3614,24.013,171.99,77.408
32,10,6.4662,24.702,181.5,78.657
32,10,5.9024,24.6,179.33,78.373
32,10,4.2035,24.627,179.69,80.343
32,10,6.1696,26.016,207.61,95.596
32,10,4.6443,25.834,194.39,84.27
32,10,4.3812,24.877,184.98,82.044
32,10,4.5976,24.946,193.76,87.994
32,10,4.6863,25.129,187.25,82.282
32,10,6.1482,24.604,182.71,82.075
32,10,5.0727,25.517,189.88,82.577
32,10,6.7519,24.86,183.26,80.76
32,10,5.5842,26.408,204.09,87.388
32,10,5.1673,25.096,184.44,80.649
32,10,5.2698,24.659,182.04,81.385
32,10,7.231,24.793,182.8,79.971
32,10,7.7351,24.791,184.13,82.893
32,10,5.9614,24.482,181.04,80.468
32,10,4.5843,24.303,170.96,72.709
32,10,5.0315,25.163,195.63,88.895
32,10,5.7276,25.077,184.45,80.069
32,10,5.3012,24.94,185.31,82.434
32,10,4.5601,24.596,181.94,81.39
32,10,5.1844,24.527,183.41,82.366
32,10,5.7945,24.905,186.85,84.298
32,10,4.5231,24.931,190.37,87.311
32,10,5.1316,25.411,194.78,89.7
32,10,5.9577,25.314,192.97,87.137
32,10,5.1367,25.993,197.88,85.681
32,10,5.1391,24.968,179.47,79.057
32,10,6.3749,24.722,183.18,82.417
32,10,5.0285,24.438,176.75,77.844
32,10,4.857,24.469,181.28,82.365
32,10,4.0295,25.505,195.59,88.091
32,10,4.1927,25.324,188.51,81.187
32,10,4.3474,24.468,176.43,76.135
32,10,4.5933,24.641,193.31,92.166
32,10,4.693,24.914,183.46,78.704
32,10,4.8902,24.576,175.99,75.938
32,10,6.2761,24.443,178.87,79.553
32,10,4.1143,24.113,171.17,73.465
32,10,7.4737,25.536,196.57,88.739
32,10,7.1918,24.674,181.58,81.534
32,10,5.0338,25.844,200.12,90.341
32,10,4.6164,24.646,181.41,79.424
32,10,4.3022,24.685,179.82,79.197
32,10,4.7805,25.525,195.2,86.892
32,10,6.0328,24.609,177.46,77.837
32,10,4.3693,23.704,170.61,76.241
32,10,4.9342,24.415,183.89,85.786
32,10,5.783,24.966,179.71,74.727
32,10,5.5502,24.792,185.43,83.246
32,10,6.151,24.924,191.58,87.987
32,10,4.71,24.313,182.14,83.895
32,10,7.0118,23.929,168.36,74.472
32,10,4.7621,25.388,189.02,82.617
32,10,4.359,25.472,205.28,96.599
32,10,4.8071,24.443,178.82,78.842
32,10,4.5448,25.841,205.32,93.988
32,10,4.9694,24.198,187.21,88.404
32,10,4.5744,24.231,170.71,74.558
32,10,3.5971,24.413,178.44,80.258
32,10,6.6794,24.611,178.49,78.286
32,10,5.0715,25.019,187.99,85.089
32,10,4.5528,26.048,199.32,87.502
32,10,5.4533,25.41,186.59,82.413
32,10,4.7504,25.229,201.59,94.885
32,10,5.0438,24.847,181.91,79.242
32,10,5.7204,25.047,182.47,77.679
32,10,6.6412,25.142,188.92,83.754
32,10,6.0141,25.136,196.3,89.96
32,10,5.6519,25.737,203.13,93.797
32,10,5.3315,25.571,197.11,90.198
32,10,5.0848,25.258,195.05,89.672
32,10,5.2806,24.395,181.05,82.867
32,10,6.6392,25,190.66,86.63
32,10,4.4961,24.68,184.2,82.545
32,10,5.1221,23.943,167.25,73.338
32,10,5.0861,24.022,174.07,77.166
32,10,5.5585,24.192,176.85,78.769
32,10,6.7041,25.494,194.87,86.532
32,10,5.7093,23.707,170.13,76.875
32,10,4.5349,25.645,196.44,89.752
32,10,5.2532,25.29,189.45,84.154
32,10,5.3122,24.757,181.92,78.756
32,10,8.7774,25.042,186.69,82.773
32,10,5.442,24.881,186.04,82.995
32,10,4.1798,25.504,191.62,83.664
32,10,4.431,24.615,183.84,83.319
32,10,3.7672,25.028,194.97,89.722
32,10,5.0982,25.69,196.4,88.383
32,10,5.3258,24.906,187.92,85.056
32,10,5.16,25.334,183.42,79.562
32,10,4.555,24.651,186.84,85.803
32,10,4.6192,24.914,187.78,83.967
32,10,4.4523,25.364,194.83,88.64
32,10,5.9643,24.483,175.53,75.976
32,10,4.1216,24.16,175.04,77.448
32,10,6.0155,25.417,202.79,96.288
32,10,6.1425,24.164,181.12,82.833
32,10,4.9522,24.792,185.57,84.094
32,10,4.6738,24.523,178.02,79.027
32,10,4.6085,24.732,187.25,85.853
32,10,4.9785,24.784,181.25,79.439
32,10,4.968,24.802,176.23,76.726
32,10,4.0169,24.103,177.64,81.226
32,10,4.5734,26.205,209.49,95.479
32,11,6.1376,26.451,215.96,100.46
32,11,3.6688,26.536,219.56,102.26
32,11,5.0595,26.657,224.68,104.99
32,11,4.8953,25.947,210.24,97.356
32,11,3.9508,25.606,196.25,86.336
32,11,5.3749,25.525,195.53,87.053
32,11,5.0332,26.17,215.73,102.15
32,11,6.5382,27.097,219.02,98.616
32,11,4.6959,25.285,192.66,87.829
32,11,4.0683,26.389,213.1,97.094
32,11,6.0405,25.553,205,95.513
32,11,5.6129,25.786,207.13,96.889
32,11,5.1173,24.394,181.32,83.705
32,11,5.2082,24.405,183.3,82.986
32,11,6.8175,26.772,220.03,101.76
32,11,5.455,25.766,203.22,93.166
32,11,5.1732,25.083,195.24,89.016
32,11,5.1521,24.888,186.69,82.579
32,11,5.2537,24.074,173.5,76.133
32,11,5.5266,24.866,189.94,86.131
32,11,5.2211,25.955,197.79,87.421
32,11,5.5879,25.387,195.19,87.297
32,11,5.2938,25.578,195.49,86.356
32,11,5.3115,25.888,202.77,91.457
32,11,4.9554,25.691,205,93.663
32,11,4.9823,25.95,210.88,98.898
32,11,5.4008,26.03,215.38,100.59
32,11,5.8386,24.974,188.04,84.181
32,11,6.1211,25.541,202.63,93.193
32,11,5.2218,25.443,196.7,88.359
32,11,5.2953,25.534,199.55,90.918
32,11,7.2461,26.321,211.19,96.492
32,11,4.0746,26.351,212.82,97.103
32,11,4.8756,25.056,192.35,88.345
32,11,6.0893,25.277,191.04,85.009
32,11,5.4242,25.524,203.31,88.068
32,11,7.1976,25.881,196.87,86.004
32,11,5.1904,25.555,199.42,89.916
32,11,5.0135,26.733,220.06,101.23
32,11,5.4147,25.023,197.04,93.197
32,11,9.2559,25.343,190.89,85.043
32,11,4.8329,25.377,196.93,90.151
32,11,6.0981,26.472,210.42,94.346
32,11,5.3624,26.312,206.95,91.374
32,11,6.0974,25.634,209.31,99.61
32,11,4.6596,25.997,213.96,101.41
32,11,6.9965,25.612,203.52,94.74
32,11,5.6112,26.07,206.68,92.988
32,11,4.9689,25.741,203.84,93.652
32,11,4.8665,25.307,194.28,85.827
32,11,4.1982,25.553,196.18,86.252
32,11,4.9484,25.647,200.07,90.652
32,11,5.6082,26.429,215.2,98.732
32,11,5.1592,25.052,190.53,84.899
32,11,6.0528,25.97,204.5,90.755
32,11,5.5688,24.969,193,88.83
32,11,4.1271,25.499,194.42,86.285
32,11,5.3574,24.977,192.35,87.936
32,11,5.6154,26.41,205.75,90.694
32,11,4.9161,26.018,209.2,96.748
32,11,5.3356,24.964,186.35,80.561
32,11,5.3191,24.722,196.03,93.398
32,11,4.1921,26.846,220.18,100.75
32,11,5.1562,25.826,200.41,89.38
32,11,5.4261,25.376,197.05,90.49
32,11,5.3803,25.144,190.84,85.657
32,11,4.7594,26.411,215.13,99.408
32,11,6.8135,25.899,203.79,92.583
32,11,5.9094,25.839,205.15,95.229
32,11,5.4309,26.43,216.47,98.376
32,11,4.9965,26.166,210.44,95.304
32,11,5.1,25.376,202.07,93.158
32,11,5.2259,26.368,211.01,95.006
32,11,5.9141,26.587,210.6,93.858
32,11,4.5796,25.915,206.06,94.702
32,11,4.5409,25.679,191.55,82.351
32,11,5.7477,26.196,214.26,99.949
32,11,5.0348,26.404,218.42,102.37
32,11,4.7937,24.875,185.98,84.076
32,11,8.5655,25.102,189.42,85.645
32,11,6.2353,25.645,200.58,91.006
32,11,7.1205,25.886,205.69,95.641
32,11,5.859,26.586,214.89,97.218
32,11,5.0435,26.788,223.46,105.17
32,11,5.1828,26.08,199.58,87.306
32,11,4.8909,25.621,206.1,96.764
32,11,5.3943,25.181,195.12,87.795
32,11,4.1257,24.898,190.07,85.883
32,11,4.6948,25.371,201.29,92.761
32,11,4.5839,26.439,207.22,91.292
32,11,5.7655,24.757,185.18,84.329
32,11,4.7197,25.867,209.39,97.412
32,11,4.627,25.226,197.82,90.027
32,11,4.1142,26.187,213.51,98.596
32,11,4.7292,25.488,191.99,83.975
32,11,5.022,25.625,199.04,89.091
32,11,4.9308,25.356,188.76,83.097
32,11,4.4693,26.122,201.24,86.471
32,11,5.457,26.388,217.32,102.42
32,11,5.3816,25.817,203.07,94.23
32,11,5.2859,25.724,202.8,93.391
32,11,4.5094,25.958,207.84,95.955
32,11,8.0915,26.4,215.32,97.541
32,11,4.8629,25.024,187.63,82.99
32,11,7.2949,26.835,220.02,102.15
32,11,5.7434,25.464,198.93,90.831
32,11,5.1781,25.086,194.31,89.675
32,11,4.6725,25.254,193.53,86.221
32,11,5.7276,25.592,203.06,94.511
32,11,4.5066,25.729,207.35,96.63
32,11,4.3245,26.354,221.9,106.26
32,11,4.5654,26.5,213.27,95.384
32,11,5.0284,25.784,208.38,97.199
32,11,4.0209,26.607,224.52,104.97
32,11,5.9288,24.833,187.96,84.267
32,11,5.4382,26.993,218.91,99.059
32,11,4.852,26.545,212.96,95.67
32,11,5.0075,25.403,204.33,95.953
32,11,5.1537,25.671,208.95,100.04
32,11,7.9984,26.127,213.47,98.887
32,11,5.1674,25.75,198.65,88.645
32,11,4.647,25.444,205.1,97.008
32,11,7.272,25.066,189.33,85.442
32,11,5.5395,25.214,198.74,91.605
32,11,7.509,26.636,213.64,94.724
32,11,7.2769,25.61,199.05,89.318
32,11,4.3894,26.349,217.46,99.477
32,11,5.8661,25.676,196.78,87.782
32,11,5.7803,25.972,214.19,101.81
32,11,4.8446,26.467,223.57,106.25
32,11,5.2715,25.873,202.69,90.21
32,11,5.1357,26.324,208.68,91.672
32,11,4.3527,24.849,193.39,88.938
32,11,4.9947,25.717,207.86,96.441
32,11,5.3991,27.337,224.08,98.938
32,11,4.8699,25.077,190.99,85.853
32,11,5.2042,26.678,219.96,102.7
32,11,4.6551,25.642,196.66,85.93
32,11,6.3267,25.239,186.49,81.276
32,11,4.8557,25.341,200.8,94.496
32,11,5.3384,26.094,210.33,96.219
32,11,5.3752,26.797,218.09,96.785
32,11,4.1474,26.308,219.46,103.92
32,11,5.7909,25.969,211.92,99.78
32,11,5.8084,26.205,210.49,95.041
32,11,4.8601,25.098,190.92,85.128
32,11,4.7272,25.724,204.85,94.291
32,11,5.7802,25.072,185.45,80.07
32,11,5.7295,26.265,222.06,104.63
32,11,4.8494,25.993,206.92,93.977
32,11,5.0097,26.491,219.37,101.85
32,11,5.3798,26.358,216.41,98.577
32,11,8.6789,25.301,190.62,84.272
32,11,6.6385,26.716,219.08,99.615
32,11,5.8062,25.383,200.84,92.531
32,11,5.9586,25.736,198.93,88.638
32,11,5.0863,25.122,197.77,91.392
32,11,5.3301,24.818,189.46,87.276
32,11,4.7876,25.688,205.7,95.171
32,11,7.525,25.602,202.8,93.241
32,11,5.1662,25.88,206.11,94.845
32,11,4.7318,25.543,203.5,93.706
32,11,9.3861,24.854,184.59,82.662
32,11,4.8761,25.899,206.19,95.482
32,11,5.6658,25.895,209.92,96.506
32,11,6.1835,24.568,179.29,81.102
32,11,6.2161,25.831,205.43,94.499
32,11,3.9983,24.928,187.31,83.529
32,11,4.765,25.456,203.35,95.466
32,11,6.3339,25.664,200.17,91.341
32,11,5.1663,25.689,197.18,88.598
32,11,6.9096,26.304,210.93,96.207
32,11,4.5089,26.344,214.43,99.123
32,11,4.2908,26.289,213.38,98.166
32,11,8.7559,25.811,201.45,89.429
32,11,6.6292,26.233,211.94,98.131
32,11,4.3411,24.933,193.78,88.92
32,11,4.1514,25.712,202.03,92.547
32,11,4.7192,26.391,210.6,95.313
32,11,4.3546,27.013,229.21,107.23
32,11,4.8136,26.031,209.99,96.828
32,11,5.4755,25.278,195.25,87.233
32,11,6.651,25.534,197.24,89.149
32,11,5.781,25.614,207.93,96.921
32,11,5.3525,24.875,192.34,88.983
32,11,5.4697,25.349,193.66,87.165
32,11,6.0508,25.122,191.51,86.659
32,11,5.7568,24.907,185.91,83.758
32,11,7.0175,26.282,214.2,99.895
32,11,4.4878,24.811,187.83,86.03
32,11,4.9982,25.851,209.14,97.571
32,11,8.8103,26.445,214.31,96.49
32,11,5.0707,26.265,213.38,98.641
32,11,4.9055,24.78,189.95,86.83
32,11,7.0866,26.506,219.68,102.85
32,11,5.1213,25.903,211.29,98.643
32,11,5.9171,25.026,194.49,89.814
32,11,5.5247,25.88,203.75,93.529
32,11,5.2022,25.826,201.9,87.697
32,11,5.0257,26.745,215.03,96.877
32,11,5.2468,26.032,207.3,94.119
32,11,4.6349,25.559,198.97,90.316
32,11,5.6776,25.666,199.41,88.091
32,11,4.3465,25.829,205.47,94.61
32,11,6.3662,26.439,207.74,90.181
32,11,4.9948,25.723,202.59,92.906
32,11,4.3729,25.069,188.3,84.575
32,11,4.9446,24.867,187.17,85.811
32,11,4.4895,26.722,217.99,97.074
32,11,4.9238,25.437,201.05,93.25
32,11,4.4821,25.364,198.65,90.793
32,11,4.409,24.643,188.11,85.353
32,11,5.7476,26.17,213.86,97.752
32,11,5.4801,25.229,192.07,85.358
32,11,4.0554,25.421,199.46,90.511
32,11,5.0387,26.404,220.61,102.37
32,11,4.6911,25.838,196.18,85.444
32,11,5.4534,26.219,209.28,95.285
32,11,4.1451,25.73,204.7,95.711
32,11,5.8377,25.77,202.06,91.943
32,11,4.4674,26.847,226.72,105.94
32,11,5.2047,26.292,214.45,97.512
32,11,6.8029,25.836,206.79,95.849
32,11,5.508,26.038,204.86,93.526
32,11,4.9156,25.179,194.7,88.244
32,11,5.1681,25.764,199.72,87.931
32,11,5.3195,25.956,203.43,92.188
32,11,5.8709,25.805,210.55,98.306
32,11,5.6075,26.619,224.88,106.12
32,11,5.3537,25.913,203.71,93.033
32,11,4.4762,26.377,212.97,99.302
32,11,5.0589,26.283,208.48,93.149
32,11,5.3813,25.572,199.63,89.698
32,11,5.3584,26.409,213.69,97.203
32,11,4.8459,26.223,211.85,98.295
32,11,4.8435,26.346,212.46,97.101
32,11,5.6962,26.722,212.43,93.621
32,11,5.491,25.304,196.22,89.615
32,11,4.9436,25.078,192.55,87.153
32,11,5.4439,25.274,188.89,83.524
32,11,5.2423,25.315,200.31,93.635
32,11,5.8289,25.02,193.33,89.277
32,11,4.2587,26.373,204.2,89.406
32,11,5.0304,25.693,211.64,99.202
32,11,4.1372,25.245,196.35,89.563
32,11,4.171,26.306,216.52,101.43
32,11,4.1414,25.273,197.8,91.963
32,11,5.0705,26.108,211.28,97.289
32,11,7.3674,27.058,227.78,107.04
32,11,4.9918,25.006,193.78,90.198
32,11,4.8271,25.35,194.2,86.049
32,11,4.6562,26.023,211.73,96.525
32,11,4.1352,24.965,197.16,91.86
32,11,4.8056,25.002,195.54,89.362
32,11,5.171,25.662,200.35,90.487
32,11,5.4085,25.534,198.94,91.251
32,11,5.8807,25.486,196.22,87.593
32,11,5.1743,25.218,195.81,88.249
32,11,5.3974,26.176,209.88,95.118
32,11,5.9227,26.465,217.37,102.39
32,11,5.4715,26.149,212.16,96.925
32,11,4.6634,25.843,201.62,88.705
32,11,4.1127,25.277,181.27,77.183
32,11,5.1001,25.703,191,84.226
32,11,5.9103,25.925,206.89,94.774
32,11,5.5881,25.086,192.04,87.167
32,11,6.2348,26.198,213.58,98.855
32,11,7.5217,25.667,201.16,90.469
32,11,4.8345,26.318,213.98,98.351
32,11,4.2634,26.073,209.57,95.719
32,11,4.3411,25.484,196.32,88.304
32,11,5.6254,25.285,196.4,89.837
32,11,4.9594,26.041,209.61,95.571
32,11,4.7659,24.686,186.4,84.658
32,11,5.7204,25.7,198.67,87.951
32,11,7.417,25.875,205.58,94.153
32,11,6.2064,25.323,194.24,87.972
32,11,6.6824,26.911,225.13,102.92
32,11,6.2627,26.986,216.45,94.3
32,11,5.9336,25.952,207.45,96.703
32,11,5.0122,24.576,182.21,81.903
32,11,4.5998,24.435,182.12,82.595
32,11,5.0054,24.839,196.99,93.828
32,11,4.0252,26.247,219.29,104.2
32,11,4.951,26.575,213.1,93.597
32,11,5.2797,25.58,204.3,94.764
32,11,6.6985,25.658,202.49,93.771
32,11,6.6479,25.458,198.81,92.445
32,11,6.1067,25.429,203.76,94.945
32,11,4.6921,25.445,199.13,91.379
32,11,5.9836,25.855,206.25,94.913
32,11,4.2519,25.66,194.39,84.765
32,11,5.916,25.525,199.07,91.014
32,11,5.1899,26.562,223.39,106.09
32,11,4.5324,27.375,233.14,108.13
32,11,5.0757,24.959,192.38,87.409
32,11,5.0239,27.037,219.09,97.944
32,11,4.2532,25.006,190.66,86.718
32,11,4.9843,25.486,197.08,89.978
32,11,5.4518,26.343,211.24,94.347
32,11,6.2924,26.336,214.14,99.716
32,11,5.2578,25.934,206.94,94.704
32,11,4.2824,24.767,195.8,91.394
32,11,5.1401,25.993,197.29,85.461
32,11,8.7064,26.741,214.02,95.889
32,11,3.8153,25.911,197.66,87.366
32,11,5.7894,25.938,207.97,95.737
32,11,4.4657,25.579,202.3,92.872
32,11,5.2583,25.094,192.84,89.089
32,11,5.163,25.625,206.8,97.596
32,11,4.9055,25.856,210.09,99.515
32,11,7.8433,26.634,221.62,104.25
32,11,6.4374,25.789,197.02,87.942
32,11,7.727,24.923,195.45,91.865
32,11,5.9359,25.246,194.54,87.979
32,11,4.07,25.61,202.01,92.611
32,11,5.0738,25.451,197.08,90.822
32,11,5.3535,24.703,179.68,77.808
32,11,5.2877,25.203,193.25,86.629
32,11,5.8479,25.696,207.25,96.734
32,11,5.4482,25.983,203.66,91.219
32,11,5.5677,24.697,186.61,84.422
32,11,5.3392,25.426,193.5,85.44
32,11,6.3923,26.527,217.11,100.31
32,11,5.9626,26.131,206.84,93.844
32,11,5.0496,24.766,190.59,89.114
32,11,5.5408,25.198,194.53,87.607
32,11,5.3457,25.808,201.56,88.57
32,11,6.4889,26.042,208.35,94.934
32,11,4.3409,26.939,224.52,103.65
32,11,4.846,25.804,213.66,101.59
32,11,4.2131,25.467,198.65,90.868
32,11,5.2415,25.307,196.68,90.625
32,11,4.6257,26.399,213.62,98.85
32,11,5.8152,26.241,201.49,88.423
32,11,5.174,25.12,189.76,84.969
32,11,7.5858,25.219,192.35,86.106
32,11,5.3957,25.309,193.68,85.223
32,11,4.8814,27.554,227.21,98.436
32,11,5.0527,25.796,206.27,93.976
32,11,4.7949,25.518,198.63,90.277
32,11,8.668,27.27,231.34,107.54
32,11,5.4184,25.854,206.4,94.253
32,11,5.8835,26.246,214.79,99.508
32,11,5.6675,26.274,206.06,90.538
32,11,6.4226,26.27,208.8,93.49
32,11,5.3828,26.41,202.96,87.98
32,11,7.3321,26.522,214.8,98.862
32,11,3.9587,24.779,189.11,86.186
32,11,4.8526,25.795,204.29,92.402
32,11,6.3519,25.596,199.61,92.35
32,11,4.7854,25.212,196.45,89.91
32,11,4.1478,25.368,195.79,87.423
32,11,4.8221,26.008,208.04,93.566
32,11,4.0348,26.107,210.83,96.922
32,11,5.7621,26.511,214.07,94.54
32,11,4.4102,25.616,202.85,91.736
32,11,5.4495,25.831,195.82,84.535
32,11,6.2999,26.862,220.22,101.22
32,11,6.2764,26.735,212.74,95.056
32,11,5.1946,25.884,209.26,96.292
32,11,5.583,24.833,189.86,86.126
32,11,4.2768,25.521,203.25,94.816
32,11,5.5393,25.497,200.23,91.679
32,11,8.4898,24.722,178.44,77.977
32,11,4.4567,24.711,190.64,88.556
32,11,5.911,25.64,202.95,92.644
32,11,5.3959,27.251,224.41,100.99
32,11,5.1148,26.027,202.54,90.419
32,11,5.4763,25.526,202.08,91.651
32,11,5.4215,26.035,215.67,102.45
32,11,4.4972,26.596,212.75,95.684
32,11,3.9912,25.491,206.31,95.556
32,11,4.7874,25.537,203.9,92.945
32,11,5.3006,25.303,195.42,88.775
32,11,5.6409,26.851,216.04,96.741
32,11,6.1277,25.546,201.65,93.2
32,11,5.5499,25.41,200.88,92.599
32,11,6.7355,25.647,198.42,89.408
32,11,7.7696,25.612,196.92,88.446
32,11,4.5271,27.248,223.12,100.77
32,11,5.0351,24.56,183.49,82.605
32,11,4.5881,26.159,215.23,101.85
32,11,4.748,26.355,220.11,104.09
32,11,6.7398,25.493,197.32,89.075
32,11,5.4663,25.83,198.55,87.523
32,11,5.3323,25.429,198.09,89.281
32,11,5.2701,26.309,213.13,98.219
32,11,5.2256,24.986,188.57,84.284
32,11,6.5372,25.999,208.8,95.998
32,11,4.5052,25.275,186.98,82.247
32,11,7.8517,24.627,179.04,78.856
32,11,5.5232,27.035,221.17,100.97
32,11,5.352,25.812,205.16,94.477
32,11,5.2452,27.771,236.72,109.1
32,11,4.9499,27,218.37,97.65
32,11,4.6677,25.826,203.69,93.021
32,11,4.7838,24.829,188.94,84.294
32,11,5.3916,25.134,191.93,86.467
32,11,5.0007,25.518,200.75,91.512
32,11,6.1448,26.123,202.98,90.865
32,11,4.7381,25.234,197.67,91.671
32,11,4.0307,25.461,194.49,87.198
32,11,5.2144,26.164,200.42,85.227
32,11,5.6022,25.532,204.21,95.135
32,11,4.6463,26.432,218.88,102.32
32,11,4.4453,25.28,193,86.527
32,11,5.2807,25.969,209.79,96.363
32,11,5.177,25.788,210.48,100.04
32,11,7.8954,24.758,186.99,84.896
32,11,5.7729,26.468,207.81,90.747
32,11,5.2036,24.852,195.95,91.465
32,11,5.5248,24.549,180.18,80.882
32,11,5.062,24.801,186.54,84.91
32,11,4.8032,25.655,201.74,91.867
32,11,4.8778,27.036,221.47,99.341
32,11,4.9036,25.327,191.99,85.37
32,11,4.8701,25.753,202.39,91.682
32,11,5.1203,25.958,203.92,92.022
32,11,5.5647,25.095,190.65,86.178
32,11,5.052,25.657,196.51,88.149
32,11,5.0492,25.152,192.76,86.527
32,11,6.0921,25.839,200.11,89.052
32,11,5.2186,25.053,196.08,91.422
32,11,6.4382,25.041,196.22,91.419
32,11,4.9571,26.354,214.23,99.124
32,11,5.4785,25.541,197.88,90.166
32,11,5.1095,25.235,190.25,84.663
32,11,7.34,25.623,200.21,92.359
32,11,5.7627,25.779,203.69,94.35
32,11,4.9159,26.388,209.28,94.296
32,11,6.6854,25.753,200.28,90.115
32,11,4.6315,25.58,202.4,93.536
32,11,4.4832,25.457,202.49,93.727
32,11,6.4858,25.302,197.55,90.934
32,11,4.6352,25.266,195.63,88.571
32,11,4.749,25.449,201.16,92.98
32,11,4.7651,23.69,165.79,73.729
32,11,5.5721,26.105,211.75,98.845
32,11,3.9382,25.198,194.06,87.699
32,11,4.4073,26.743,219.86,102.94
32,11,5.2138,24.891,193.52,88.651
32,11,5.3247,25.979,213.46,102.36
32,11,7.0921,25.206,192.52,88.414
32,11,5.5355,25.774,203.27,93.208
32,11,7.3812,25.427,202.93,95.494
32,11,5.7973,25.754,206.83,96.166
32,11,5.6011,25.309,201.14,93.586
32,11,5.6542,26.548,206.75,90.93
32,11,6.2792,25.656,204.09,94.486
32,11,5.3362,25.379,199.41,92.43
32,11,6.2066,26.24,210.73,95.476
32,11,4.1762,26.072,203.49,92.583
32,11,6.5902,25.604,201.67,91.625
32,11,5.949,25.272,197.39,90.205
32,11,5.6996,25.663,202.66,93.202
32,11,4.9395,26.256,203.69,91.039
32,11,4.6742,25.972,209.71,98.096
32,11,5.2313,25.932,200.3,89.068
32,11,6.776,26.921,216.01,97.657
32,11,4.4308,25.668,207.04,95.938
32,11,6.647,26.013,203.5,91.229
32,11,5.5172,27.109,233.38,110.81
32,11,5.305,24.951,191.98,88.75
32,11,5.2545,25.394,198.56,91.277
32,11,5.1977,25.318,194.12,89.57
32,11,5.9349,25.177,190.19,83.705
32,11,5.2468,25.445,196.98,88.447
32,11,4.3717,25.717,196.32,88.782
32,11,5.751,26.234,208.41,93.019
32,11,6.6316,27.171,230.22,108.01
32,11,4.7854,24.613,190.86,87.608
32,11,5.6412,26.011,209.76,96.672
32,11,6.0362,25.885,203.22,91.863
32,11,4.0468,25.454,196.11,86.917
32,11,5.7188,25.854,205.28,92.35
32,11,7.1756,25.832,203.78,92.19
32,11,4.8942,25.47,196.34,88.493
32,11,5.2128,26.155,212.75,97.379
32,11,5.5386,25.437,202.01,93.229
32,11,4.413,25.22,203.41,96.375
32,11,4.8103,26.315,209.57,94.692
32,11,4.9371,26.223,213.01,99.544
32,11,6.4192,26.503,212.8,96.152
32,11,6.6135,26.514,214.1,97.571
32,11,4.383,26.664,224.49,106.27
32,11,7.9158,26.915,209.82,88.569
32,11,5.3094,27.381,227.96,104.07
32,11,7.7098,25.923,212.14,100.62
32,11,4.7009,25.69,205,94.832
32,11,6.3116,25.696,195.85,86.819
32,11,4.2533,24.912,186.28,83.992
32,11,6.2582,25.663,198.34,87.685
32,11,5.2291,25.957,211.81,97.884
32,11,7.1229,25.069,191.09,87.767
32,11,6.8819,25.828,210.38,98.598
32,11,5.2045,25.395,199.77,90.153
32,11,4.7152,24.69,182.22,78.868
32,11,4.0299,26.42,217.48,100.62
32,11,5.0822,26.125,199.49,86.89
32,11,4.8205,25.485,194.64,86.394
32,11,7.57,27.662,231.12,104.1
32,11,4.8071,24.734,194.72,92.675
32,11,5.1284,26.16,204.88,91.38
32,11,4.909,25.866,203.38,92.704
32,11,4.4508,25.949,210.17,96.625
32,11,4.2567,24.983,191.01,87.351
32,11,4.2975,24.702,184.28,79.09
32,11,4.7021,25.167,188.01,83.709
32,11,4.5295,25.388,190.26,83.463
32,11,5.723,26.45,215.64,100.62
32,11,4.4504,24.932,186.64,84.501
32,11,4.7015,26.413,218.9,103.7
32,11,5.8225,26.156,211.77,98.845
32,11,5.4716,25.62,201.23,91.53
32,11,6.2464,25.935,208,97.32
32,11,5.1684,25.666,198.24,88.905
32,11,4.9039,27.155,221.81,98.198
32,11,7.4364,26.577,206.66,90.487
32,11,6.1263,26.016,208.37,94.376
32,11,5.4475,25.172,198.76,92.571
32,11,4.0017,25.567,191.73,83.702
32,11,5.6688,26.371,219.9,103.13
32,11,4.1654,25.315,188.83,83.806
32,11,4.6645,25.724,206.69,97.186
32,11,4.5127,25.974,214.43,101.15
32,11,4.8335,26.719,215.34,98.14
32,11,4.1505,26.088,206.49,91.417
32,11,5.8887,25.711,201.19,90.865
32,11,5.0966,25.76,198.92,87.507
32,11,5.4925,25.281,191.76,86.53
32,11,5.2076,24.8,179.9,79.102
32,11,5.4365,24.922,187.66,84.586
32,11,5.5047,26.113,210.66,96.986
32,11,5.2023,25.102,183.43,79.608
32,11,4.6707,26.898,230.54,109.85
32,11,5.7472,25.258,193.47,87.311
32,11,4.2315,26.209,208.57,94.568
32,11,6.443,24.653,187.61,85.414
32,11,5.2658,25.77,198.17,85.263
32,11,6.8456,25.171,192.89,87.361
32,11,5.7292,24.949,194.61,89.492
32,11,4.3035,24.742,190.34,87.968
32,11,4.252,25.799,198.42,85.816
32,11,7.6653,25.564,189.54,82.391
32,11,5.0224,25.416,197.77,89.403
32,11,4.6453,26.147,213.18,97.895
32,11,5.3504,26.309,207.36,92.951
32,11,5.2387,25.515,199.77,90.378
32,11,3.9623,26.169,218.71,103.4
32,11,5.8399,26.167,214.72,100.25
32,11,6.2472,25.926,204.94,91.71
32,11,4.7829,24.939,185.58,82.473
32,11,5.4024,26.239,216.58,100.96
32,11,5.3598,26.398,210.26,94.927
32,11,5.1122,26.237,216.8,101.69
32,11,5.0177,25.567,199.37,91.931
32,11,5.1784,26.366,208.54,92.943
32,11,5.7749,25.766,199.9,89.037
32,11,5.5056,25.44,195.53,87.192
32,11,4.5139,25.424,198.35,90
32,11,4.9884,25.648,199.69,90.591
32,11,5.2349,26.577,208.27,92.47
32,11,5.1162,25.05,189.51,85.551
32,11,5.043,25.749,201.56,91.727
32,11,5.1598,25.18,199.29,91.221
32,11,6.384,24.738,181.24,78.505
32,11,4.5238,26.279,210.5,95.559
32,11,5.4077,25.302,204.17,96.683
32,11,4.4694,26.268,206.53,91.341
32,11,6.162,26.224,211.75,97.006
32,11,4.7894,25.253,186.97,82.079
32,11,6.0892,25.605,199.31,90.551
32,11,5.0552,26.224,211.24,97.707
32,11,4.4614,25.038,191.63,86.757
32,11,4.5328,25.987,206.17,93.177
32,11,6.1266,25.773,206.22,95.998
32,11,4.9027,25.507,201.37,92.905
32,11,3.9645,24.247,176.76,79.794
32,11,5.1661,26.203,215.18,100.04
32,11,4.7156,25.605,203.7,93.589
32,11,4.5822,24.742,190.46,88.418
32,11,6.9118,25.604,199.53,90.481
32,11,5.0566,26.27,206.26,92.277
32,11,4.8178,25.57,202.19,94.03
32,11,5.6883,25.205,187.58,81.852
32,11,5.9149,25.105,195.72,91.601
32,11,4.2943,25.012,190.23,85.236
32,11,5.972,25.728,202.84,91.002
32,11,5.2302,26.398,211.49,95.674
32,11,6.2,25.878,205.7,93.33
32,11,7.8882,26.016,209.55,96.583
32,11,4.7811,25.523,203.04,94.822
32,11,5.6392,25.872,203.56,93.635
32,11,4.7622,26.57,218.65,101.57
32,11,5.1595,25.942,206.1,93.776
32,11,5.0523,25.792,209.49,98.729
32,11,6.1579,25.836,199.37,88.676
32,11,4.6637,25.884,213.79,99.826
32,11,5.549,25.089,187.05,81.946
32,11,6.1556,25.267,198.86,92.672
32,11,5.1021,25.957,207.78,95.434
32,11,6.0819,25.306,203.21,95.16
32,11,4.2704,25.573,205.14,97.052
32,11,4.247,26.524,210.68,92.222
32,11,7.0326,27.717,231.86,104.41
32,11,4.3915,24.911,186.48,83.414
32,11,4.649,26.032,210.34,96.256
32,11,4.0236,26.201,209.67,95.826
32,11,6.4296,25.553,201.57,92.04
32,11,5.8353,25.75,196.09,86.935
32,11,4.8516,25.667,203.46,93.805
32,11,6.1278,26.242,210.96,97.615
32,11,4.7149,26.67,218.77,100.69
32,11,5.6721,25.139,196.89,91.816
32,11,5.1692,25.627,199.48,90.799
32,11,7.1148,25.534,193.64,85.252
32,11,4.7324,25.718,201.72,88.296
32,11,6.9668,26.297,212,97.398
32,11,5.2154,25.221,195.99,91.19
32,11,4.8383,25.416,195.67,87.56
32,11,5.5554,25.28,198.94,92.319
32,11,4.2111,25.269,193.41,86.683
32,11,5.6424,25.545,203.43,94.162
32,11,5.1219,25.385,192.23,85.348
32,11,5.3473,25.397,194.34,86.256
32,11,5.5638,24.937,190.61,83.804
32,11,4.9855,25.74,205.09,93.861
32,11,6.0677,25.269,196.07,89.784
32,11,5.9168,25.299,196.17,90.962
32,11,5.753,26.673,215.41,95.343
32,11,4.274,25.363,201.18,93.145
32,11,5.7501,25.97,205.3,93.965
32,11,6.2173,26.158,203.28,87.833
32,11,4.4388,25.208,196.75,89.59
32,11,5.1064,26.024,206,92.636
32,11,4.6307,25.856,210.01,98.657
32,11,5.2111,26.096,204.88,90.954
32,11,6.4857,25.752,199.75,87.118
32,11,4.6919,24.577,189.66,88.407
32,11,6.4553,25.446,187.69,81.319
32,11,5.0169,25.645,197.84,87.303
32,11,4.8607,25.026,183.45,79.712
32,11,4.335,26.074,212.72,98.314
32,11,5.3704,24.807,184.78,80.699
32,11,7.8699,25.681,195.06,86.209
32,11,5.0306,25.297,199.22,91.818
32,11,7.6649,26.488,210.41,93.957
32,11,4.881,26.276,218.33,101.42
32,11,5.1507,27.633,240.49,114.08
32,11,4.6283,25.97,201.5,89.148
32,11,4.6619,25.51,198.98,89.159
32,11,5.1798,25.765,202.12,90.503
32,11,5.3984,25.202,195.44,90.067
32,11,5.2183,26.149,200.21,85.743
32,11,8.0816,26.514,216.29,98.341
32,11,5.1018,24.984,197.15,92.376
32,11,8.6788,25.153,190.49,85.927
32,11,8.9108,25.024,188.09,82.709
32,11,5.8808,24.58,179.49,79.785
32,11,4.5688,25.959,205.74,94.153
32,11,5.8963,25.481,193.63,85.135
32,11,5.3927,25.744,198.79,89.114
32,11,4.7567,25.181,195.38,89.19
32,11,5.8387,26.14,204.62,93.101
32,11,5.5524,24.969,189.71,86.312
32,11,6.6451,26.083,205.1,92.744
32,11,5.4293,25.345,198.03,91.862
32,11,4.7271,25.976,202.72,89.84
32,11,4.6862,26.942,218.48,96.126
32,11,5.3134,26.125,203.78,91.761
32,11,4.5037,25.316,196.77,89.346
32,11,5.0575,26.317,211.97,96.816
32,11,6.1806,25.331,196.06,89.597
32,11,4.4873,25.422,199.33,91.789
32,11,7.1797,24.77,184.82,82.605
32,11,6.0832,24.345,178.42,79.694
32,11,6.9425,26.646,220.97,103.09
32,11,9.1319,26.026,205.42,91.715
32,11,4.3715,25.224,201.01,93.658
32,11,5.3448,25.773,209.91,98.672
32,11,4.559,25.174,193.64,87.234
32,11,4.024,25.935,203.1,91.5
32,11,5.0129,26.313,200.94,83.802
32,11,4.6816,25.723,203.46,93.096
32,11,4.9439,25.71,200.74,89.972
32,11,5.4649,25.522,194.36,87.37
32,11,5.8471,25.378,196.64,90.017
32,11,6.3422,25.823,200.78,91.162
32,11,5.4479,24.463,179.67,78.271
32,11,4.4875,25.73,204.03,92.757
32,11,4.8754,26.033,209.02,97.361
32,11,5.468,26.656,207.86,91.457
32,11,4.5265,25.48,196.71,89.109
32,11,4.2374,25.062,193.73,87.692
32,11,4.6262,25.848,202.07,91.712
32,11,4.7679,25.788,200.58,92.163
32,11,5.0521,25.289,193.61,87.857
32,11,5.6202,25.257,195.7,88.84
32,11,8.5872,26.469,210.91,94.79
32,11,5.0154,25.579,200.77,90.436
32,11,4.8564,26.033,209.57,97.92
32,11,5.8026,25.68,188.54,79.52
32,11,4.9078,25.311,194.09,86.762
32,11,6.0576,26.551,211.07,93.718
32,11,5.7157,26.276,208.85,92.62
32,11,4.6302,24.347,181.53,81.822
32,11,4.8106,24.97,196.74,91.714
32,11,4.5686,26.673,222.42,99.624
32,11,6.1889,26.333,210.51,94.745
32,11,7.1508,24.641,182.97,81.08
32,11,4.8021,25.705,200.39,89.29
32,11,5.9876,27.22,228.41,104.3
32,11,5.5503,24.628,188.12,86.439
32,11,3.9282,25.692,197.46,87.383
32,11,4.924,24.959,189.67,86.562
32,11,5.343,25.059,189.7,85.418
32,11,6.192,26.797,219.69,101.38
32,11,5.7617,25.987,203.19,91.6
32,11,4.6455,25.784,206.24,94.733
32,11,4.3274,25.22,196.87,90.182
32,11,5.4391,24.834,185.37,81.633
32,11,6.8648,24.953,188.16,84.792
32,11,5.6807,25.086,190.48,86.198
32,11,5.3844,26.922,216.8,95.579
32,11,4.987,26.037,208.84,96.115
32,11,5.1568,25.383,193.39,87.613
32,11,7.5195,26.243,204.62,90.995
32,11,4.7083,26.205,204.9,90.473
32,11,8.37,24.841,190.52,85.814
32,11,4.0579,25.61,206.99,96.823
32,11,5.9848,25.995,191.95,79.514
32,11,5.7312,25.332,198.9,91.22
32,11,6.7047,25.909,206.82,95.726
32,11,4.4729,25.949,202.79,91.341
32,11,5.0234,25.829,202.14,91.417
32,11,5.0769,26.085,214.56,101.35
32,11,5.6149,26.109,212.91,100.18
32,11,4.6169,26.431,220.7,104.71
32,11,4.8573,26.378,214.66,98.913
32,11,3.6636,26.265,210.92,94.826
32,11,5.3438,25.211,195.52,88.817
32,11,4.9097,25.929,210,97.5
32,11,5.5953,25.412,196.5,87.499
32,11,4.3711,25.782,207.75,97.649
32,11,4.613,25.899,207.52,94.193
32,11,4.9249,26.275,211.18,96.649
32,11,5.276,25.331,199.9,93.45
32,11,4.8873,26.187,206.35,92.421
32,11,4.5416,25.638,197.77,86.985
32,11,5.5177,25.288,199.17,91.48
32,11,5.9689,25.804,202.93,91.368
32,11,5.9063,26.652,223.37,105.44
32,11,5.4306,25.881,195.49,84.102
32,11,5.1119,25.319,193.4,87.436
32,11,4.6101,25.679,191.79,84.893
32,11,6.0054,25.831,210.05,98.772
32,11,4.1775,25.962,204.3,91.675
32,11,4.2683,26.351,214.94,99.718
32,11,7.3126,25.733,197.18,87.037
32,11,5.8792,25.902,204.51,91.964
32,11,5.0179,25.711,206.68,95.489
32,11,4.9678,25.077,187.75,82.83
32,11,5.4464,24.961,182.26,78.865
32,11,4.6943,25.781,206.97,94.343
32,11,5.712,25.679,202.29,92.683
32,11,6.3107,26.875,222.13,100.82
32,11,4.7011,26.148,215.1,100.97
32,11,6.0494,26.465,216.41,99.003
32,11,7.6436,25.479,195.54,86.328
32,11,6.4827,25.655,202.65,94.447
32,11,5.8224,26.019,203.27,89.158
32,11,4.8037,25.463,199.88,91.047
32,11,6.3351,24.96,193.59,87.919
32,11,4.6664,25.553,200.28,90.907
32,11,4.6403,25.172,190.87,83.199
32,11,5.1256,25.81,202.6,91.51
32,11,4.7954,26.09,203.52,90.189
32,11,5.4455,25.696,211.24,100.53
32,11,7.2516,24.731,190.72,89.347
32,11,4.9389,26.473,209.76,95.025
32,11,4.4145,25.085,192.96,87.731
32,11,6.1475,26.099,201.83,88.398
32,11,5.6801,25.68,201.36,92.361
32,11,6.2137,25.876,202.42,91.767
32,11,4.3992,26.071,203.64,90.782
32,11,4.5771,26.41,209.24,94.751
32,11,4.4106,25.282,198.52,90.234
32,11,4.3501,25.889,204.57,91.837
32,11,4.4557,25.54,195.95,87.14
32,11,5.8354,26.472,218.73,102
32,11,4.4823,27.224,222.82,99.389
32,11,5.1606,25.431,196.76,89.472
32,11,5.1469,25.509,200.44,92.012
32,11,4.8997,26.559,216.19,98.899
32,11,5.4454,25.972,201.81,91.003
32,11,5.2793,26.528,212.89,95.179
32,11,5.4088,26.053,212.82,99.038
32,11,5.5376,25.164,195.97,89.522
32,11,4.1932,24.912,186.95,82.594
32,11,6.4449,26.792,216.32,97.235
32,11,4.7422,25.529,199.03,88.614
32,11,7.8697,26.16,204.75,90.966
32,11,5.2192,26.257,209.46,95.271
32,11,6.3721,26.264,215.39,99.566
32,11,4.68,25.946,207.61,94.033
32,11,4.9682,25.961,205.8,93.312
32,11,4.6663,25.451,205.4,97.641
32,11,5.2644,25.273,194.72,87.084
32,11,6.623,26.713,216.84,97.306
32,11,5.5527,24.457,175.15,74.502
32,11,4.6302,25.662,206.59,93.838
32,11,4.2902,25.977,209.65,97.318
32,11,4.6089,24.913,182.23,78.614
32,11,6.6761,27.233,231.62,108.57
32,11,5.5431,26.213,211.31,96.497
32,11,4.3258,25.689,205.85,94.077
32,11,4.6964,25.295,193.16,87.149
32,11,6.6649,25.664,203.84,94.475
32,11,6.0414,25.766,204.65,93.803
32,11,6.3665,25.63,195.62,85.145
32,11,4.73,25.565,201.31,92.041
32,11,5.4864,26.931,221.96,102.23
32,11,5.8177,25.66,199.94,91.03
32,11,4.7237,26.507,212.39,95.045
32,11,4.0861,24.593,189.83,86.688
32,11,4.6974,25.977,205.07,94.591
32,11,6.9657,25.924,206.51,93.103
32,11,6.5799,25.913,202.33,90.177
32,11,6.3604,26.584,213.89,98.207
32,11,7.0279,26.172,213.14,99.095
32,11,5.0591,25.897,206.86,94.709
32,11,4.6038,25.273,187.96,83.32
32,11,5.3286,25.664,209.06,98.88
32,11,5.4852,25.799,202.91,93.168
32,11,7.6557,25.049,184.97,80.772
32,11,4.9998,26.173,205.57,92.688
32,11,6.2155,26.528,219.72,101.76
32,11,4.9862,25.553,200.2,91.361
32,11,4.8361,26.8,222.8,101.85
32,11,4.8519,25.053,192.87,88.277
32,11,7.5608,26.179,210.66,95.657
32,11,5.1492,26.321,216.87,101.2
32,11,5.3088,25.984,211.19,97.757
32,11,6.8668,26.536,215.65,97.041
32,11,5.8565,25.842,206.28,95.564
32,11,6.1707,25.223,185.6,80.407
32,11,4.1935,25.539,199.52,90.821
32,11,5.6579,25.196,207,99.877
32,11,5.1193,26.828,214.34,95.938
32,11,5.4017,26.242,217.59,100.99
32,11,4.9118,25.225,192.39,86.539
32,11,6.4759,26.776,225.36,105.62
32,11,8.2022,26.172,217.11,101.79
32,11,5.036,24.962,186.41,83.265
32,11,5.565,24.822,186.44,82.767
32,11,4.9977,25.549,200.24,91.204
32,11,4.9116,25.719,208.97,98.33
32,11,6.6377,25.778,199.83,89.245
32,11,5.6613,26.323,216.39,100.7
32,11,8.8787,26.102,209.73,95.834
32,11,4.8757,25.073,186.61,80.954
32,11,4.5638,25.48,196.35,87.979
32,11,4.8721,24.483,181.75,82.406
32,11,6.1991,26.143,200.63,88.285
32,11,4.8792,24.912,193.59,90.054
32,11,6.1623,25.675,207.09,96.579
32,11,4.4986,26.177,214.87,100.97
32,11,6.1216,25.677,204.4,93.717
32,11,5.2265,27.645,233.09,105.58
32,11,4.8244,24.614,183.8,81.499
32,11,4.7465,25.337,191.7,84.714
32,11,6.7138,26.172,212.06,96.715
32,11,7.071,25.641,202.08,91.991
32,11,5.6266,25.519,195.85,87.024
32,11,4.9634,25.148,190.85,85.883
32,11,5.253,25.21,188.85,84.048
32,11,7.0269,25.583,193.92,85.399
32,11,5.3972,25.41,196.98,89.598
32,11,4.9119,25.949,200.43,88.092
32,11,5.0661,25.354,193.58,87.306
32,11,4.3561,24.834,190.35,87.412
32,11,4.8282,25.564,192.54,84.791
32,11,5.1352,24.957,184.36,81.351
32,11,4.7162,26.417,211.15,95.248
32,11,4.9977,25.94,203.66,90.858
32,11,5.7798,25.61,193.62,83.289
32,11,5.3934,25.308,192.03,86.642
32,11,4.2626,25.884,206.85,95.736
32,11,4.6671,25.521,191.61,81.877
32,11,5.2775,26.695,215.9,98.561
32,11,4.655,24.541,192.46,89.882
32,11,7.745,25.86,198.65,87.24
32,11,5.1114,26.02,201.2,89.775
32,11,3.9893,26.666,222.99,102.41
32,11,5.129,26.142,207.58,95.123
32,11,4.2276,26.615,213.6,96.061
32,11,5.8708,26.418,215,98.255
32,11,5.1604,25.373,199.1,91.564
32,11,6.2526,24.949,191.21,89.736
32,11,7.756,25.265,202.38,95.649
32,11,5.4158,26.342,217.21,101.52
32,11,6.4304,25.993,202.27,89.857
32,11,6.7025,24.832,188.38,85.125
32,11,6.1561,26.133,207.51,92.309
32,11,5.8778,25.212,188.92,81.737
32,11,4.9544,25.348,200.09,91.657
32,11,4.6644,25.742,205.14,94.211
32,11,4.7035,25.996,209.97,97.042
32,11,4.842,26.27,207.73,94.271
32,11,5.5791,25.743,210.77,100.3
32,11,5.2926,24.971,184.94,79.13
32,11,4.9461,25.08,192.58,87.858
32,11,5.1673,26.5,217.55,100.89
32,11,7.3452,25.798,207.5,97.358
32,11,6.3558,26.755,222.84,103.27
32,11,4.7587,25.471,196.3,89.106
32,11,4.9609,27.356,226.58,103.11
32,11,6.047,25.337,198.67,91.425
32,11,4.4898,25.662,204.94,95.232
32,11,5.8807,24.985,188.9,85.67
32,11,4.7931,24.943,186.06,81.324
32,11,4.2632,25.757,209.02,97.168
32,11,7.9891,24.758,191.62,89.722
32,11,5.741,25.702,211,99.75
32,11,4.3566,26.619,217.94,99.919
32,11,4.9336,25.716,205.62,94.382
32,11,4.5777,26.812,221.64,102.16
32,11,5.9557,25.413,196.44,90.882
32,11,5.5722,26.062,208.27,95.726
32,11,4.2014,26.672,215.82,96.766
32,11,4.5049,27.182,230.28,107.35
32,11,5.6848,25.237,195.78,89.645
32,11,3.9522,25.739,202.69,92.528
32,11,5.4397,26.387,209.3,94.328
32,11,5.7263,25.469,198.38,89.547
32,11,5.736,25.054,198.53,92.559
32,11,4.6977,25.407,203.29,95.667
32,11,4.5921,25.549,209.49,101.58
32,11,3.933,26.448,211.44,95.514
32,11,5.8071,26.524,217.6,100.79
32,11,4.8313,26.362,210.38,95.599
32,11,4.4457,25.425,197.44,89.25
32,11,4.7493,25.813,205.23,94.138
32,11,4.6218,25.826,204.6,94.02
32,11,4.1045,25.858,207.47,95.906
32,11,4.2398,24.994,190.88,87.659
32,11,4.4938,25.633,198.84,90.187
32,11,4.4803,26.885,218.71,98.637
32,11,5.4622,26.348,216.25,101.91
32,11,6.7085,25.842,206.36,95.393
32,11,4.2822,24.882,191.36,87.42
32,11,4.6516,26.169,211.3,98.672
32,11,6.1799,24.535,180.1,80.681
32,11,4.997,27.184,235.36,110.49
32,11,4.2437,25.019,193.91,87.632
32,11,5.7897,25.527,198.3,91.26
32,11,5.6192,25.461,199.25,92.047
32,11,5.3606,26.466,213.98,97.075
32,11,3.9607,26.491,221.23,102.9
32,11,7.2617,25.851,203.01,90.023
32,11,4.9591,25.188,197.1,90.232
32,11,5.8721,26.453,216.15,100.31
32,11,6.1143,26.003,201.32,90.374
32,11,4.5367,26.562,220.24,102.85
32,11,5.0261,25.122,189.53,84.1
32,11,5.6226,24.755,177.75,76.198
32,11,4.0235,25.96,206.86,95.032
32,11,6.5888,25.787,204.71,94.182
32,11,4.7953,26.223,210.19,96.641
32,11,6.9392,26.162,210.97,96.727
32,11,4.7227,25.119,191.48,87.3
32,11,4.5957,26.27,218.05,104.38
32,11,6.5769,25.115,191.36,86.707
32,11,4.4025,24.427,187.8,87.737
32,11,5.3257,27.007,228.41,106.31
32,11,5.809,25.048,200,95.347
32,11,5.651,25.825,207.05,94.095
32,11,5.563,24.984,185.79,81.434
32,11,4.9687,26.095,207.22,94.463
32,11,5.789,25.561,199.33,90.541
32,11,5.9795,24.851,191.62,89.071
32,11,4.1147,25.278,190.98,85.177
32,11,5.8784,24.596,190.17,89.026
32,11,5.0087,26.585,211.47,94.378
32,11,3.7751,25.492,200,92.076
32,11,4.6545,25.831,204.86,93.391
32,11,4.0289,26.588,211.28,93.674
32,11,5.9689,25.31,192.99,86.407
32,11,5.0629,26.461,220.17,103.08
32,11,5.4305,25.065,194.29,89.386
32,11,4.8405,25.991,206.87,94.791
32,11,5.4961,24.995,189.44,84.81
32,11,5.2416,25.167,192.01,86.848
32,11,5.3971,26.951,223.44,102.31
32,11,6.1494,25.192,194.94,89.457
32,11,6.3863,25.598,206.47,96.523
32,11,5.0894,25.253,187.46,80.266
32,11,6.9541,26.067,214.53,101.56
32,11,4.6746,25.359,197.03,89.913
32,11,6.6151,25.337,202.96,96.068
32,11,4.2875,25.637,202.99,93.409
32,11,4.8531,25.705,199.3,90.542
32,11,4.5494,24.784,185.52,83.916
32,11,5.5751,25.009,187.39,83.837
32,11,4.0539,26.391,222.11,103.85
32,11,5.1678,25.965,205.28,93.982
32,11,6.124,25.982,201.84,89.382
32,11,6.1262,25.916,207.03,94.264
32,11,5.2623,25.343,195,88.016
32,11,5.0385,26.924,223.73,104.64
32,11,4.9799,25.828,208.07,96.701
32,11,5.235,25.578,195.68,89.397
32,11,4.6854,25.032,200.1,93.793
32,11,5.6445,26.49,217.57,100.89
32,11,6.8021,24.775,195.15,91.005
32,11,5.089,25.663,207.36,96.748
32,11,5.6447,26.288,206.67,91.5
32,11,6.6121,25.635,204.55,96.536
32,11,5.395,25.54,199.44,90.776
32,11,5.4607,24.644,188.19,86.18
32,11,5.8807,26.103,205.09,91.003
32,11,4.9127,25.167,191.72,86.547
32,11,4.8733,24.729,181.13,80.891
32,11,5.6521,26.216,209.15,94.424
32,11,7.8404,25.328,196.12,88.892
32,11,5.6704,25.324,192.45,86.414
32,11,6.071,25.812,203.22,92.494
32,11,6.2356,26.908,221.8,100.61
32,11,5.3246,25.485,195.11,88.853
32,11,5.8115,27.133,230.75,107.39
32,11,5.1152,25.494,199.6,92.298
32,11,6.3697,26.882,218.91,99.29
32,11,6.0703,25.344,199.8,91.617
32,11,5.7418,25.017,187.91,83.003
32,11,5.1958,24.992,198.56,94.772
32,11,4.8795,25.592,199.45,90.825
32,11,8.4405,25.262,192.56,83.92
32,11,5.6158,26.427,214.38,97.014
32,11,4.8667,24.608,184.11,81.9
32,11,5.2692,24.699,182.84,79.961
32,11,5.7594,25.986,207.74,95.034
32,11,5.0773,25.337,196.12,87.576
32,11,5.2501,25.774,195.67,84.447
32,11,6.1329,24.9,187.07,84.423
32,11,4.741,25.448,196.59,89.407
32,11,4.1791,24.884,184.41,82.588
32,11,4.8211,25.668,207.2,97.048
32,11,6.411,25.747,207.1,95.803
32,11,5.6738,26.741,213.44,94.081
32,11,5.4556,25.46,192.09,85.017
32,11,6.0575,25.331,196.06,88.174
32,11,3.6656,25.985,208.76,95.279
32,11,4.7655,25.1,188.21,83.81
32,11,5.3357,25.225,194.59,89.771
32,11,6.126,25.147,198.33,92.107
32,11,4.4767,26.087,210.41,96.215
32,11,4.7329,25.728,196.29,86.582
32,11,4.7886,26.447,215.27,99.948
32,11,4.2955,26.173,215.85,100.47
32,11,5.4981,26.495,219.88,101.88
32,11,5.0015,25.923,203.56,90.89
32,11,5.0738,25.969,196.68,83.487
32,11,4.7948,25.321,194.63,87.899
32,11,4.2362,25.613,191,79.499
32,11,4.6537,26.559,216.94,98.205
32,11,4.8013,26.167,210.16,96.75
32,11,6.4006,25.266,193.01,87.73
32,11,5.541,25.462,194.68,86.893
32,11,6.3555,26.608,225,108.03
32,11,5.4962,25.81,194.78,86.296
32,11,4.1374,26.507,217.97,101.51
32,11,6.2112,25.64,200.99,91.458
32,11,4.519,25.383,189.96,82.313
32,11,4.5857,25.775,207.24,97.573
32,11,5.3864,25.259,201.88,95.605
32,11,3.7539,25.877,204.4,92.944
32,11,5.2177,24.987,180.9,77.289
32,11,5.0873,25.293,193.78,87.117
32,11,4.8339,26.196,203.75,91.358
32,12,4.6226,26.886,223.51,101.78
32,12,6.7271,26.93,227.6,107.08
32,12,6.4473,25.453,197.84,88.606
32,12,4.6467,25.557,196.8,88.119
32,12,5.2942,26.276,215.22,99.04
32,12,4.806,26.337,210.67,95.225
32,12,5.0151,25.996,206.75,94.52
32,12,5.8759,27.699,242.74,115.68
32,12,5.3212,25.808,204.63,93.937
32,12,5.2117,26.324,211.28,95.48
32,12,5.8588,25.768,203.66,93.297
32,12,4.679,26.625,219.49,100.79
32,12,4.9953,26.327,214.94,98.73
32,12,4.5912,27.277,228.98,105.03
32,12,6.3222,26.474,216.82,100.94
32,12,3.8813,25.492,204.22,95.219
32,12,5.0302,26.853,223.36,102.45
32,12,5.6932,25.848,199.84,87.83
32,12,6.4858,25.769,200.97,90.838
32,12,4.5825,26.299,219.11,102.64
32,12,9.1087,27.606,238.71,111.03
32,12,4.8846,25.192,197.26,91.533
32,12,4.7207,26.725,221.75,98.673
32,12,5.0837,27.057,224.23,101.03
32,12,4.7214,27.844,229.33,100.5
32,12,6.1754,26.756,226.77,106.54
32,12,4.856,25.124,197.1,92.104
32,12,6.3415,26.595,220.55,102.42
32,12,5.0201,27.298,232.25,108.61
32,12,5.916,26.958,229.21,107
32,12,5.9203,25.397,200.15,91.384
32,12,4.3313,26.157,218.72,102.15
32,12,4.4059,27.092,234.97,109.76
32,12,4.5021,26.121,210.2,95.387
32,12,4.123,26.418,217.39,100.08
32,12,4.6707,26.383,214.99,99.201
32,12,6.7233,26.744,220.72,102.16
32,12,6.16,25.71,208.39,97.674
32,12,6.149,25.458,200.2,93.165
32,12,5.6927,26.264,213.3,97.825
32,12,4.5842,24.899,184.65,81.189
32,12,5.2225,25.215,197.57,90.813
32,12,5.5952,26.811,215.7,97.547
32,12,9.3812,26.313,209.03,93.865
32,12,4.2913,26.901,222.97,102.16
32,12,5.312,26.095,204.59,91.83
32,12,5.4572,25.958,207.31,95.985
32,12,3.864,27.304,225.64,102.1
32,12,4.6261,26.766,229.77,108.25
32,12,7.2784,26.307,215.45,100.23
32,12,4.7178,26.315,219.18,104.76
32,12,4.8665,25.907,202.66,92.364
32,12,6.6188,26.692,223.21,104.21
32,12,4.9106,25.173,201.47,96.167
32,12,4.2746,26.172,208.74,94.571
32,12,4.7317,26.089,213.64,99.358
32,12,5.5592,27.016,227.16,104.32
32,12,4.4502,26.011,217.72,104.91
32,12,5.1817,26.279,210.77,94.096
32,12,6.2756,25.617,203.39,92.688
32,12,5.0408,25.857,215.8,104.39
32,12,6.0846,25.793,207.57,95.52
32,12,6.0492,26.862,225.26,103.51
32,12,5.5872,26.369,211.86,97.11
32,12,6.7064,27.91,247.39,118.2
32,12,5.372,25.619,204.29,93.581
32,12,5.5058,26.419,222.19,105.69
32,12,4.404,26.8,226.9,105.11
32,12,6.1523,27.521,236.5,110.35
32,12,5.5752,25.355,203.62,96.448
32,12,5.7264,26.7,217.49,99.752
32,12,6.904,26.454,219.86,100.9
32,12,4.5993,25.424,200.57,90.456
32,12,5.2806,26.282,217.61,102.12
32,12,8.0537,27.401,234.87,111.05
32,12,5.9122,26.341,215.16,100.37
32,12,6.8326,26.119,208.6,96.616
32,12,5.3774,26.25,202.97,89.12
32,12,5.0995,27.086,227.5,105.92
32,12,4.9798,26.136,213.49,98.107
32,12,7.3796,27.215,229.97,106.1
32,12,4.1953,25.924,204,92.395
32,12,4.6937,26.416,217.95,100.81
32,12,5.3498,24.942,192.89,88.167
32,12,5.038,26.512,223.99,105.51
32,12,8.4347,26.779,225.57,106.2
32,12,5.8632,26.631,221.86,105.85
32,12,4.0413,26.71,219.8,100.42
32,12,5.0111,25.094,196.1,88.456
32,12,3.8494,26.09,206.41,93.086
32,12,5.4153,26.108,201.13,88.915
32,12,5.2282,25.486,197.81,88.186
32,12,6.2646,25.61,209.92,100.35
32,12,5.2558,26.367,224.46,107.89
32,12,5.8602,26.464,222.36,103.42
32,12,5.3386,25.604,208.32,99.006
32,12,6.0726,26.587,208.35,90.532
32,12,4.2752,25.736,206.05,96.139
32,12,5.378,26.12,211.46,97.162
32,12,5.7594,26.444,209.36,92.397
32,12,6.8824,26.532,218.62,102.4
32,12,6.1042,26.479,220.05,102.68
32,12,4.3195,26.289,218.39,103.03
32,12,5.9392,26.294,209.46,94.327
32,12,6.3749,27.38,236.78,111.89
32,12,5.1097,26.208,216.69,101.16
32,12,4.4706,25.622,200.38,90.642
32,12,5.1006,26.423,217.34,100.18
32,12,5.057,26.525,218.64,99.299
32,12,6.1511,26.503,217.59,99.984
32,12,5.9714,26.32,211.92,96.507
32,12,4.2844,26.576,218.57,101.06
32,12,4.5112,27.106,231.36,109.28
32,12,4.2192,26.271,216.84,99.457
32,12,5.5748,26.477,218.83,101.69
32,12,5.4174,26.22,214.3,100.53
32,12,5.5297,26.409,224.5,106.7
32,12,7.692,27.248,227.46,104.13
32,12,4.3476,26.123,211.52,97.248
32,12,4.7242,26.869,230.04,108.74
32,12,5.4797,26.574,219.42,101.08
32,12,4.4517,26.831,221.67,101.26
32,12,4.1332,26.29,224.58,107.83
32,12,4.6906,25.581,192.53,83.356
32,12,4.3016,26.786,231.7,110.54
32,12,6.1831,25.808,201.07,88.716
32,12,4.595,25.453,197.3,89.079
32,12,4.5141,25.742,210.21,98.992
32,12,5.6064,28.418,260.65,124.29
32,12,6.448,27.193,234.11,111.19
32,12,5.0578,26.242,214.08,99.591
32,12,5.2311,26.778,221.08,101.13
32,12,6.2155,25.425,197.32,90.031
32,12,4.842,27.67,241.89,114.22
32,12,4.7378,25.948,217.62,102.87
32,12,6.436,25.775,194.99,85.783
32,12,5.7687,26.558,216.75,99.902
32,12,5.0422,26.589,224.33,104.75
32,12,4.5849,26.257,216.44,100.91
32,12,4.7259,26.164,213.68,98.257
32,12,4.648,26.575,212.36,94.899
32,12,4.1057,25.674,203.87,93.909
32,12,5.0998,26.23,219.54,104.71
32,12,6.3349,26.533,221,103.2
32,12,4.9241,26.692,224.9,104.8
32,12,4.9477,26.439,224.24,106.86
32,12,5.8067,26.005,203.38,90.683
32,12,6.3911,26.143,208.29,93.596
32,12,5.2925,26.643,234.41,113.58
32,12,4.9392,25.6,196.49,89.234
32,12,5.4856,26.213,216.82,102.64
32,12,4.5621,26.369,211.98,95.046
32,12,5.4464,25.807,212.81,100.02
32,12,5.4065,25.645,202.23,93.576
32,12,4.8008,26.486,220.01,102.61
32,12,5.6417,25.115,199.91,93.316
32,12,5.9574,26.29,216.54,97.546
32,12,5.305,26.651,220.61,100.6
32,12,6.7152,25.423,201.43,93.542
32,12,5.5361,26.638,219.5,99.692
32,12,4.2679,25.701,200.17,91.068
32,12,4.3291,26.054,215.89,101.01
32,12,4.7237,25.651,201.94,91.093
32,12,4.5564,26.908,226.88,107.34
32,12,4.3879,25.752,208.09,95.47
32,12,4.8084,25.558,210.88,100.55
32,12,6.3758,25.565,200.28,90.088
32,12,5.4655,26.505,217.58,99.166
32,12,4.9267,27.122,229.62,107.27
32,12,4.7285,26.698,217.83,98.254
32,12,5.5837,26.822,223.22,102.53
32,12,6.5477,27.031,225.87,103.19
32,12,6.2205,26.615,217.54,100.46
32,12,4.017,25.857,206.87,94.53
32,12,5.0453,27.378,237.22,112.1
32,12,4.6025,26.104,221.39,106.21
32,12,6.2095,25.333,191.74,85.018
32,12,6.9473,27.447,229.86,106.2
32,12,4.5515,26.198,218.01,103.36
32,12,7.655,25.668,207.41,96.203
32,12,5.8197,25.085,190.63,84.274
32,12,4.8574,26.628,222.7,104.53
32,12,5.5477,25.732,205.3,94.38
32,12,7.5638,26.553,218.86,100.93
32,12,5.6404,24.567,185.82,84.424
32,12,4.9449,25.448,201.93,93.528
32,12,4.8741,26.699,215.52,96.306
32,12,4.8164,26.214,218.03,102.42
32,12,5.2152,26.339,214.23,98.447
32,12,4.5933,27.436,229.93,102.44
32,12,5.5349,26.492,216.19,100.39
32,12,5.8037,26.433,214.48,99.094
32,12,4.8573,26.253,214.87,96.981
32,12,8.1659,26.819,228.29,108.12
32,12,4.8164,26.766,220.88,102.69
32,12,5.122,25.638,206.91,96.791
32,12,5.1628,25.488,207.34,97.794
32,12,5.9153,25.98,208.64,92.045
32,12,5.7829,26.023,209.39,96.12
32,12,7.128,26.827,222.91,102.48
32,12,5.342,26.466,215.82,99.123
32,12,4.8056,26.346,211.81,96.675
32,12,4.4001,26.403,215.65,99.437
32,12,5.0168,25.739,205.41,94.662
32,12,4.6319,25.458,204.04,96.034
32,12,4.4692,26.461,216.74,99.919
32,12,6.2412,26.131,211.28,98.866
32,12,6.3748,27.263,237.22,114.12
32,12,6.6569,26.795,219.55,100.37
32,12,5.0489,27.405,235.02,109.6
32,12,5.3464,27.456,233.64,109.17
32,12,5.0375,26.044,216.7,103.91
32,12,4.5874,27.339,236.86,110.72
32,12,5.35,26.901,225.5,104.5
32,12,4.1278,26.728,218.62,97.454
32,12,4.4189,26.912,231.01,110.12
32,12,7.3606,25.628,206.6,95.961
32,12,4.1255,25.963,205.67,92.979
32,12,5.8476,25.294,200.83,94.111
32,12,4.6268,25.481,207.56,96.485
32,12,5.9189,25.97,205.44,93.641
32,12,5.5372,25.799,207.07,95.608
32,12,4.4691,25.851,207.45,96.022
32,12,5.784,27.064,224.79,100.44
32,12,5.49,26.992,228.57,106.93
32,12,5.6484,26.512,224.31,104.96
32,12,6.9396,26.518,218.62,99.629
32,12,6.0762,26.645,206.62,88.757
32,12,6.236,26.354,224.96,108.39
32,12,5.4148,25.444,206.46,98.469
32,12,6.1392,26.094,202.25,90.073
32,12,5.206,26.023,207.27,95.002
32,12,6.4012,26.4,213.6,98.894
32,12,4.8773,25.702,200.27,88.608
32,12,6.1594,25.827,209.45,98.691
32,12,4.7548,26.879,233.14,111.38
32,12,5.8197,26.152,207.18,93.443
32,12,5.184,27.048,223.24,99.688
32,12,5.8032,25.827,206.96,96.289
32,12,5.0871,26.137,210.28,96.135
32,12,4.9222,26.176,221.32,107.66
32,12,6.4299,26.285,212.5,95.833
32,12,4.7974,25.755,216.22,103.53
32,12,4.9914,26.286,217.94,102.67
32,12,6.8836,25.916,210.29,98.071
32,12,5.8605,26.113,208.45,94.623
32,12,4.6998,26.312,216.53,100.94
32,12,4.1851,25.667,206.48,96.372
32,12,4.5531,26.24,215.46,98.957
32,12,5.0065,26.233,213.23,97.753
32,12,6.038,28.324,255.06,121.78
32,12,4.6963,26.426,218.21,101.44
32,12,4.7977,26.412,214.97,98.013
32,12,4.8166,25.561,199.98,90.527
32,12,4.4816,26.939,230.65,108.66
32,12,5.0562,26.396,213.88,98.334
32,12,6.5926,26.962,217.69,96.814
32,12,4.6928,27.121,228.74,104.52
32,12,4.208,26.384,221.8,103.58
32,12,5.3553,26.757,226.61,107.31
32,12,5.2946,26.457,219.81,101.91
32,12,4.9657,26.805,216.3,95.661
32,12,4.6426,25.908,210.69,97.24
32,12,4.8809,25.817,211.36,100.4
32,12,5.2277,26.204,214.32,100.38
32,12,5.209,25.003,199.62,94.365
32,12,6.576,26.793,209.48,92.451
32,12,4.9917,27.104,238.41,114.39
32,12,5.5242,27.119,228.08,103.34
32,12,5.9534,26.801,219.93,99.398
32,12,4.6765,25.957,208.89,96.583
32,12,4.4562,26.722,219.23,100.64
32,12,5.8702,26.99,218.56,98.06
32,12,7.3017,25.856,214.49,102.8
32,12,4.9386,26.911,221.41,99.944
32,12,5.0487,26.608,223.5,103.97
32,12,4.6812,25.71,211.23,99.918
32,12,4.4516,25.612,206.32,96.236
32,12,5.9696,26.697,222.33,102.47
32,12,5.7165,26.614,230.25,110.67
32,12,4.2957,26.12,205.21,92.987
32,12,5.2818,26.598,219.42,101.27
32,12,5.162,26.978,228.16,105.66
32,12,7.3709,26.199,203.67,89.124
32,12,6.5809,26.887,224.71,104.24
32,12,5.6922,26.753,223.22,103.04
32,12,5.287,26.02,216.81,102.15
32,12,5.1575,26.888,226.85,107.21
32,12,4.9062,26.544,214.89,98.558
32,12,5.5887,25.568,215.8,103.95
32,12,5.4527,25.685,203.71,94.285
32,12,4.7611,25.823,205.69,93.015
32,12,4.745,25.76,206.47,95.676
32,12,5.9827,26.347,220.71,105.17
32,12,7.5368,26.514,214.97,96.106
32,12,6.6184,26.655,216.31,98.94
32,12,6.3297,27.59,240.77,112.73
32,12,5.129,25.87,210.65,98.895
32,12,4.3426,25.726,208.98,98.115
32,12,6.4808,26.017,221.71,107
32,12,5.3572,25.534,202.86,93.029
32,12,7.6351,25.938,199.12,89.527
32,12,4.8607,27.047,231.45,108.45
32,12,4.8988,25.6,208.51,97.248
32,12,5.5526,26.479,221.46,103.29
32,12,5.039,26.375,222.1,105.44
32,12,4.4697,26.984,229.11,107.67
32,12,6.87,26.295,206.23,91.693
32,12,4.5913,24.98,197.87,92.294
32,12,5.742,26.309,210.18,93.99
32,12,6.3864,26.48,226.92,109.3
32,12,4.4521,26.56,224.54,107.42
32,12,6.7666,26.67,226.19,106.67
32,12,5.4288,26.589,222.03,104.65
32,12,4.5386,26.263,215.84,99.544
32,12,5.8882,25.931,216.1,104.68
32,12,8.0213,25.79,203.7,92.58
32,12,6.3723,26.49,218.85,102.16
32,12,5.1769,25.584,199.28,89.94
32,12,5.2349,26.466,227.98,109.68
32,12,5.7876,27.002,219.41,97.063
32,12,4.4939,27.167,231.81,109.03
32,12,5.2704,26.602,212.11,93.114
32,12,5.2386,26.108,208.54,93.45
32,12,4.3364,25.408,199.67,91.333
32,12,6.0166,25.735,204.75,93.613
32,12,5.4083,26.698,223.15,103.43
32,12,6.3226,26.128,217.75,102.76
32,12,6.157,26.354,223.17,106.66
32,12,7.0589,25.931,208.67,95.255
32,12,4.9492,26.503,216.76,100.53
32,12,4.654,25.565,203.08,93.88
32,12,7.3809,26.132,212.58,98.361
32,12,4.5727,26.507,222.81,103.41
32,12,4.6051,25.918,207.29,95.318
32,12,4.5905,27.046,231.69,108.92
32,12,6.3567,26.276,212.59,97.965
32,12,5.515,24.902,194.4,91.261
32,12,4.7811,26.475,216.59,99.468
32,12,6.1687,25.58,211.03,101.49
32,12,6.3937,25.898,204.77,93.553
32,12,5.8535,25.608,203.09,92.234
32,12,5.122,26.494,214.58,96.132
32,12,6.0899,25.917,207,94.338
32,12,5.9571,27.35,237.45,111.43
32,12,5.5841,25.939,206.63,93.93
32,12,5.6552,26.213,204.9,90.766
32,12,6.2774,26.616,220.85,101.87
32,12,5.0527,26.991,230.26,108.45
32,12,5.564,26.493,210.73,94.572
32,12,5.3259,25.786,202.77,92.839
32,12,5.5267,26.671,219.47,101.77
32,12,5.3272,26.593,223.29,105.77
32,12,5.4392,25.845,206.25,94.744
32,12,6.6313,25.568,203.85,94.129
32,12,4.9357,27.583,237.96,110.67
32,12,6.0278,25.74,211.17,99.914
32,12,5.2472,25.978,212.66,99.624
32,12,6.7759,25.821,211.5,98.684
32,12,4.6424,26.412,214.56,98.97
32,12,4.7032,25.656,201.35,92.596
32,12,6.1244,25.778,204.95,94.447
32,12,5.891,26.134,220.32,104.94
32,12,4.1961,26.37,216.4,100.43
32,12,7.423,27.027,221.38,100.62
32,12,4.4629,26.892,230.74,108.61
32,12,4.3682,27.391,234.98,108.57
32,12,4.5036,25.616,205.1,95.905
32,12,6.2345,25.719,208.11,96.451
32,12,7.1218,26.909,223.88,104.15
32,12,6.2476,25.828,208.3,96.025
32,12,4.2208,26.035,202.83,90.551
32,12,5.3636,26.784,225.67,105.83
32,12,7.7994,26.016,211.28,97.327
32,12,4.8334,25.644,203.9,93.84
32,12,5.401,27.287,244.04,117.22
32,12,5.163,26.565,224.81,107.09
32,12,4.4104,25.451,197.48,89.779
32,12,5.2133,26.994,225.91,103.59
32,12,4.5855,26.798,221.87,101.75
32,12,3.5662,26.007,211.11,96.87
32,12,6.0501,25.534,206.3,97.024
32,12,5.7191,26.087,206.69,94.586
32,12,4.89,26.072,209.19,95.626
32,12,7.3889,26.283,213.26,97.441
32,12,4.7743,26.434,217.95,101.78
32,12,4.3488,26.971,226.24,103.8
32,12,4.4745,26.523,205.62,91.1
32,12,5.9249,26.418,208.33,92.656
32,12,5.6005,26.163,207.45,93.904
32,12,4.4641,25.624,200.74,91.78
32,12,5.673,26.028,217.85,103.65
32,12,6.5976,26.806,219.08,98.963
32,12,4.8358,25.544,203.58,94.449
32,12,4.6991,25.662,199.88,90.125
32,12,4.4611,25.836,210.57,97.461
32,12,4.433,26.767,224.98,104.92
32,12,5.2918,25.653,204.19,94.382
32,12,5.2212,26.81,226.43,105.27
32,12,4.8869,25.803,211.87,100.25
32,12,6.0488,24.774,193.33,90.591
32,12,5.1853,27.097,233.81,112.13
32,12,5.6849,26.565,214.12,97.315
32,12,6.3723,25.316,204.12,96.7
32,12,4.4074,26.817,221.07,101.09
32,12,5.3994,26.09,206.45,93.589
32,12,5.0834,26.846,226.18,105.34
32,12,5.0931,25.613,206.93,96.222
32,12,5.0424,26.339,204.43,89.22
32,12,4.4852,26.003,227.86,113.35
32,12,5.7271,26.044,211.62,98.672
32,12,4.7448,25.539,201.22,89.593
32,12,4.7282,26.087,202.26,89.367
32,12,5.1372,24.846,187.96,83.843
32,12,5.0378,26.881,228.54,107.75
32,12,8.6128,26.187,217.83,102.48
32,12,5.5875,26.775,231.06,109.89
32,12,3.8579,27.154,235.27,111.67
32,12,5.1823,26.633,225.42,106.8
32,12,4.8154,25.658,209.69,101.35
32,12,5.7527,25.558,201.39,92.917
32,12,6.1558,27.161,234.8,110.36
32,12,6.0577,27.868,245.26,116.22
32,12,4.8235,25.864,206.45,94.187
32,12,5.6024,25.745,204.47,93.694
32,12,6.3811,26.002,206.05,92.949
32,12,5.1428,27.186,224.74,103.94
32,12,5.4187,26.825,221.19,100.94
32,12,4.9411,25.812,209.43,98.436
32,12,5.5313,27.525,236.55,109.44
32,12,5.8774,26.311,216.79,99.067
32,12,4.639,26.403,218.03,100.42
32,12,7.2418,25.307,208.35,101.75
32,12,5.5833,28.255,252.63,119.52
32,12,5.8592,26.049,210.27,96.55
32,12,5.9856,25.897,210.45,98.613
32,12,5.7965,26.092,207.78,93.004
32,12,4.4468,25.745,204.53,94.767
32,12,4.763,25.797,204.39,92.308
32,12,4.8512,26.496,219.45,102.2
32,12,6.5226,26.734,223.45,106.51
32,12,5.4327,27.905,248.7,117.52
32,12,6.0118,25.585,209.68,101.08
32,12,4.8837,24.448,185.59,85.728
32,12,5.3763,26.446,222.62,102.97
32,12,5.9648,26.9,224.32,104.35
32,12,8.1404,26.36,213.57,97.76
32,12,6.8379,26.323,219.68,102.35
32,12,5.5088,26.402,216.17,99.857
32,12,4.7602,26.888,232.6,111.14
32,12,5.3581,26.335,213.17,95.634
32,12,5.4768,26.5,214.41,96.412
32,12,6.5322,25.968,206.73,93.757
32,12,6.4582,27.212,241.7,118.28
32,12,5.2149,26.337,215.88,101.31
32,12,5.1436,26.407,212.88,98.04
32,12,7.3448,26.654,218.25,100.53
32,12,4.8432,27.099,225.78,104.7
32,12,5.3426,26.875,218.59,99.566
32,12,4.7492,26.584,223.07,104.91
32,12,5.2715,26.913,222.85,101.31
32,12,4.8042,26,215.71,102.25
32,12,4.6741,25.757,199.67,88.755
32,12,5.0398,26.8,218.18,98.511
32,12,6.0166,26.517,220.44,103.25
32,12,4.9053,26.354,212.56,96.515
32,12,7.2923,27.401,230.25,105.78
32,12,5.0861,26.435,218.8,102.77
32,12,6.0774,25.981,209.77,98.521
32,12,6.206,25.445,197.26,89.563
32,12,4.7467,25.455,205.51,94.447
32,12,5.7492,26.518,216.84,99.378
32,12,6.8694,25.671,202.17,92.343
32,12,4.9324,27.17,235.7,110.95
32,12,4.4604,27.19,238.79,114.29
32,12,5.8239,26.871,234.29,111.4
32,12,5.42,27.312,236.81,110.5
32,12,5.961,25.579,201.92,92.535
32,12,5.1719,24.929,193.28,88.143
32,12,5.9638,25.575,206,96.707
32,12,7.2173,26.136,215.11,100.4
32,12,4.4139,26.025,213.45,100.23
32,12,6.6384,25.653,199.67,89.166
32,12,5.3984,26.273,209.57,92.859
32,12,4.6188,26.481,206.28,90.694
32,12,5.7451,25.82,208.92,97.505
32,12,5.0026,27.275,230.6,107.26
32,12,7.6839,25.592,196.4,86.025
32,12,5.9842,26.17,214.26,99.915
32,12,5.7805,25.497,208.21,98.519
32,12,7.3238,27.141,237.89,114.57
32,12,4.9242,25.823,198.99,87.972
32,12,5.1649,25.581,206.69,96.133
32,12,5.0366,26.437,216.41,100.07
32,12,6.9243,26.997,224.06,103.96
32,12,4.1985,25.765,209.93,98.128
32,12,6.2973,26.291,214.96,100.86
32,12,5.713,26.117,213.91,99.038
32,12,5.2214,26.26,212.86,98.27
32,12,5.0138,25.445,196.85,87.802
32,12,5.7115,26.312,209.95,95.963
32,12,5.3901,26.534,225.51,107.8
32,12,4.3153,26.24,208.79,94.518
32,12,7.248,27.405,231.31,107.41
32,12,5.1075,27.237,231.5,107.91
32,12,5.013,26.148,216.61,101.68
32,12,4.1773,26.415,219.3,102.1
32,12,5.5683,25.874,212.69,98.007
32,12,4.4307,25.583,203.7,92.077
32,12,6.3157,25.51,198.28,89.454
32,12,5.0294,25.339,194.97,86.434
32,12,3.9894,26.553,217.4,100.04
32,12,5.487,26.026,215.61,101.52
32,12,4.865,26.047,211.12,97.436
32,12,6.1107,25.602,211.54,101.19
32,12,5.7516,26.807,229.7,108.62
32,12,4.6237,26.72,228.33,107.16
32,12,4.1068,26.981,230.23,108.67
32,12,6.0345,26.32,208.9,92.692
32,12,5.9348,26.196,212.08,97.97
32,12,5.1994,26.296,207.89,90.998
32,12,5.5259,26.556,215.66,99.466
32,12,5.3311,25.551,206.7,97.722
32,12,5.0123,26.78,223.9,102.92
32,12,4.2108,26.122,211.58,97.537
32,12,5.2631,25.746,203.85,93.037
32,12,4.9273,25.941,208.39,96.262
32,12,8.8351,26.799,225.74,105.79
32,12,4.9235,26.152,215.9,99.529
32,12,4.9969,27.929,240.9,112.13
32,12,5.0488,25.969,211.71,99.23
32,12,5.0335,26.153,215.5,101.3
32,12,4.6461,26.514,215.06,97.939
32,12,5.9572,27.432,227.74,102.96
32,12,5.7341,26.974,220.09,99.537
32,12,4.7159,27.011,229.74,105.49
32,12,6.2368,26.029,215.28,102.05
32,12,5.0875,25.634,207.74,97.12
32,12,4.7731,25.908,200.66,87.485
32,12,4.9785,27.094,224.66,103.61
32,12,6.2503,26.751,214.55,96.6
32,12,6.3773,27.733,248.1,119.71
32,12,6.3785,25.805,208.76,97.232
32,12,5.6858,26.841,212.92,92.918
32,12,5.4787,26.105,207.89,93.702
32,12,5.0413,26.048,210.51,95.901
32,12,6.0389,26.09,208.55,94.151
32,12,6.0201,26.384,216.96,100.91
32,12,5.4202,24.796,189.5,86.097
32,12,5.2741,26.547,219.22,102.28
32,12,6.0345,25.441,197.39,89.651
32,12,6.0635,26.506,221.31,103.17
32,12,4.8901,25.803,209.27,98.268
32,12,4.8591,27.383,241.09,114.37
32,12,5.4034,25.199,201.37,93.333
32,12,5.4736,26.495,218.66,101.46
32,12,5.1411,27.033,235.64,113.48
32,12,7.3554,27.115,235.08,109.64
32,12,5.8038,26.587,219.23,101.56
32,12,6.5043,27.21,235.84,111.48
32,12,7.2593,25.216,196.34,89.33
32,12,4.5915,25.881,208.68,96.917
32,12,4.0569,26.667,219.16,99.146
32,12,6.9948,26.777,218.51,98.69
32,12,5.1027,26.914,233.94,111.93
32,12,4.8619,26.073,216.84,100.85
32,12,9.9459,26.49,215.57,97.188
32,12,4.3928,25.789,210.32,98.475
32,12,5.9524,26.206,207.87,93.499
32,12,7.6541,25.383,192,83.975
32,12,6.7402,27.05,224.31,101.97
32,12,5.0237,25.961,216.03,103.46
32,12,5.4731,26.635,217.83,99.425
32,12,5.0918,25.775,202.84,92.457
32,12,6.5103,25.349,192.46,86.37
32,12,8.2708,26.345,214.87,99.176
32,12,5.1221,25.883,208.49,97.422
32,12,5.8806,27.422,238.11,111.07
32,12,4.0289,26.51,224.1,104.35
32,12,5.9922,25.612,200.39,89.639
32,12,5.9756,26.372,221.87,106.05
32,12,5.291,26.157,210.72,97.776
32,12,6.0823,26.106,210.92,96.701
32,12,4.88,26.375,214.14,97.796
32,12,7.5845,26.501,213.55,95.939
32,12,4.4576,25.899,213.35,100.42
32,12,4.977,26.456,223.67,106.56
32,12,5.5023,26.291,209.97,94.432
32,12,6.3604,25.977,208.29,94.809
32,12,6.6795,27.701,231.17,102.35
32,12,6.1603,27.156,234.52,109.85
32,12,6.5645,25.093,196.01,90.293
32,12,6.0762,26.885,225.38,104.76
32,12,4.8931,27.863,240.77,110.9
32,12,4.9237,27.108,233.7,107.52
32,12,5.4219,26.333,215.81,98.422
32,12,5.1778,25.929,216.64,103.82
32,12,7.7351,25.068,197.55,93.146
32,12,5.7475,24.59,181.96,81.837
32,12,5.2892,26.258,217.38,102.85
32,12,5.3116,26.123,212.39,97.472
32,12,7.0761,27.089,231.35,108.98
32,12,5.573,25.352,199.67,92.65
32,12,5.5047,26.824,217.18,97.166
32,12,5.9451,25.77,202.87,90.198
32,12,6.2368,27.582,245.95,117.72
32,12,5.8739,26.458,223.65,104.5
32,12,6.1634,25.661,204.11,94.185
32,12,5.2299,26.875,221.94,99.719
32,12,5.5257,26.337,217.51,102.11
32,12,8.0292,26.171,210.72,97.922
32,12,4.9727,26.438,221.14,104.21
32,12,5.7061,26.386,219.42,102.42
32,12,5.9998,25.312,197.83,91.271
32,12,6.5485,26.892,220.64,101.07
32,12,3.9586,26.275,212.44,95.604
32,12,5.4328,27.752,236.56,105.42
32,12,5.9458,25.644,204.83,94.199
32,12,4.6316,27.65,232.85,106.58
32,12,5.3406,25.836,208.53,95.259
32,12,5.7443,27.724,245.59,117.33
32,12,4.2772,27.021,231.91,107.79
32,12,8.6032,26.399,215.09,97.344
32,12,6.9209,27.108,219.19,99.634
32,12,4.954,26.149,216.56,99.894
32,12,6.1388,25.586,208.78,98.642
32,12,6.3869,26.862,230.73,107.11
32,12,5.2821,26.226,213.39,98.827
32,12,4.7348,26.997,227.03,104.63
32,12,4.9802,26.137,210.15,94.768
32,12,4.3931,26.466,215.49,99.029
32,12,5.9687,26.27,214.96,99.984
32,12,5.2185,27.152,226.37,103.8
32,12,5.5612,26.711,220.42,101.15
32,12,5.1822,25.538,206.03,97.333
32,12,5.7287,25.39,194.61,88.755
32,12,6.7092,26.578,219.12,100.74
32,12,6.144,25.844,212.54,101.07
32,12,4.75,25.639,209.39,98.735
32,12,5.616,25.341,198.9,91.272
32,12,5.8714,27.02,228.79,106.22
32,12,7.4872,26.634,210.11,90.493
32,12,6.757,26.017,215.44,101.93
32,12,5.9573,27.138,226.86,105.25
32,12,5.0793,25.582,210.61,100.13
32,12,5.532,25.566,204.24,95.256
32,12,6.124,25.979,209.38,96.422
32,12,5.5368,27.363,232.33,106.6
32,12,6.0202,26.062,212.67,99.876
32,12,5.8277,25.708,205.4,95.047
32,12,6.4327,26.054,214.08,100.29
32,12,4.7145,26.303,221.09,105.72
32,12,5.2578,25.889,207.81,95.706
32,12,5.9962,26.36,213.26,97.044
32,12,5.8446,26.389,215.58,97.879
32,12,5.2003,25.631,203.6,93.326
32,12,5.2359,26.271,209.7,94.54
32,12,6.9236,26.38,213.18,97.215
32,12,5.3392,25.847,204.44,92.038
32,12,5.2425,26.014,210.42,98.618
32,12,4.3782,26.059,212.48,99.409
32,12,4.5402,25.273,202.34,95.851
32,12,4.817,25.602,213.3,102.59
32,12,5.7367,26.379,214.49,98.117
32,12,4.9499,26.076,210.6,97.25
32,12,8.2138,26.084,210.06,93.627
32,12,5.8541,25.481,202.49,93.337
32,12,5.7606,26.279,216.21,101.91
32,12,8.0601,26.152,213.1,99.689
32,12,5.3937,25.518,203.21,91.818
32,12,5.233,25.613,204.71,94.881
32,12,7.7727,26.635,223.71,104.64
32,12,4.4946,26.326,215.16,98.642
32,12,4.4121,24.959,194,90.572
32,12,5.7845,26.912,230.79,108.86
32,12,5.578,26.204,208.17,95.221
32,12,4.614,25.76,209.31,98.144
32,12,4.3477,25.674,200.83,89.731
32,12,5.3211,27.551,241.59,114.01
32,12,5.197,26.404,219.74,102.34
32,12,5.1871,25.751,214.25,101.98
32,12,6.0915,26.249,219.44,104.8
32,12,7.585,26.585,212,96.378
32,12,5.1824,27.409,228.8,102.34
32,12,4.913,26.049,212.54,100.73
32,12,4.7916,26.306,215.2,97.893
32,12,4.8771,26.364,210.99,95.992
32,12,5.3623,25.087,190.66,85.271
32,12,6.0315,25.897,210.61,99.907
32,12,4.8354,27.07,235.94,112.17
32,12,5.1587,26.35,213.34,95.894
32,12,5.9244,25.12,199.81,95.194
32,12,6.2675,26.883,227.32,107.11
32,12,4.9633,26.774,219.78,102.62
32,12,5.9747,26.028,215.64,99.536
32,12,5.4315,25.596,200.48,91.851
32,12,5.7094,25.311,192.1,84.303
32,12,4.3736,26.162,211.86,95.846
32,12,5.0924,27.63,242.42,115.74
32,12,4.6661,26.097,207.98,93.944
32,12,7.5357,26.853,226.32,107.73
32,12,5.6723,25.726,199.1,89.114
32,12,4.8135,26.022,206.55,95.634
32,12,5.4807,26.632,216.78,98.15
32,12,4.2291,25.788,209.54,98.029
32,12,5.0336,26.465,212.11,95.158
32,12,7.4234,26.358,212.07,96.025
32,12,6.5392,26.41,207.2,92.495
32,12,5.4476,26.186,214.74,100.54
32,12,4.6353,26.814,231.82,112.11
32,12,5.4754,25.084,186.45,83.706
32,12,5.4684,26.31,220.41,103.2
32,12,4.776,27.126,233.71,110.24
32,12,5.1532,26.105,202.43,87.331
32,12,4.2005,26.403,218.37,102.16
32,12,5.7362,27.237,230.09,107.16
32,12,4.9675,26.339,213.77,99.159
32,12,5.2239,26.555,219.66,101.73
32,12,4.652,26.05,228.23,112.99
32,12,4.8684,26.065,213.17,100.98
32,12,4.2939,25.801,204.68,91.475
32,12,5.0163,26.203,215.71,99.43
32,12,4.2678,26.632,227.7,106.39
32,12,4.2586,25.66,204.1,94.817
32,12,4.6154,26.112,215.17,100.78
32,12,4.427,26.063,217.29,102.23
32,12,7.3167,26.428,212.35,94.598
32,12,5.6127,26.261,210.05,94.111
32,12,5.7052,26.509,222.43,104.72
32,12,5.1521,26.904,222.1,100.18
32,12,5.3305,27.445,239.02,112.43
32,12,5.1408,25.871,211.63,98.944
32,12,5.906,27.308,228.65,105.97
32,12,5.4774,26.388,220.3,104.73
32,12,4.2599,25.874,212.08,97.71
32,12,5.5123,25.765,206.57,95.804
32,12,4.642,25.5,207.9,98.954
32,12,8.2654,25.282,196.02,90.134
32,12,5.2411,25.85,207.01,94.927
32,12,5.3451,26.182,206.49,89.955
32,12,5.8957,26.457,217.97,101.59
32,12,5.5577,25.165,192.86,87.282
32,12,5.0896,24.902,195.62,90.253
32,12,5.0864,25.77,204.64,91.731
32,12,6.5279,25.373,203.85,95.8
32,12,5.5958,25.878,202.44,89.921
32,12,5.2118,26.071,214.75,100.43
32,12,4.9186,25.901,207.3,94.656
32,12,5.3031,25.785,204.57,95.491
32,12,7.0389,27.317,231.31,103.97
32,12,5.608,26.374,218.14,102.03
32,12,5.2827,26.638,211.19,93.263
32,12,4.8284,25.29,198.43,92.323
32,12,4.8685,26.105,211.28,94.025
32,12,5.1769,25.701,212.49,101.63
32,12,6.0832,27.242,232.93,109.27
32,12,4.8783,26.139,218.55,104.32
32,12,5.4026,27.444,227.49,104.85
32,12,4.6508,26.409,220.17,102.81
32,12,4.9013,26.179,213.46,99.503
32,12,5.0507,27.386,225.27,101.22
32,12,4.7403,25.414,201.79,95.099
32,12,7.326,25.669,203.33,93.589
32,12,5.5255,25.682,209.79,99.647
32,12,5.4803,26.761,220.61,100.9
32,12,4.7516,26.99,231.97,110.82
32,12,5.2692,25.886,208.32,94.796
32,12,4.8246,25.678,212.17,101.43
32,12,5.0679,26.054,207.89,93.007
32,12,4.8504,26.064,206.35,92.442
32,12,5.1378,25.341,204.65,96.425
32,12,5.6911,27.431,233.81,107.33
32,12,6.5446,25.227,200.39,93.777
32,12,6.5827,26.432,217.79,101.68
32,12,6.3628,26.591,228,110.38
32,12,6.5647,26.722,227.48,108.37
32,12,4.7042,26.096,209.97,98.094
32,12,4.556,26.584,215.97,97.774
32,12,4.0237,27.713,244.78,115.51
32,12,6.0422,26.491,212.22,94.854
32,12,7.9532,25.636,198.6,89.068
32,12,5.1083,26.82,221.1,98.5
32,12,3.9928,26.35,220.83,103.31
32,12,4.5333,26.657,229.35,110.37
32,12,5.4418,26.555,208.55,91.605
32,12,5.2838,26.612,227.5,105.94
32,12,6.5143,26.333,216.37,100.87
32,12,4.8384,25.187,182.37,76.122
32,12,7.633,25.935,203.66,92.471
32,12,4.6575,27.151,229.85,108.24
32,12,5.0849,26.577,217.27,100.21
32,12,6.2232,26.71,222.72,103.67
32,12,4.8003,25.809,207.03,95.001
32,12,6.0398,26.575,218.24,100.23
32,12,5.8804,25.899,204.28,91.567
32,12,6.9911,26.821,218.09,99.681
32,12,4.5489,26.424,223.72,105.64
32,12,4.2315,25.447,201.92,91.566
32,12,4.6556,25.95,215.11,102.19
32,12,6.6503,26.788,225.08,104.82
32,12,6.7177,25.623,202.12,93.557
32,12,6.0204,27.277,236.9,110.77
32,12,6.8161,26.075,205.43,92.178
32,12,5.737,26.483,223.4,104.22
32,12,5.7784,26.282,213.35,96.701
32,12,5.9199,27.097,225.66,102.93
32,12,4.8128,27.088,226.45,104.92
32,12,5.0751,26.704,220.23,101.54
32,12,5.3006,26.719,218.62,96.905
32,12,6.1902,25.87,206.46,95.03
32,12,5.07,26.153,203.84,91.389
32,12,5.0117,26.103,218.02,103.22
32,12,5.6303,26.394,214.5,97.878
32,12,5.1704,26.131,212.48,99.84
32,12,5.8954,26.525,224.46,106.43
32,12,5.0551,26.846,225.96,103.76
32,12,5.3001,26.699,222.43,104.23
32,12,4.8183,26.299,214.15,99.677
32,12,5.0454,27.02,228.55,106.72
32,12,5.0138,26.688,211.73,93.393
32,12,7.6391,25.549,197.53,90.185
32,12,4.5248,26.052,209.87,97.844
32,12,4.3432,26.942,234.96,111.23
32,12,5.1188,26.875,222.11,102.37
32,12,4.9235,26.546,220.07,101.6
32,12,4.7938,25.2,200.2,92.389
32,12,5.1403,26.959,226.78,105.32
32,12,6.3528,26.581,219.72,103.45
32,12,5.9065,26.146,215.67,103.2
32,12,6.3093,26.336,210.56,93.538
32,12,5.6235,25.988,209.64,95.188
32,12,10.387,25.023,188.03,82.498
32,12,5.2979,26.093,215.03,101.18
32,12,5.688,25.748,204.37,94.35
32,12,5.8729,25.783,206.4,95.467
32,12,7.3652,25.544,204.26,95.631
32,12,5.6502,26.67,217.51,99.758
32,12,4.0671,25.615,202.19,92.112
32,12,6.5535,26.282,222.01,105.53
32,12,5.4377,26.239,214.09,98.429
32,12,4.9156,26.367,210.14,96.959
32,12,6.1113,25.75,205.88,94.981
32,12,5.485,26.476,219.7,103.46
32,12,4.7966,25.903,210.6,97.437
32,12,5.1306,26.204,213.38,97.904
32,12,5.5234,24.92,193.74,89.162
32,12,6.4534,26.644,225.23,104.33
32,12,4.9689,27.96,247.42,118.75
32,12,5.4787,27.775,242.21,112.7
32,12,5.2097,25.575,208.17,99.795
32,12,7.546,25.885,206.65,92.695
32,12,4.7621,27.604,233.66,105.85
32,12,6.5403,27.12,223.83,103.56
32,12,4.5148,26.238,214.24,99.711
32,12,6.2527,25.445,207.87,98.739
32,12,7.1815,26.054,207.14,90.852
32,12,5.2845,25.85,209.91,96.938
32,12,4.5354,26.914,219.51,99.207
32,12,5.7629,25.171,201.77,93.851
32,12,5.1374,24.462,185.85,84.111
32,12,4.5203,27.342,239.86,115.46
32,12,5.0544,25.524,198.95,89.723
32,12,5.0148,25.887,204.52,92.722
32,12,4.4579,26.1,216.73,103.6
32,12,4.0226,26.85,222.78,101.27
32,12,5.9068,26.728,215.8,96.531
32,12,4.0216,26.56,216.39,97.348
32,12,5.5726,25.961,215.45,103.53
32,12,5.6334,27.445,242.42,118.06
32,12,6.4087,26.873,231.78,111.12
32,12,5.5992,27.413,234.14,107.25
32,12,9.5292,26.4,222.34,104.88
32,12,5.5402,26.348,217.44,101
32,12,4.3713,26.3,213.98,99.31
32,12,4.792,25.768,209.84,100.71
32,12,6.1646,25.88,210.37,95.542
32,12,5.9672,25.441,204.93,95.597
32,12,8.0086,26.679,219.79,101.56
32,12,7.5672,26.107,213.44,99.687
32,12,7.6692,26.134,216.06,99.739
32,12,5.341,25.77,209.57,99.852
32,12,4.9288,25.687,205.04,95.213
32,12,5.4103,25.68,204.41,94.536
32,12,5.5545,25.985,210.83,96.752
32,12,5.3665,25.704,203.88,93.028
32,12,5.5151,25.663,207.63,99.083
32,12,5.9104,25.931,214.66,101.14
32,12,4.6044,26.411,212.19,96.044
32,12,6.4969,27.607,235.57,109.24
32,12,7.0005,26.045,211.78,99.482
32,12,4.3894,26.316,213.73,98.104
32,12,4.7947,26.489,219.16,102.42
32,12,5.7101,26.358,210.43,94.006
32,12,5.6282,26.436,221.25,104.73
32,12,7.7437,26.616,216.37,97.934
32,12,5.7271,26.067,212.01,97.333
32,12,5.7929,26.643,217.18,98.902
32,12,5.9366,26.871,231.82,109.67
32,12,4.3049,26.765,226.36,107.2
32,12,7.6905,26.559,221.94,102.94
32,12,4.5433,24.899,197.9,94.481
32,12,6.1519,25.936,214.37,103.32
32,12,6.0187,26.485,215.26,97.864
32,12,5.0717,27.14,232.56,108.73
32,12,4.9855,26.523,219.15,99.412
32,12,5.5955,25.936,206.61,93.47
32,12,5.0869,25.742,201.13,91.445
32,12,4.5494,25.614,198.64,87.412
32,12,4.9436,26.012,217.81,103.17
32,12,5.3879,25.981,207.6,94.955
32,12,6.0643,26.566,220.45,102.78
32,12,5.0279,26.675,227.52,108.48
32,12,5.6475,26.452,213.34,95.344
32,12,4.9145,27.496,230.25,105.16
32,12,4.2783,26.383,214.55,98.822
32,12,4.8869,25.976,206.28,93.364
32,12,6.6248,26.645,224.67,107.01
32,12,5.3401,27.126,221.91,98.511
32,12,4.7077,25.889,201.71,88.91
32,12,5.274,27.297,225.84,102.1
32,12,4.9797,25.842,200.77,89.024
32,12,5.89,25.323,201.88,93.719
32,12,5.1562,25.991,201.78,91.012
32,12,3.9648,26.206,215.44,101.93
32,12,5.3794,27.146,222.27,99.433
32,12,4.6563,27.37,239.14,113.22
32,12,5.2549,26.882,230.66,109.2
32,12,6.2629,26.014,216.02,101.71
32,12,4.3648,25.347,193.76,88.777
32,12,7.1825,26.454,223.23,105.21
32,12,4.9088,26.614,218.83,99.314
32,12,4.9333,26.723,222.23,102.83
32,12,5.8072,26.445,215.87,98.838
32,12,7.1461,26.029,207.17,89.898
32,12,6.0529,25.898,206.2,95.016
32,12,5.5333,25.405,206.85,97.556
32,12,5.3355,26.056,205.14,92.772
32,12,5.8938,27.638,243.87,116.84
32,12,4.8661,26.103,209,95.032
32,12,6.3784,25.989,212.9,100.34
32,12,5.0456,26.364,213.5,99.135
32,12,5.4783,25.908,208.96,97.069
32,12,5.1171,27.221,233.48,109.57
32,12,7.1899,25.475,200.08,93.431
32,12,5.8186,25.999,210.49,96.209
32,12,5.3079,26.754,218.85,98.718
32,12,6.9544,26.51,216.46,99.606
32,12,5.9586,25.208,195.64,89.88
32,12,5.3366,27.854,247.12,115.56
32,12,4.985,25.572,197.16,87.2
32,12,4.9157,26.844,228.48,106.92
32,12,4.3559,26.441,220.16,102.61
32,12,5.7984,26.859,223.46,102.89
32,12,4.7576,26.114,209.69,94.305
32,12,5.517,26.879,221.52,100.56
32,12,4.8947,27.97,234.09,105.51
32,12,5.1144,27.266,233.07,109.15
32,12,5.6159,26.22,215.52,101.31
32,12,6.006,26.765,225.36,104.5
32,12,5.5449,26.868,233.77,111.06
32,12,5.2993,26.124,210.51,97.108
32,12,4.9115,26.59,226.85,108.09
32,12,5.3491,26.231,211.78,97.34
32,12,4.6001,26.486,216.14,98.201
32,12,4.1451,25.873,207.01,95.056
32,12,4.881,26.436,210.14,92.952
32,12,3.9853,27.43,231.08,106.88
32,12,5.194,25.634,199.89,90.48
32,12,5.8351,27.988,243.56,113.59
32,12,5.0597,25.835,212.19,100.24
32,12,4.3305,26.701,223.11,103.54
32,12,5.3972,26.72,227.44,108.59
32,12,4.9098,27.145,228,105.22
32,12,5.8737,24.664,195.86,93.224
32,12,5.1171,27.163,232.82,108.82
32,12,8.1121,26.539,220.1,102.73
32,12,5.1577,26.555,223.06,105.23
32,12,7.5022,26.475,219.76,101.45
32,12,7.3945,26.771,222.79,104.69
32,12,4.3843,25.319,200.44,93.93
32,12,4.6711,26.089,216.43,103.46
32,12,5.1428,26.836,218.08,99.13
32,12,5.6769,25.538,207.08,96.896
32,12,5.0572,26.394,209.42,94.357
32,12,5.9193,26.025,216.21,102.98
32,12,4.9263,25.981,206.95,92.703
32,12,5.118,26.267,215.55,100.38
32,12,6.2726,25.319,205.03,97.546
32,12,3.9188,26.713,221.73,104.29
32,12,4.8094,25.915,211.95,98.045
32,12,5.0536,26.167,215.27,100.89
32,12,5.4198,26.309,212.62,97.773
32,12,5.6899,26.749,223.86,103.02
32,12,7.3757,26.083,215.62,100.92
32,12,5.0069,25.926,205.93,92.901
32,12,6.2847,25.822,206.68,95.714
32,12,6.1387,24.886,190.77,86.811
32,12,5.5435,25.241,196.32,87.934
32,12,5.4444,26.122,216.02,101.97
32,12,4.8736,26.631,221.1,101.66
32,12,7.6328,27.347,226.73,104.8
32,12,4.4605,25.913,208.23,96.208
32,12,5.2223,26.075,210.19,97.833
32,12,6.5678,25.868,207.7,95.118
32,12,6.4263,27.296,231.46,107.87
32,12,6.273,26.651,224.19,105.47
32,12,4.4549,26.296,210.09,94.639
32,12,5.0913,27.145,233.99,109.63
32,12,5.7974,26.132,214.69,101.46
32,12,7.5461,27.57,238.56,112.09
32,12,7.3197,26.322,216.74,100.95
32,12,7.863,25.859,212.03,100.69
32,12,6.8569,25.082,199.08,93.695
32,12,4.2473,25.686,206.56,95.877
32,12,6.0775,26.551,218.47,100.04
32,12,6.2942,26.651,218.9,100.79
32,12,5.4445,26.099,214.88,101.16
32,12,5.0287,26.623,216.89,97.896
32,12,5.4008,25.814,202.37,91.187
32,12,4.6411,25.822,207,94.585
32,12,5.4912,26.593,219.91,100.86
32,12,5.9577,26.478,216.04,100.04
32,12,4.6861,25.32,198.07,91.15
32,12,4.6758,25.503,201.65,92.085
32,12,8.1279,26.214,219.98,105.47
32,12,4.5007,25.423,201.5,93.178
32,12,5.5683,25.13,201.99,95.08
32,12,5.1228,26.314,211.98,96.735
32,12,5.2158,26.883,225.26,103.32
32,12,7.1267,25.607,202.04,91.364
32,12,3.7212,26.597,228.69,109.35
32,12,4.6072,26.639,224.7,105.81
32,12,5.0612,26.013,211.13,98.629
32,12,6.2465,26.343,221.57,105.92
32,12,4.4961,25.679,204.7,94.925
32,12,5.4965,26.24,204.78,89.55
32,12,5.465,25.817,197.99,86.988
32,12,4.1993,26.88,226.27,105.25
32,12,5.5365,27.53,234.73,109.21
32,12,6.3611,26.048,213.71,99.374
32,12,5.0335,26.923,228.55,105.67
32,12,5.2744,26.229,212.73,96.12
32,12,4.2905,26.312,210.78,95.978
32,12,4.8263,26.201,215.8,101.29
32,12,4.7927,26.557,226.57,106.8
32,12,6.6987,26.567,226.24,109.42
32,12,5.0025,26.222,217.43,103.34
32,12,4.8777,25.877,208.71,95.943
32,12,4.3275,27.293,239.9,115.87
32,12,6.5718,25.127,202.92,97.092
32,12,7.2883,25.744,198.76,88.28
32,12,4.8142,25.685,200.67,91.665
32,12,4.66,26.783,225.9,106.09
32,12,7.956,27.287,235.1,111.11
32,12,5.4426,26.516,213.44,97.214
32,12,5.5252,25.396,197.39,89.449
32,12,5.4128,27.843,249.41,120.57
32,12,5.3685,25.817,210.85,99.694
32,12,7.0301,26.77,218.19,100.04
32,12,5.8154,25.643,209.75,100.13
32,12,4.9154,25.824,203.66,93.647
32,12,5.0049,25.956,203.89,90.95
32,12,5.1263,27.786,232.73,102.73
32,12,6.8894,26.673,216.78,99.414
32,12,6.4097,26.459,214.61,97.394
32,12,4.626,25.687,203.87,92.51
32,12,5.4268,26.71,222.95,104.05
32,12,6.4527,25.329,202.62,95.745
32,12,7.1146,27.072,234.28,112.17
32,12,6.7895,25.955,206.36,94.613
32,12,4.8645,27.667,233.3,106.99
32,12,4.6788,25.537,196.6,89.17
32,12,6.2967,26.543,209.45,92.134
32,12,4.488,26.807,219.21,98.914
32,12,6.792,26.548,222.72,102.55
32,12,5.6003,25.699,203.88,94.551
32,12,8.5173,26.681,216.86,97.833
32,12,5.0108,25.224,193.91,86.865
32,12,5.0329,26.557,213,94.373
32,12,6.0247,26.584,216.53,97.773
32,13,4.963,26.915,230.26,106.49
32,13,7.0999,27.335,233.54,110.15
32,13,6.0606,25.954,212.15,98.958
32,13,5.5444,26.643,224.44,105.91
32,13,5.8194,28.563,264.56,127.12
32,13,4.7465,26.264,215.22,100.15
32,13,6.0097,26.974,231.66,111.44
32,13,5.0905,27.416,234.74,108.92
32,13,6.1352,26.238,211.01,94.992
32,13,4.9661,26.483,225.29,107
32,13,6.1759,27.405,239.72,113.24
32,13,7.058,27.062,229.49,107.74
32,13,4.3061,27.078,234.7,112.86
32,13,5.0611,26.498,223.32,104.66
32,13,5.0429,27.082,243,118.4
32,13,4.7882,27.688,245.62,117.19
32,13,4.7364,27.2,231.65,107.87
32,13,4.805,26.458,217.87,101.44
32,13,5.2267,26.979,233.55,109.88
32,13,4.6234,26.484,225.11,109.03
32,13,6.2792,26.826,230.73,108.73
32,13,6.2957,25.653,206.38,96.509
32,13,6.6015,26.904,235.54,114.47
32,13,6.4285,25.396,205.43,97.151
32,13,6.1102,26.677,226.96,107.6
32,13,4.9779,26.376,215.45,99.547
32,13,6.7505,26.361,222.52,106.11
32,13,6.3826,26.771,221.77,102.75
32,13,6.4814,27.048,226.59,104.45
32,13,5.852,25.827,215.68,104.61
32,13,6.19,27.774,246.05,117.01
32,13,4.5095,26.407,217.13,99.218
32,13,5.4567,27.724,238.16,108.67
32,13,5.5301,26.559,222.6,105.71
32,13,5.6402,26.224,214.08,97.934
32,13,5.1871,27.554,241.86,113.44
32,13,8.6448,26.494,224.73,106.17
32,13,5.0721,27.549,241.32,112.57
32,13,4.2226,27.741,236.66,107.11
32,13,5.0315,27.315,236.34,109.81
32,13,6.1644,26.869,221.13,100.81
32,13,5.1292,26.25,208.71,94.192
32,13,7.1966,26.649,224.19,104.49
32,13,5.8416,26.558,222.78,104.59
32,13,6.7594,26.088,203.86,88.136
32,13,4.6803,27.601,237.19,111.38
32,13,5.6273,27.038,234.94,112.01
32,13,5.4144,26.508,220.38,103.26
32,13,6.7572,26.845,223.5,104.69
32,13,4.8472,26.668,225.36,104.35
32,13,5.2237,26.431,224.47,105.15
32,13,8.3592,26.789,224.09,104.13
32,13,5.367,28.025,244.29,113.13
32,13,4.821,26.179,213.83,99.325
32,13,4.4694,26.928,231.7,109.95
32,13,6.1812,26.822,226.9,107.46
32,13,4.6344,27.529,239.35,113.92
32,13,5.9993,26.334,221.04,104.87
32,13,6.3747,26.459,216.64,98.846
32,13,6.2939,25.34,194.27,87.687
32,13,6.9763,26.117,216.9,102.24
32,13,4.6181,25.95,207.75,95.161
32,13,4.4497,27.105,224.11,99.967
32,13,4.9094,26.855,225.42,105.09
32,13,5.0182,26.87,225.99,104.72
32,13,5.6245,27.37,234.67,109.19
32,13,4.9681,25.784,206.29,94.839
32,13,5.6167,26.866,228.12,107.18
32,13,5.2777,26.67,219.16,99.846
32,13,5.2457,26.574,222.83,103.18
32,13,9.1683,26.836,230.6,109.31
32,13,4.6149,27.709,248.76,116.23
32,13,5.0962,25.861,205.78,92.463
32,13,6.414,27.185,227.8,101.34
32,13,5.4756,26.461,217.8,98.425
32,13,4.9193,26.895,229.9,106.07
32,13,4.6426,27.216,234.69,107.86
32,13,5.2354,26.543,221.46,101.31
32,13,5.6704,26.1,220.57,105
32,13,5.8018,27.013,225.62,102.36
32,13,5.6752,27.498,225.53,100.83
32,13,5.0923,27.076,239.78,117.28
32,13,5.1995,26.582,227.74,109.88
32,13,4.399,26.183,212.32,95.663
32,13,5.6652,25.472,203.14,94.968
32,13,4.9945,27.273,233.25,108.42
32,13,7.6618,27.108,222.89,96.674
32,13,4.8156,26.934,224.12,103.23
32,13,6.3575,26.686,228.36,108.56
32,13,5.7238,27.336,236.38,111.49
32,13,4.9225,27.625,242.81,112.62
32,13,4.5391,27.517,240.62,114.95
32,13,4.3721,27.41,240.39,113.66
32,13,5.1926,27.144,228.78,103
32,13,5.2958,26.009,212.05,97.347
32,13,4.7333,26.87,220.78,101.06
32,13,5.9042,26.216,216.94,101.67
32,13,6.3513,26.971,229.08,106.57
32,13,4.8831,28.266,248.83,117.01
32,13,5.0285,26.938,227.15,104.54
32,13,4.4584,27.347,240.84,113.94
32,13,6.27,25.914,211,100.1
32,13,5.7068,26.07,214.55,100.9
32,13,5.0589,27.755,241.3,111.85
32,13,6.0357,25.585,202.13,93.888
32,13,6.1458,26.266,214.31,99.714
32,13,5.9821,25.581,203.72,94.944
32,13,4.487,26.732,231.47,111.78
32,13,4.5591,26.292,224.57,108.62
32,13,4.0408,27.172,240.05,115.74
32,13,5.0712,27.124,221.49,98.366
32,13,9.0372,28.374,258.96,122.63
32,13,8.005,27.215,237.03,115.12
32,13,4.2666,26.535,218.55,100.01
32,13,5.6712,26.375,217.12,98.401
32,13,5.643,27.252,235.58,111.51
32,13,6.0554,26.656,219.53,99.778
32,13,5.1891,26.833,223.09,103.75
32,13,4.7975,25.306,201.53,94.548
32,13,4.5076,26.466,222.74,105.23
32,13,4.728,25.908,200.94,89.974
32,13,6.368,27.412,237.47,110.88
32,13,4.9702,26.458,222.12,104.64
32,13,4.7867,27.343,243.02,118.67
32,13,5.5213,27.158,232.4,108.91
32,13,4.966,25.961,207.58,96.103
32,13,4.9717,25.967,215.48,101.27
32,13,4.3966,26.451,211.73,95.14
32,13,5.7638,26.985,228.81,106
32,13,4.5512,25.647,214.21,103.38
32,13,4.6695,26.327,218.39,102.1
32,13,5.4411,26.998,231.6,109.37
32,13,5.8409,26.758,230.42,110.23
32,13,5.1838,26.456,216.69,99.488
32,13,6.0211,25.921,209,96.399
32,13,7.9264,25.961,201.16,89.338
32,13,6.0014,26.696,222.57,102.84
32,13,5.3093,26.901,225.91,104.15
32,13,4.7449,26.453,212.41,94.519
32,13,5.969,26.401,221.99,102.4
32,13,5.2067,25.898,209.74,94.835
32,13,7.0653,26.769,222.83,104.29
32,13,5.9729,28.098,248.96,116.08
32,13,5.2198,25.52,211.45,100.69
32,13,5.3125,27.175,234.71,110.97
32,13,4.8304,25.988,209.27,96.282
32,13,5.5611,25.742,216.87,104.48
32,13,5.3656,26.6,226.87,106.94
32,13,6.0748,27.123,234.58,111.16
32,13,5.306,26.223,212.75,97.255
32,13,5.6591,26.087,219.11,103.67
32,13,4.8316,26.73,228.54,108.38
32,13,4.9118,27.327,225.11,101.16
32,13,4.8276,26.764,218.98,98.667
32,13,4.4241,26.54,215.8,96.958
32,13,4.8845,27.173,229.79,106.96
32,13,4.7559,27.448,237.86,111.91
32,13,5.1805,26.678,226.53,107.5
32,13,5.0679,27.354,239.48,113.38
32,13,7.2761,27.236,224.29,101.97
32,13,5.3128,27.167,228.22,104.12
32,13,8.3255,25.85,207.74,96.42
32,13,5.5729,27.281,236.62,111.06
32,13,6.4516,27.667,232.96,105.82
32,13,5.3876,26.432,216.72,99.718
32,13,6.3682,26.009,211.22,98
32,13,6.2017,27.106,233.55,108.82
32,13,7.3712,26.869,228.14,107.85
32,13,6.3817,26.879,227.39,104.88
32,13,5.3236,26.805,227.04,106.38
32,13,5.4037,26.766,227.05,106.79
32,13,5.1733,26.848,225.16,104.66
32,13,5.3103,26.284,223.38,106.17
32,13,7.1046,27.086,221.62,97.34
32,13,5.5497,27.131,222.4,99.222
32,13,5.5223,27.387,233.73,109.09
32,13,5.8645,26.302,223.63,108.03
32,13,5.7067,26.56,227.75,107.97
32,13,6.4572,26.131,221.4,107.21
32,13,4.6627,26.228,213.89,96.904
32,13,5.1395,26.037,210.99,97.81
32,13,5.9384,26.89,228.61,107.65
32,13,4.935,26.471,221.32,101.16
32,13,7.914,26.967,222.97,101.7
32,13,4.599,27.584,241.19,113.06
32,13,5.5365,28.522,260.23,123.56
32,13,5.2688,26.144,216.11,100.53
32,13,5.0085,26.625,220.38,98.225
32,13,7.1021,26.085,206.66,93.882
32,13,4.5159,25.334,197.08,88.425
32,13,4.4052,26.419,215.33,97.824
32,13,5.3744,26.91,234.4,113.13
32,13,6.0473,26.444,215.65,96.949
32,13,7.3798,26.976,235.14,113.18
32,13,5.2584,26.983,228.94,105.09
32,13,5.418,26.014,217.62,103.54
32,13,5.3023,26.153,216.13,100.57
32,13,5.825,26.676,227.53,107.26
32,13,5.2564,26.57,214.47,97.954
32,13,5.321,26.719,225.2,104.79
32,13,4.9447,26.366,217.55,101.98
32,13,6.4999,26.354,215.23,98.832
32,13,5.8678,26.406,220.49,101.14
32,13,4.3527,26.91,228.21,105.48
32,13,6.7181,26.421,213.26,97.599
32,13,6.8772,26.247,219.75,104.53
32,13,4.827,26.107,219.13,104.92
32,13,4.2122,26.583,220.02,101.74
32,13,4.9011,26.333,210.02,94.114
32,13,6.1001,26.078,211.25,97.686
32,13,6.1712,27.049,222.74,101.78
32,13,8.9199,26.86,221.11,99.494
32,13,4.8148,26.458,216.24,99.803
32,13,7.5248,26.243,213.4,98.86
32,13,6.067,26.141,225.71,108.85
32,13,6.1896,27.074,219.13,93.5
32,13,4.9005,26.483,228.62,110.28
32,13,5.118,26.506,209.6,92.714
32,13,6.9972,26.585,218.55,99.003
32,13,6.4065,25.703,212.74,101.66
32,13,5.3477,25.309,201.33,94.996
32,13,8.0774,27.933,235.52,107.95
32,13,6.3107,26.871,228.71,108.52
32,13,6.1865,26.314,216.4,98.963
32,13,4.7786,25.295,204.05,97.801
32,13,4.9983,26.268,217.06,100.15
32,13,4.7203,26.452,212.11,95.489
32,13,6.0601,26.472,219.34,100.31
32,13,5.9311,28.278,254.21,119.38
32,13,5.1937,26.848,226.04,104.32
32,13,5.925,27.312,239.51,115.33
32,13,7.2305,26.35,212.58,96.891
32,13,5.9888,27.316,236.89,110.98
32,13,4.0971,27.461,230.39,104.31
32,13,5.7705,27.001,225.76,103.23
32,13,4.9379,26.544,214.68,96.091
32,13,5.5887,27.363,237.22,110.86
32,13,6.3554,27.522,231.78,104.66
32,13,5.8969,26.517,217.14,98.766
32,13,5.5776,26.675,208.34,89.405
32,13,7.1791,26.559,221.95,104.99
32,13,3.9863,27.162,233.95,109.36
32,13,4.3117,26.827,228.69,105.27
32,13,5.0865,26.088,208.21,93.372
32,13,4.9966,26.848,225.28,104.87
32,13,5.1842,26.501,210.19,95.52
32,13,5.1442,26.957,229.1,105.6
32,13,4.9866,25.935,212.01,99.234
32,13,5.0842,26.169,207.44,93.301
32,13,6.3777,26.295,225.81,108.92
32,13,4.6233,27.312,235.28,110.67
32,13,5.3624,26.939,225.43,106.32
32,13,5.1872,26.712,224.11,103.96
32,13,6.4146,26.494,224.11,106.63
32,13,6.0724,27.529,238.81,111.78
32,13,4.5995,26.743,235.48,114.28
32,13,4.2217,27.396,240.42,112.84
32,13,5.4377,27.148,230.49,109.58
32,13,6.3055,27.017,235.66,113.01
32,13,7.9003,27.116,233.5,111.56
32,13,6.0412,27.167,228.85,103.97
32,13,5.8433,27.388,233.98,108.08
32,13,6.8799,26.902,228.48,106.6
32,13,5.545,27.14,240.96,115.35
32,13,5.5836,26.684,231.52,111.78
32,13,6.323,27.258,230.09,104.98
32,13,4.726,25.448,196.31,88.688
32,13,7.0028,28.134,252.58,119.8
32,13,4.3985,26.698,220.76,100.77
32,13,5.7636,27.241,225.82,101.75
32,13,5.4847,26.542,225.77,106.35
32,13,6.08,27.504,235.88,109.09
32,13,3.9362,26.64,209.54,93.167
32,13,5.8041,26.479,220.26,102.1
32,13,5.2892,25.94,214.58,100.62
32,13,5.543,26.757,219.44,101.53
32,13,7.9293,27.242,238.48,113.52
32,13,6.1224,26.88,215.4,94.726
32,13,4.7665,26.962,238.09,115.12
32,13,5.2194,26.962,228.19,106.43
32,13,4.4158,26.383,215.51,100.07
32,13,6.7483,28.304,257.53,122.94
32,13,5.5881,26.053,211.24,96.067
32,13,5.1912,28.044,250.26,118.04
32,13,5.9719,26.227,212.79,98.558
32,13,4.3684,27.108,231.38,108.15
32,13,5.429,25.917,213.33,99.258
32,13,7.5559,27.306,236.45,112.82
32,13,5.9057,25.531,196.72,86.98
32,13,4.721,25.801,204.72,94.035
32,13,6.8601,28.068,249.22,117.35
32,13,6.3718,26.208,219.03,103.03
32,13,6.1455,27.482,243.98,117.13
32,13,4.5997,27.815,241.98,112.39
32,13,4.2442,26.578,221.03,103.16
32,13,5.4524,27.283,241.81,115.48
32,13,5.933,26.487,226.73,108.52
32,13,4.3139,26.036,220.9,105.99
32,13,6.371,27.09,242.14,117.36
32,13,6.1251,27.242,243.1,117.64
32,13,4.6995,27.336,230.16,104.43
32,13,3.9695,27.359,240.74,113.85
32,13,6.8116,26.851,233.52,111.41
32,13,5.5229,25.995,217.62,103.1
32,13,5.7661,25.935,208.43,98.009
32,13,5.7213,26.053,215.25,101.86
32,13,4.3801,27.504,243.6,115.72
32,13,5.9336,26.948,228.28,106.48
32,13,5.8038,26.123,220.21,106.4
32,13,10.226,27.297,233.2,108.91
32,13,5.3912,27.299,229.16,104.2
32,13,4.7848,26.167,219.06,104.11
32,13,6.3583,26.76,223.18,102.53
32,13,6.1323,26.67,222.94,103.66
32,13,6.5658,26.475,216.25,99.04
32,13,5.0676,27.665,235.8,108.93
32,13,4.6849,27.44,235.6,108.84
32,13,5.5247,27.386,227.04,100.78
32,13,4.573,26.867,230.33,108.71
32,13,5.3544,27.882,247.63,118.64
32,13,6.5419,26.016,215.92,101.96
32,13,4.4255,25.526,206.49,96.662
32,13,5.9763,27.432,242.8,117.75
32,13,5.8751,27.248,234.6,109.24
32,13,5.2079,26.629,221.82,102.09
32,13,5.3526,26.828,226.84,105.11
32,13,5.2576,27.502,236.33,109.16
32,13,4.8716,27.986,250.24,116.8
32,13,6.5916,26.212,204.93,90.88
32,13,6.1399,26.104,209.31,94.839
32,13,6.4931,27.413,225.86,101.39
32,13,8.3029,26.889,225.21,103.86
32,13,5.5598,25.533,204.3,95.005
32,13,5.7495,27.624,233.18,107.03
32,13,5.8801,27.072,225.24,104.2
32,13,5.7794,26.175,214.07,98.646
32,13,5.0301,26.805,224.51,104.81
32,13,5.7779,28.509,258.18,121.95
32,13,5.1112,26.987,230.72,109.08
32,13,5.1077,27.863,241.43,112.71
32,13,5.343,27.425,238.42,111.27
32,13,4.5069,26.998,227.24,105.6
32,13,5.8912,26.896,226.6,103.84
32,13,5.5781,26.243,217.38,101.56
32,13,5.944,26.307,224.26,108.44
32,13,4.7498,28.993,266.51,127.28
32,13,4.7085,25.702,206.63,96.498
32,13,7.9523,26.367,210.37,93.334
32,13,4.7024,25.795,202.26,90.831
32,13,5.6015,26.583,233.57,113.68
32,13,6.7635,26.935,233.23,111.01
32,13,5.8947,26.949,233.7,111.6
32,13,5.4782,26.27,223.5,107.68
32,13,5.5599,27.352,240.09,114.31
32,13,6.4964,27.097,231.16,107.16
32,13,4.8991,26.701,223.91,104.83
32,13,5.9389,26.056,206.35,92.812
32,13,6.2138,26.573,225.11,105.64
32,13,5.8526,27.428,230.61,104.2
32,13,5.0183,26.929,228.16,107.83
32,13,5.8788,27.284,234.56,109.07
32,13,4.3979,26.954,225.87,102.08
32,13,6.2295,26.832,220.73,97.164
32,13,4.9228,26.752,239.47,119.55
32,13,5.1434,26.694,220.07,100.28
32,13,4.8221,26.397,214.37,97.395
32,13,5.3428,26.664,218.68,99.643
32,13,5.739,25.538,200.47,91.236
32,13,6.0569,27.156,228.13,103.95
32,13,5.8441,26.292,223.65,106.92
32,13,5.2486,27.379,233.77,109.61
32,13,4.5252,26.855,229.38,108.09
32,13,4.7819,27.009,225.93,104.3
32,13,5.5924,26.943,227.18,105.9
32,13,5.2029,26.804,226.65,107.91
32,13,6.51,26.279,210.66,95.024
32,13,6.3047,25.805,205.26,92.996
32,13,5.7939,27.14,232.7,109.75
32,13,4.7359,27.1,229.08,104.75
32,13,5.0785,25.367,204.42,95.891
32,13,4.68,27.117,226.8,104.61
32,13,4.1002,27.56,240.95,114.2
32,13,6.0422,26.535,223.58,103.38
32,13,6.6476,27.123,235.71,112.52
32,13,4.9013,27.141,228.22,104.55
32,13,5.8452,26.118,213.9,100.99
32,13,5.8717,26.969,221.89,99.574
32,13,4.4635,26.733,220.51,103.19
32,13,5.1199,26.71,227.79,107.52
32,13,4.7833,25.77,209.11,96.842
32,13,4.5256,26.86,225.3,102.45
32,13,4.4562,26.207,220.73,105.56
32,13,6.513,26.043,214.36,98.84
32,13,5.7334,28.64,258.51,122.1
32,13,6.7192,26.578,222.73,103.86
32,13,5.175,26.722,229.93,109.76
32,13,5.7634,27.438,234.69,108.69
32,13,4.9982,26.066,217.08,104.14
32,13,4.7062,26.034,210.43,95.364
32,13,6.8619,26.909,237.26,114.65
32,13,6.1395,26.268,215.68,99.296
32,13,5.0268,26.593,222.85,104.13
32,13,5.0602,27.137,245.18,120.37
32,13,4.7753,27.108,237.59,113.64
32,13,4.7817,27.432,246.12,120.51
32,13,5.1635,26.726,225.48,106.2
32,13,9.9717,26.702,218.55,99.577
32,13,5.2359,26.658,222.47,101.92
32,13,6.1947,27.856,243.39,112.6
32,13,5.5223,27.454,236.8,109.33
32,13,6.2818,27.117,229.49,106.55
32,13,6.0782,26.624,223.76,101.14
32,13,6.958,26.088,218.78,104.54
32,13,4.9062,27.213,231.99,107.44
32,13,5.7653,27.891,249.08,117.79
32,13,4.9027,26.898,234.85,111.93
32,13,6.6208,25.684,208.73,97.603
32,13,5.6166,27.864,249.59,119.02
32,13,5.049,26.293,214.59,98.628
32,13,5.9864,27.473,239.14,113.31
32,13,6.8687,27.152,228.78,104.38
32,13,5.8443,28.483,245.31,109.92
32,13,6.4066,26.308,221.02,105.04
32,13,5.4055,26.153,208.33,92.392
32,13,4.4704,26.464,213.88,96.7
32,13,5.6107,27.058,227.49,105.9
32,13,5.7413,25.84,203.29,89.274
32,13,4.5022,26.22,220.4,104.74
32,13,4.9256,26.937,236.46,115.72
32,13,7.1791,27.219,230.81,106.42
32,13,7.3426,26.812,217.66,96.588
32,13,5.4226,26.929,232.82,109.36
32,13,5.5661,26.682,220.93,102.37
32,13,4.4866,26.729,224.56,104.02
32,13,4.4186,25.839,210.49,99.2
32,13,4.9369,26.722,221.87,100.93
32,13,5.2289,26.567,225.37,107.66
32,13,5.1569,26.17,219.94,104.14
32,13,5.619,27.864,245.18,116.74
32,13,5.6395,27.473,242.48,114.51
32,13,4.9546,27.649,244.19,115.07
32,13,4.4916,27.26,241.43,117.81
32,13,4.6736,25.461,201.68,91.67
32,13,4.5133,26.27,211.63,95.413
32,13,4.8256,26.929,226.84,104.34
32,13,6.321,27.442,236.55,113.29
32,13,6.8939,27.549,230.4,105.52
32,13,5.5758,27.087,228.92,104.74
32,13,6.5314,26.245,213.99,97.716
32,13,4.8725,28.116,248.01,116.71
32,13,4.6115,27.812,245.54,116.39
32,13,5.154,26.331,217.25,102.5
32,13,6.8618,27.456,229,103.81
32,13,6.7141,26.725,229.24,109.8
32,13,4.9581,26.729,221.88,101.31
32,13,5.269,26.309,216.41,99.939
32,13,7.079,26.862,216.26,95.673
32,13,4.9261,26.209,210.06,96.193
32,13,5.4831,26.437,226.74,109.38
32,13,5.6774,26.209,219.48,105.81
32,13,5.4479,26.655,219.48,101.15
32,13,4.9369,27.952,250.87,120.14
32,13,5.0513,27.141,235.15,109.98
32,13,7.118,27.194,234.87,111.1
32,13,5.5305,26.662,224.58,103.72
32,13,5.1754,27.134,227.03,104.25
32,13,4.5355,27.214,234.1,109.72
32,13,7.6681,27.342,233.76,110.32
32,13,5.4767,25.659,203.08,92.597
32,13,5.5426,26.613,227.83,109.11
32,13,5.9273,27.938,247.27,116.91
32,13,6.1655,25.974,215.66,103.2
32,13,4.8592,27.884,245.8,116.56
32,13,5.6418,25.418,214.48,105.31
32,13,5.5079,26.962,227.3,105.19
32,13,5.2499,25.973,214.09,101.46
32,13,5.3176,27.69,244.24,115.49
32,13,6.9966,26.526,218.13,99.565
32,13,7.5796,27.004,236.49,114.63
32,13,5.8027,27.077,234.45,110.93
32,13,5.7811,26.461,212.55,94.972
32,13,6.9218,27.532,238.16,110.65
32,13,5.6859,26.384,224.01,105.48
32,13,3.7091,26.379,215.08,99.646
32,13,4.2894,26.256,219.08,102.32
32,13,5.8169,26.477,230.69,112.41
32,13,6.342,27.593,223.25,97.517
32,13,5.5235,25.881,207.2,95.53
32,13,5.9343,26.914,226.62,105.51
32,13,6.2137,28.013,246.83,116.56
32,13,7.7778,26.337,217.25,101.67
32,13,6.3105,26.655,219.83,100.39
32,13,6.2563,27.611,235.83,106.61
32,13,5.1381,26.994,225.3,105.05
32,13,4.8431,25.852,208.06,94.188
32,13,4.4823,26.188,213.73,97.838
32,13,4.9321,25.405,209.76,99.151
32,13,4.6628,26.865,218.12,97.413
32,13,5.5988,26.998,232.62,110.92
32,13,5.4986,28.052,253.57,119.16
32,13,5.2998,27.153,238.49,112.45
32,13,4.4592,27.661,231.08,103.72
32,13,6.3036,27.287,232.07,106.71
32,13,4.8886,27.605,237.2,110.92
32,13,6.6204,28.719,258.23,119.42
32,13,6.1641,27.3,236.83,112.7
32,13,5.4863,26.85,229.38,108.17
32,13,5.7184,26.595,229.33,110.33
32,13,4.3686,27.443,238.98,110.5
32,13,5.6972,26.971,242.28,118.71
32,13,8.0266,26.677,218.85,99.9
32,13,5.1587,27.583,233.11,105.92
32,13,4.7552,26.915,220.72,98.694
32,13,4.7696,27.005,232.78,110.24
32,13,4.6354,25.881,210.2,97.217
32,13,7.1144,26.761,226.91,106.19
32,13,6.8768,26.341,220.82,104.6
32,13,5.4497,27.571,235.73,108.91
32,13,4.55,26.263,219.02,101.47
32,13,4.3745,27.313,234.91,111.11
32,13,5.5171,27.05,231.61,109.69
32,13,5.6278,28.487,254.76,121.36
32,13,5.5698,26.722,228.56,109.05
32,13,4.0402,27.59,239.36,113.62
32,13,5.6126,27.215,226.51,102.69
32,13,5.3994,26.126,203.33,88.464
32,13,5.8979,25.917,216.08,103.36
32,13,6.4362,26.814,222.57,102.7
32,13,4.4356,26.857,227.61,104.23
32,13,4.7517,26.656,229.93,111.54
32,13,5.067,27.089,241.92,118.28
32,13,4.3358,25.732,206.78,96.016
32,13,6.3732,26.394,216.62,101.27
32,13,6.7572,26.637,221.29,102.26
32,13,4.4181,27.154,234.29,111.74
32,13,5.8097,27.42,228.2,103.95
32,13,5.8382,26.649,226.41,108.29
32,13,6.3007,26.975,237.42,115.04
32,13,4.7955,26.961,230.31,106.89
32,13,6.884,26.509,213.41,97.742
32,13,6.8464,27.717,237.99,109.77
32,13,6.1885,27.322,234.9,109.91
32,13,5.2905,26.823,222.59,104.33
32,13,5.0684,28.346,253.81,118.48
32,13,5.1077,27.151,234.74,111.95
32,13,7.6374,26.106,224.42,109.66
32,13,5.2352,26.586,223.13,102.79
32,13,5.3346,27.114,224.74,101.8
32,13,6.4278,24.92,189.32,83.265
32,13,5.4145,25.408,211.23,102.43
32,13,5.1699,25.472,202.87,95.116
32,13,5.5976,28.051,245.54,113.81
32,13,5.9971,26.835,227.45,106.7
32,13,4.876,27.439,233.39,108.08
32,13,5.7966,27.389,227.63,104.13
32,13,5.6814,26.111,213.38,99.178
32,13,5.4553,26.548,212.35,95.611
32,13,7.0076,26.336,218.85,103.26
32,13,4.9843,27.706,240.74,111.85
32,13,4.5368,26.941,224.38,103.69
32,13,5.4348,26.91,226.62,102.87
32,13,6.1354,27.227,235.03,110.85
32,13,6.6016,26.296,224.94,108.96
32,13,5.381,26.287,216.84,99.077
32,13,5.8772,28.088,241.15,110.04
32,13,6.1455,26.612,228.83,108.95
32,13,4.6955,26.503,224.04,106.5
32,13,5.774,27.126,233.03,109.37
32,13,6.5048,26.39,213.82,95.476
32,13,5.8945,26.55,221.62,102.89
32,13,4.105,27.391,245.82,119.1
32,13,4.56,27.529,231.1,103.87
32,13,5.6586,26.822,231.52,108.72
32,13,8.3293,27.344,242.47,114.63
32,13,7.1806,27.002,220.5,100.27
32,13,5.2675,27.043,228.47,105.18
32,13,4.726,27.453,232.83,106.96
32,13,5.0413,26.409,226.64,109.85
32,13,6.4659,26.316,211.92,96.528
32,13,6.2088,28.254,254.27,121.21
32,13,5.7057,26.95,230.74,108.36
32,13,4.8123,26.897,225.83,102.35
32,13,5.8468,26.698,222.71,103.63
32,13,5.8236,26.807,218.03,99.797
32,13,5.3841,27.369,232.08,106.71
32,13,4.9274,28.259,256.01,122.12
32,13,4.7254,25.54,209.13,100.82
32,13,5.4104,28.223,252.63,118.74
32,13,4.814,25.534,207.18,97.468
32,13,7.9002,26.729,231.74,109.15
32,13,6.5683,26.001,216.18,102.02
32,13,5.0358,26.643,231.29,110.88
32,13,7.0078,26.625,213.74,95.826
32,13,5.8121,26.719,220.85,103.52
32,13,4.8094,27.78,243.73,114.57
32,13,6.5909,27.258,241.08,117.07
32,13,5.3999,26.296,217.18,101.16
32,13,4.888,26.638,224.96,105.3
32,13,5.046,27.253,233.17,109.72
32,13,5.8756,27.109,227.68,105.12
32,13,4.8421,26.611,219.21,100.68
32,13,5.9933,26.502,222.55,103.97
32,13,4.9193,27.206,240.9,116.09
32,13,6.5783,27.541,236.73,110.24
32,13,5.4488,26.262,227.1,110.08
32,13,4.5856,27.377,238.05,112.83
32,13,4.5798,26.938,229.48,106.37
32,13,4.6812,26.902,229.6,106.21
32,13,5.9895,26.991,223.18,100.9
32,13,5.1127,26.256,220.2,104.28
32,13,4.886,27.334,228.06,103.52
32,13,4.5106,26.124,213.66,99.026
32,13,4.6077,25.818,202.59,91.048
32,13,5.4245,25.789,207.06,95.204
32,13,4.7744,26.711,235.81,114.3
32,13,7.5774,26.539,226.65,107.77
32,13,3.7631,26.961,220.05,97.591
32,13,6.3094,26.311,214.33,97.517
32,13,5.1279,25.659,206.27,96.83
32,13,5.7758,27.024,234.28,110.32
32,13,4.5084,27.029,231.09,108.72
32,13,5.0819,27.256,236.05,111.03
32,13,6.3519,27.428,244.18,116.43
32,13,7.0495,26.422,220.21,102.5
32,13,6.7707,25.711,205.71,93.516
32,13,5.5328,27.078,235.29,112.68
32,13,4.6433,26.44,221.28,104.7
32,13,5.3388,27.506,245.98,116.83
32,13,4.7022,26.96,220.81,99.552
32,13,7.6657,28.527,251.79,116.13
32,13,5.7177,27.335,233.35,107.11
32,13,5.9786,26.236,218.95,102.7
32,13,4.901,26.364,208.29,92.622
32,13,4.8959,25.893,213.55,100.01
32,13,4.7592,25.786,214.79,101.99
32,13,5.6492,27.368,242.2,115.92
32,13,5.0743,26.574,224.75,105.86
32,13,5.5212,27.446,241.47,114.02
32,13,6.1076,26.367,214.07,97.343
32,13,5.7496,27.939,256.2,125
32,13,5.2393,25.877,212.33,99.964
32,13,4.974,27.315,245.55,120.3
32,13,6.6523,26.727,226.22,105.32
32,13,6.5631,26.619,222.77,102.82
32,13,5.6121,27.48,235.77,109.34
32,13,5.8806,27.07,225.32,104.48
32,13,4.5251,26.967,229.57,107.8
32,13,5.2337,26.268,212.77,96.424
32,13,5.587,26.692,225.31,104.68
32,13,6.1019,26.632,226.69,108.39
32,13,4.8362,26.483,225.71,106.75
32,13,5.3347,27.288,236.85,113.18
32,13,5.0881,27.389,237.65,112.34
32,13,5.7856,26.433,220.04,102.75
32,13,4.162,27.744,244.78,116.21
32,13,6.7005,26.491,216.78,100.08
32,13,4.5999,26.009,216.83,102.63
32,13,5.6279,27.354,229.67,105.62
32,13,4.709,26.507,225.11,107.51
32,13,5.8112,27.24,224.55,100.87
32,13,6.085,28.088,256.11,122.13
32,13,4.5291,25.316,195.11,89.421
32,13,5.8997,26.299,219.1,102.7
32,13,4.9013,27.145,231.44,108.47
32,13,9.1011,26.768,218.79,98.556
32,13,4.7129,26.599,216.93,98.935
32,13,4.7745,26.848,231.31,109.94
32,13,12.114,26.581,219.2,101.43
32,13,4.1677,27.38,238.96,112.82
32,13,6.1846,25.433,200.04,91.923
32,13,5.1106,25.884,214.35,101.11
32,13,5.3551,26.078,220.62,106.66
32,13,6.9268,26.617,232.54,113.5
32,13,6.2481,26.289,221.18,105.4
32,13,6.491,25.427,207.02,97.442
32,13,5.0367,26.923,226.1,104.15
32,13,4.9946,27.189,233.88,108.37
32,13,5.1411,26.923,225.48,106
32,13,6.4673,26.277,215.58,100.2
32,13,6.9673,27.33,237.77,110.87
32,13,6.1472,25.785,205.6,95.961
32,13,5.8428,27.005,224.22,102.16
32,13,4.9509,26.906,224.21,103.14
32,13,4.1121,26.127,218.16,104.54
32,13,6.5298,26.873,230.18,108.5
32,13,6.5341,25.663,202.59,91.552
32,13,5.0934,26.331,216.22,99.146
32,13,6.0833,26.032,208.43,93.925
32,13,5.3339,26.549,220.85,103.68
32,13,5.0506,27.634,236.75,110.15
32,13,5.6787,26.237,214.92,99.13
32,13,5.2152,26.835,231.02,110.82
32,13,6.7407,27.584,243.55,116.21
32,13,5.2521,26.771,230.33,109.23
32,13,4.8042,26.153,218.87,104.17
32,13,4.5976,26.331,219.36,101.85
32,13,5.5912,27.343,232.71,107.86
32,13,5.9259,26.263,214.54,99.184
32,13,6.6049,26.836,232.1,113.09
32,13,7.1736,27.381,237.48,113.11
32,13,4.9156,27.268,231.94,106.65
32,13,5.5686,26.717,225.34,106.79
32,13,6.3517,27.142,233.82,109
32,13,4.9107,27.605,242.89,113.26
32,13,6.9839,28.348,256.76,122.65
32,13,6.1942,26.397,219.35,103.74
32,13,4.4006,28.048,241.33,111.3
32,13,5.3944,27.103,228.32,105.48
32,13,5.7668,27.522,232.91,106.64
32,13,5.7054,26.312,217.01,100.97
32,13,5.9557,27.33,239.35,113.36
32,13,5.463,27.16,225.22,102.15
32,13,6.0009,26.207,216.05,99.18
32,13,4.5975,27.378,245.12,119.27
32,13,6.2793,26.923,225.28,105.14
32,13,7.1242,26.976,226.12,103.72
32,13,4.7316,28.478,257.29,121.55
32,13,5.2629,28.172,250.58,117.66
32,13,5.7731,26,221.83,109.81
32,13,6.4509,26.81,229.59,110.57
32,13,5.442,27.897,241.94,110.83
32,13,5.6303,26.102,210.02,94.355
32,13,4.9989,27.403,236.23,110.36
32,13,5.5817,27.197,229.97,106.52
32,13,4.1874,27.08,223.5,101.75
32,13,5.8346,28.28,259.86,127.07
32,13,5.1756,28.825,262,125.12
32,13,6.2311,25.466,198.51,90.077
32,13,5.792,26.195,215.83,99.934
32,13,5.0107,26.658,226.45,107.23
32,13,6.4905,27.014,227.05,105.46
32,13,5.2833,25.974,211.51,98.587
32,13,5.3959,27.535,231.47,102.25
32,13,5.8621,26.88,231.39,109.81
32,13,5.3099,26.9,221.48,98.157
32,13,6.4135,26.653,214,96.53
32,13,5.2628,26.644,226.94,107.24
32,13,4.9658,25.992,214.13,100.36
32,13,5.7138,27.407,237.51,112.59
32,13,5.2233,27.904,248.45,118.2
32,13,5.4299,26.175,214.72,99.743
32,13,6.7824,26.508,214.67,98.489
32,13,5.0385,27.081,231.53,109.33
32,13,7.9568,25.592,205.39,96.213
32,13,7.0272,28.681,266.78,128.48
32,13,5.1854,25.583,207.63,97.518
32,13,5.9313,27.542,238.2,111.94
32,13,5.6829,27.05,231.44,110.5
32,13,4.4848,26.541,231.5,112.52
32,13,6.2515,25.581,202.57,94.346
32,13,4.7098,26.903,226.6,104.71
32,13,5.5955,27.907,245.88,114.29
32,13,5.0123,26.678,217.35,95.781
32,13,5.1813,26.752,225.51,104.8
32,13,5.8977,25.489,204.31,94.852
32,13,5.8756,25.573,199.61,87.088
32,13,5.0333,26.754,215.8,95.291
32,13,5.2206,25.606,208.25,99.628
32,13,4.3362,26.502,214.78,96.755
32,13,4.5438,27.087,236.31,112.6
32,13,7.6571,26.157,214.75,100.77
32,13,4.88,27.878,237.54,108.39
32,13,4.7454,26.528,228.22,109.71
32,13,6.1953,25.499,205.54,95.463
32,13,4.8891,26.341,221.77,104.08
32,13,4.2139,26.626,229.38,109.88
32,13,6.7215,25.843,219.21,106.28
32,13,4.524,25.968,213.61,99.492
32,13,5.8098,26.616,216.84,100.36
32,13,5.2934,27.965,244.87,115.22
32,13,4.7005,27.079,226.53,103.45
32,13,5.3918,26.709,218.02,99
32,13,4.8322,26.011,210.61,97.176
32,13,6.3507,26.583,220.88,102.23
32,13,5.745,27.164,236.28,111.44
32,13,5.5642,26.989,224.95,103.88
32,13,5.2704,26.199,219.22,103.14
32,13,4.208,27.684,239.02,109.39
32,13,6.5348,27.862,242.45,112.71
32,13,4.7046,26.506,215.4,100.34
32,13,6.4895,26.718,227.15,107.83
32,13,5.1693,26.214,214.54,99.112
32,13,4.8363,26.31,223.81,107
32,13,5.1769,26.228,220.77,106.14
32,13,4.9057,27.494,225.67,100.85
32,13,4.5789,25.844,215.54,102.17
32,13,6.3742,26.335,218.04,101.11
32,13,5.2804,26.584,221.49,105
32,13,5.8328,26.37,221.92,106.56
32,13,5.5074,27.198,226.64,102.32
32,13,6.5903,26.668,218.68,100.56
32,13,4.7696,28.03,248.37,116.22
32,13,4.5326,26.68,221.5,102.49
32,13,6.7235,27.457,240.26,114.45
32,13,5.7269,27.759,241.06,113.2
32,13,4.5864,25.673,205.8,95.704
32,13,5.9339,27.925,240.35,109.66
32,13,4.9332,26.918,235.41,112.18
32,13,6.0882,26.757,221.66,101.44
32,13,5.7281,27.085,229.37,105.85
32,13,5.0817,26.758,223.87,104.16
32,13,5.6418,27.542,231.75,105.26
32,13,5.5644,26.106,209.79,95.423
32,13,6.3183,26.774,222.77,102.8
32,13,5.2595,26.794,229.98,109.13
32,13,6.5147,27.053,235.15,112.92
32,13,7.317,27.281,227.06,104.87
32,13,5.7775,27.33,242.32,117.39
32,13,4.7538,27.496,236.85,108.74
32,13,5.8474,25.917,209.49,95.914
32,13,6.3869,26.469,213.73,96.528
32,13,7.2504,26.996,231.27,110.59
32,13,4.4234,25.805,211.38,98.749
32,13,5.2729,25.346,194.26,86.606
32,13,4.3187,26.54,226.86,109.03
32,13,5.3001,26.262,210.8,96.688
32,13,6.0818,25.824,210.02,99.34
32,13,5.3507,26.361,224.84,107.4
32,13,5.5445,26.432,213.95,96.803
32,13,4.4515,26.01,206.52,91.055
32,13,4.3472,26.552,219.44,101.52
32,13,6.2704,27.483,235.97,107.76
32,13,8.0315,27.01,236.2,114.01
32,13,5.0943,26.493,224.54,105.72
32,13,6.4929,26.301,219.4,103.17
32,13,6.1708,27.054,232.49,108.6
32,13,5.5268,26.496,216.92,99.039
32,13,6.5741,27.224,237.98,114.18
32,13,5.7437,26.773,221.2,101.95
32,13,6.3312,27.495,241.74,115.15
32,13,5.4443,26.575,221.32,103.07
32,13,5.9032,26.83,225.68,105.72
32,13,4.9858,26.641,223.94,104.43
32,13,5.7072,26.75,226.71,106.93
32,13,4.6532,26.24,215.41,100.67
32,13,5.2215,26.799,229.48,109.16
32,13,5.4945,26.408,219.39,101.51
32,13,6.2614,26.461,229.08,110.61
32,13,6.4679,27.144,228.01,106.1
32,13,5.4312,26.603,225.83,106.04
32,13,6.9045,26.76,223.64,103.54
32,13,8.335,26.303,221.73,105.63
32,13,6.2056,26.491,215.58,97.101
32,13,5.881,26.404,216.84,99.86
32,13,5.2981,26.254,219.95,104.01
32,13,6.2692,27.46,238.55,111.61
32,13,6.1118,26.295,222.56,106.5
32,13,4.9892,27.546,238.04,110.48
32,13,6.3335,25.535,204.66,95.476
32,13,5.4958,26.274,211.35,97.354
32,13,5.3945,26.491,219.13,100.63
32,13,5.6521,26.962,233.37,110.94
32,13,5.6368,27.803,237.06,108.12
32,13,4.3399,26.352,217.51,100.48
32,13,5.0284,27.612,245.67,119.4
32,13,6.747,27.136,230.94,105.88
32,13,5.6489,26.591,220.7,101.85
32,13,6.4285,26.494,218.87,102.47
32,13,5.6615,26.515,225.66,107.61
32,13,5.5089,26.941,237.86,114.79
32,13,4.7293,27.094,227.55,104.22
32,13,5.3428,26.321,211.97,95.725
32,13,6.4912,26.225,217.47,102.21
32,13,5.0797,26.427,217.52,99.996
32,13,5.6961,26.455,217.71,100.1
32,13,5.7332,27.678,244.51,115.64
32,13,5.1131,26.727,226.37,106.94
32,13,8.5572,26.816,237.65,116.52
32,13,4.8036,27.1,223.08,101.35
32,13,5.4422,26.492,229.02,110.58
32,13,4.803,27.648,246.99,117.66
32,13,5.8632,26.909,229.84,107.61
32,13,5.4822,27.106,239.11,115.93
32,13,6.2312,27.346,234.81,110.57
32,13,4.8938,26.233,223.2,108.01
32,13,5.0434,27.111,228.16,106.98
32,13,6.1736,25.798,209.48,97.4
32,13,5.4703,26.635,226.53,107.74
32,13,5.1828,27.49,239.96,110.13
32,13,4.8839,26.435,215.07,97.534
32,13,4.97,26.692,229.72,107.44
32,13,4.8873,27.115,229.98,106.07
32,13,5.2191,26.708,228.68,109.43
32,13,6.1504,26.124,214.01,99.419
32,13,5.0448,25.918,210.1,98.782
32,13,4.9935,26.86,220.06,99.135
32,13,6.3777,27.08,231.48,109.26
32,13,4.7628,27.134,225.9,104.46
32,13,4.672,26.131,215.85,101.17
32,13,9.2549,26.391,217.32,100.83
32,13,4.741,26.123,217.81,103.61
32,13,5.1592,26.64,216.77,98.121
32,13,4.2762,26.778,223.39,103.53
32,13,5.2543,26.305,216.53,101.72
32,13,5.1702,26.132,213.05,98.113
32,13,6.6303,26.773,226.08,105.89
32,13,5.066,27.208,233.25,108.39
32,13,5.7847,26.849,228.79,106.87
32,13,5.7358,26.59,217.33,99.971
32,13,5.3733,27.612,240.82,114.75
32,13,5.7564,26.995,228.15,106.19
32,13,5.5827,26.186,215.54,99.413
32,13,6.4656,27.022,225.28,103.03
32,13,6.2701,27.428,239.57,114.26
32,13,5.2604,27.656,244.17,113.62
32,13,5.8842,27.775,238.41,111.32
32,13,4.7949,26.669,227.35,107.86
32,13,6.6386,26.614,225.84,104.32
32,13,5.5944,25.582,204.82,93.835
32,13,4.3068,25.881,219.97,107.16
32,13,4.692,26.64,222.35,102.1
32,13,5.2275,26.712,217.15,98.826
32,13,5.0144,27.764,253.91,124.95
32,13,4.2652,26.637,227.87,108.08
32,13,4.1783,27.295,240.17,115.3
32,13,5.4607,26.654,221.64,101.83
32,13,9.8537,27.789,235.35,104.76
32,13,5.7925,27.017,232.97,111.85
32,13,6.2668,26.996,227.86,105.72
32,13,5.1744,27.592,249.21,119.1
32,13,6.0207,27.185,226.71,104.78
32,13,5.244,26.432,216.77,98.269
32,13,5.1203,26.198,215.78,101.64
32,13,6.2445,26.602,225.98,106.92
32,13,7.4415,26.617,216.79,99.353
32,13,5.0158,26.728,231.44,110.67
32,13,7.3368,26.429,215.46,98.155
32,13,4.4625,26.854,230.18,109.07
32,13,4.993,27.29,227.17,103.68
32,13,6.209,27.33,230.05,106.09
32,13,5.3488,25.999,205.99,92.762
32,13,6.3086,26.69,220.16,102.76
32,13,5.9696,26.566,219.25,101.91
32,13,5.7326,26.925,235.01,114.26
32,13,5.3494,26.411,221.14,104.44
32,13,6.9322,26.773,219.9,99.259
32,13,5.6253,26.938,227.19,105.14
32,13,5.8675,27.82,241.58,111.76
32,13,5.9133,26.554,219.56,100.38
32,13,4.7102,26.515,222.1,103.76
32,13,8.1179,27.056,231.08,108.31
32,13,6.5689,27.068,230.12,107.34
32,13,5.017,26.09,207.01,93.373
32,13,4.1391,26.923,233.92,112.24
32,13,4.8643,25.918,214.33,101.78
32,13,5.257,26.62,221.43,103.21
32,13,5.2657,26.795,228.05,105.35
32,13,4.7471,26.766,228.61,107.29
32,13,5.5617,27.084,225.84,102.61
32,13,4.5668,25.988,217.36,102.94
32,13,5.9809,26.251,215.82,100.31
32,13,4.6069,26.247,217.63,100.62
32,13,5.8846,27.815,241.06,114.41
32,13,9.2366,27.413,235,107.14
32,13,4.1279,28.328,250.81,116.05
32,13,6.2361,27.104,224.63,101.86
32,13,5.8147,26.629,226.34,106.17
32,13,5.2643,27.131,237.42,113.23
32,13,5.4411,27.083,230.13,106.77
32,13,4.3521,27.402,230.3,105.51
32,13,4.6133,27.246,243.82,119.53
32,13,8.4435,25.632,207.53,97.285
32,13,6.9809,27.02,216.04,93.786
32,13,6.4098,27.147,232.32,108.02
32,13,6.3665,26.779,227.47,107.46
32,13,4.9864,27.487,227.92,101.87
32,13,3.9522,27.224,226.11,102.89
32,13,5.9757,27.483,234.66,108.89
32,13,4.4183,26.184,212.9,98.116
32,13,5.3979,26.252,216.33,100.48
32,13,3.9889,26.417,224.28,107.37
32,13,6.7442,26.331,220.82,104.49
32,13,5.939,27.212,227.22,103.05
32,13,5.7003,27.02,225.31,102.48
32,13,5.4289,28.652,267.15,130.72
32,13,4.6793,27.135,237.62,111.33
32,13,4.779,26.581,229.73,109.13
32,13,6.5755,28.14,247.37,114.23
32,13,4.8249,26.483,223.42,104.68
32,13,6.1548,26.349,215.23,98.541
32,13,7.1478,26.543,220.82,103.66
32,13,5.427,27.585,233.94,105.63
32,13,6.9439,26.958,228.46,107.97
32,13,5.1075,27.226,237.54,110.37
32,13,4.7396,27.307,240.46,114.74
32,13,5.0888,26.497,219.27,102.83
32,13,7.548,26.013,204.47,90.115
32,13,6.0512,26.625,218.81,99.128
32,13,5.022,27.234,236.82,111.64
32,13,5.8877,26.721,222.31,102.65
32,13,4.2957,26.71,224.47,102.54
32,13,7.501,26.817,215.26,94.164
32,13,5.5133,26.621,223.2,105.72
32,13,6.5654,27.192,228.83,104.17
32,13,6.0329,26.26,223.24,107.53
32,13,7.7714,27.112,236.26,113.15
32,13,4.8312,27.502,244.66,116.88
32,13,4.6174,25.256,203.28,96.099
32,13,6.3417,27.362,243.69,117.68
32,13,5.5996,26.977,223.36,103.14
32,13,5.7365,26.671,219.8,101.06
32,13,5.4783,27.275,242.19,115.43
32,13,4.8538,25.367,203.68,96.815
32,13,4.1656,27.085,230.51,106.86
32,13,9.1931,26.835,221.88,103.26
32,13,5.8204,26.719,228.64,107.18
32,13,7.0139,27.033,229.2,105.83
32,13,8.0925,27.878,249.15,120.48
32,13,4.7831,26.875,229.93,110.03
32,13,5.156,27.064,224.46,101.91
32,13,5.8892,26.687,229.1,107.47
32,13,5.4157,26.813,229.54,109.81
32,13,5.4723,26.904,230.92,107.79
32,13,5.0183,26.696,220.96,101.58
32,13,5.2825,27.827,259,127.21
32,13,5.2608,27.194,232.44,110.13
32,13,4.4682,26.232,212.55,98.041
32,13,5.0513,27.121,232.7,109.92
32,13,4.9319,25.837,212.47,99.464
32,13,5.4346,27.352,238.2,113.24
32,13,6.3595,27.017,224.26,101.95
32,13,6.1808,27.345,239.76,114.37
32,13,4.2657,27.209,236.65,114.03
32,13,7.2376,26.021,206.46,92.402
32,13,5.6093,27.82,245.44,114.55
32,13,4.2934,25.078,197.9,92.12
32,13,6.2144,26.163,213.56,98.385
32,13,4.7921,27.392,241.96,112.77
32,13,6.9049,26.841,229.76,109.01
32,13,6.4779,27.027,231.31,107.4
32,13,5.1547,26.77,225.62,107.42
32,13,5.6413,26.47,218.84,99.721
32,13,5.6025,26.404,211.18,94.94
32,13,8.0042,26.258,218.7,103.39
32,13,4.7792,26.364,217.2,98.843
32,13,4.8144,25.916,210.15,97.368
32,13,4.9784,26.207,208.17,92.832
32,13,5.3924,25.944,217.24,103.72
32,13,5.7453,26.693,219.62,101.24
32,13,5.0975,27.4,241.23,113.57
32,13,4.4278,27.333,240.36,113.32
32,13,5.1225,27.216,223.72,100.81
32,13,4.5896,26.782,228.46,106.97
32,13,6.3684,25.988,207.2,93.486
32,13,5.6971,25.987,210.27,96.768
32,13,4.5055,27.556,236.18,108.63
32,13,4.9747,26.634,221.26,100.11
32,13,4.8522,26.79,224.53,103.54
32,13,4.7331,27.632,244.77,116.84
32,13,5.2158,26.28,209.23,93.72
32,13,4.0897,26.768,222.93,103.62
32,13,6.3058,26.803,226.28,106.49
32,13,5.2538,27.407,234.22,108.73
32,13,5.253,26.997,227.97,107.32
32,13,5.5491,26.486,213.31,95.987
32,13,5.4635,26.56,215.6,98.202
32,13,5.1969,27.552,236.88,111.38
32,13,5.7083,26.381,211.99,96.074
32,13,6.0966,26.61,221.82,102.91
32,13,5.9045,27.485,240.71,114.72
32,13,4.5183,28.206,255.25,120.77
32,13,4.1566,26.352,222.1,104.29
32,13,4.8315,26.777,221.45,102.05
32,13,5.1105,26.356,214.93,97.759
32,13,5.7133,27.535,238.48,112.88
32,13,5.3853,26.678,221.96,103.23
32,13,4.5132,25.406,203.11,95.105
32,13,4.119,26.901,221.57,97.984
32,13,5.4023,26.39,217.47,99.946
32,13,6.2328,28.923,258.93,119
32,13,5.3142,26.283,218.81,103.34
32,13,5.4788,26.094,206.53,92.7
32,13,5.8745,26.305,219.36,102.75
32,13,5.227,27.398,237.62,111.98
32,13,8.4695,27.41,229.46,105.81
32,13,5.2714,27.334,238.02,111.7
32,13,5.73,26.083,212.97,99.482
32,13,5.3033,26.703,229.29,110.07
32,13,4.836,27.093,237.87,112.79
32,13,5.6951,26.899,223.49,104.16
32,14,5.2405,27.928,247.1,117.19
32,14,6.3192,26.578,220.55,102.08
32,14,4.8369,26.472,226.47,107.06
32,14,5.3882,26.771,228.64,108.72
32,14,6.251,26.957,219.28,98.832
32,14,5.7157,28.006,246.18,114.22
32,14,5.1695,27.34,233.12,107.64
32,14,7.4531,27.944,244.28,112.53
32,14,6.645,27.032,235.28,111.89
32,14,5.9819,26.928,228.03,104.96
32,14,6.0321,25.436,199.6,91.359
32,14,5.6044,26.745,225.81,105.49
32,14,6.1217,28.144,263.73,130.44
32,14,6.966,27.777,242.58,113.32
32,14,5.8165,27.172,233.26,110
32,14,4.7967,26.981,238.39,115.39
32,14,5.2335,26.399,216.19,99.287
32,14,6.5187,27.455,237.47,111.64
32,14,4.573,26.827,231.69,112.63
32,14,7.9864,27.256,233.75,111.65
32,14,6.0675,28.837,263.08,123.85
32,14,5.0916,27.221,237.49,113.24
32,14,6.2268,28.121,254.08,120.81
32,14,6.4659,26.808,231.51,110.46
32,14,5.2821,27.639,241.43,114.75
32,14,5.9126,27.767,238.84,108.89
32,14,4.3904,26.121,223.32,108.99
32,14,6.2626,26.883,238.26,117.33
32,14,7.1926,26.903,234.23,110.84
32,14,5.8434,28.04,255.53,123.61
32,14,4.8494,27.922,241.77,113.47
32,14,5.1818,27.164,238.9,115.67
32,14,7.2001,26.897,232.67,110.58
32,14,6.1019,27.433,239.52,113.37
32,14,4.5924,26.629,221.32,102.75
32,14,6.2597,28.443,255.37,118.91
32,14,5.3357,27.906,252.54,121.18
32,14,6.0442,27.525,244.25,117.46
32,14,5.7346,27.498,245.51,118.63
32,14,4.7742,27.621,248.02,120.45
32,14,5.2194,27.097,239.36,114.98
32,14,6.7263,27.421,238.31,111.33
32,14,5.8229,27.133,236.77,111.08
32,14,4.8849,27.761,246.14,115.95
32,14,6.1362,27.193,220.44,93.603
32,14,5.4859,26.839,227.9,106.49
32,14,4.937,28.257,262.61,127.27
32,14,5.4708,27.59,241.9,113.43
32,14,5.5869,26.609,220.55,102.97
32,14,5.7285,26.796,224.53,103.28
32,14,5.7581,27.432,243.87,118.07
32,14,5.0982,26.717,220.65,101.91
32,14,7.0916,26.47,223.41,104.41
32,14,4.7557,27.135,234.29,113.07
32,14,5.3884,27.406,234.28,108.16
32,14,4.5681,26.736,222.54,102.19
32,14,7.0202,28.378,258.43,123.99
32,14,4.2833,27.592,243.7,115.73
32,14,6.0081,28.667,261.54,122.06
32,14,5.8951,27.01,230.44,106.63
32,14,5.1121,28.601,262.18,123.46
32,14,7.3697,27.618,245.86,115.02
32,14,5.1378,27.797,242.3,112.92
32,14,5.8829,27.69,247.95,117.46
32,14,4.4124,27.919,245.57,113.87
32,14,6.8117,28.472,251.02,115.71
32,14,6.1204,27.213,230.97,105.26
32,14,5.1626,26.61,227.73,106.85
32,14,8.8852,27.083,238.85,116.04
32,14,5.6953,28.051,254.71,122.97
32,14,4.6841,28.168,257.9,123.73
32,14,9.2377,27.722,243.34,116.8
32,14,4.7376,27.005,235.16,111.55
32,14,6.0122,28.064,247.67,115.57
32,14,5.2097,25.965,205.59,93.777
32,14,5.2269,27.427,230.84,105.06
32,14,6.3715,27.909,247.83,117.09
32,14,5.9565,27.591,245.79,119.12
32,14,7.944,27.011,233.79,110.48
32,14,4.8025,27.148,228.72,103.94
32,14,5.6686,26.57,225.56,105.68
32,14,5.7633,26.92,228.16,107.41
32,14,7.2394,28.166,248.71,117.88
32,14,5.1079,27.407,239.78,111.38
32,14,7.542,27.441,243.03,115.69
32,14,5.0638,27.958,259.55,126.96
32,14,6.3614,27.49,246.98,118.88
32,14,4.9931,27.972,255.01,123
32,14,5.0801,26.04,221.19,105.73
32,14,4.6971,26.962,222.68,100.36
32,14,4.6845,27.3,237.76,112.23
32,14,4.8641,27.139,235.82,113.04
32,14,6.7022,27.234,237.82,113.98
32,14,5.2827,26.333,216.81,99.996
32,14,5.6582,27.292,237.94,112.93
32,14,5.8375,28.742,264.12,126.25
32,14,6.2597,26.884,229.97,108.22
32,14,6.3817,27.394,241.96,113.89
32,14,7.8914,27.873,241.63,113.88
32,14,5.332,27.547,232.29,106.48
32,14,6.555,27.127,231.89,109.11
32,14,5.0798,27.485,240.27,112.3
32,14,5.232,27.3,241.81,115.57
32,14,5.8776,28.306,259.53,122.33
32,14,5.0792,26.919,232.82,111.36
32,14,5.4488,27.183,238.24,113.52
32,14,5.1916,25.779,209.34,97.434
32,14,5.4364,26.272,218.97,103.21
32,14,5.1421,27.155,236.74,112.43
32,14,5.8455,27.541,243.76,117.23
32,14,5.7461,27.001,231,108.46
32,14,5.4694,26.591,225.43,106.01
32,14,6.1158,27.25,238.8,113.34
32,14,5.2277,28.061,253.23,121.65
32,14,6.0575,27.583,252.6,123.26
32,14,5.0872,26.408,225.86,109.04
32,14,4.8827,27.964,241.32,111.95
32,14,6.6161,26.888,234.34,113.14
32,14,7.8977,28.356,254.75,119.78
32,14,5.5047,27.373,242.16,115.7
32,14,5.4703,28.197,264.51,129.47
32,14,5.2054,26.992,231.23,108.06
32,14,4.9039,26.962,224.62,102.94
32,14,5.7751,27.509,233.65,106.77
32,14,5.8808,27.48,235.8,109.69
32,14,5.8113,27.329,238.87,115.75
32,14,4.6808,27.37,245.71,118.06
32,14,6.8212,27.638,245.26,114.59
32,14,4.7933,28.436,258.73,121.76
32,14,4.4559,26.965,232.86,110.28
32,14,4.3653,26.099,218.71,103.55
32,14,6.1209,26.842,228.13,109.35
32,14,5.6002,27.37,244.58,119.06
32,14,7.7825,26.606,216.98,100.55
32,14,5.722,27.502,241.3,113.48
32,14,5.2284,27.073,239.98,117.21
32,14,5.3585,28.208,252.94,118.57
32,14,4.7358,27.664,244.1,115.23
32,14,4.6711,27.563,238.19,111.05
32,14,6.1998,28.153,249.04,115.63
32,14,4.4997,26.797,226.34,105.62
32,14,5.8542,27.331,242.48,115.53
32,14,6.8182,27.748,238.17,109.53
32,14,5.8064,26.994,228.91,107.77
32,14,4.6294,27.418,237.07,109.58
32,14,5.5036,27.015,225.92,103.17
32,14,5.5412,26.784,231.32,110.14
32,14,4.6085,26.969,237,114.34
32,14,4.6223,27.09,226.08,100.7
32,14,4.997,26.408,222.46,105.34
32,14,5.6831,28.206,244.05,110.9
32,14,6.0142,27.33,239.15,112.39
32,14,4.4495,26.9,227.22,104.85
32,14,5.8903,26.796,226.47,105.1
32,14,4.442,27.239,238.28,113.77
32,14,5.9386,27.697,245.75,117.6
32,14,4.2075,27.927,249.49,118.92
32,14,7.7079,27.001,231.44,108.27
32,14,4.6705,26.698,220.03,101.03
32,14,5.8269,27.98,249.18,118.83
32,14,5.4103,27.523,240,113.3
32,14,5.8669,26.375,224.23,106.68
32,14,5.2162,26.813,229.08,107.94
32,14,4.3167,27.862,245.92,113.85
32,14,4.8743,27.383,247.43,121.72
32,14,5.1386,27.5,247.1,118.25
32,14,6.787,26.18,212.02,96.937
32,14,5.6201,27.771,244.01,112.19
32,14,6.5425,25.531,199.37,89.306
32,14,5.9385,26.763,236.14,114.78
32,14,5.415,25.787,207.27,95.07
32,14,5.1341,27.471,240.05,114.91
32,14,5.6321,26.811,227.98,106.03
32,14,5.6895,26.441,228.87,110.21
32,14,6.1242,27.777,246.97,117.81
32,14,4.7989,27.671,241.56,112.82
32,14,5.6557,26.888,230.08,107.04
32,14,4.6448,27.365,242.17,114.27
32,14,5.1622,27.671,244.75,116.22
32,14,6.5862,25.748,215.81,102.54
32,14,5.1825,26.949,229.63,108.11
32,14,5.7433,27.079,236.18,113.69
32,14,6.148,26.861,228.51,107.27
32,14,5.7497,26.134,219.13,103.36
32,14,5.8635,27.643,242.33,113.28
32,14,4.4596,26.73,237.11,113.49
32,14,5.7623,27.944,247.08,116.38
32,14,5.6976,28.128,247.16,115.2
32,14,7.0851,27.561,224.17,99.979
32,14,5.0874,28.187,257.23,123.77
32,14,5.3475,28.656,253.57,114.22
32,14,5.6068,26.438,222.56,104.67
32,14,6.4954,27.394,239.92,115.62
32,14,5.2942,26.426,217.6,100.33
32,14,4.5131,26.527,225.32,104.62
32,14,4.2569,26.611,220.61,101.45
32,14,6.1974,26.02,216.96,103.89
32,14,5.0445,26.877,235.87,114.54
32,14,4.2483,25.954,219.1,106.06
32,14,5.9545,27.907,248.58,116.47
32,14,4.4168,26.084,223.03,106.47
32,14,4.6542,26.828,231.03,109.51
32,14,6.1524,27.299,238.47,113.41
32,14,4.9628,28.074,256.77,123.65
32,14,4.6275,26.625,220.5,99.409
32,14,4.7713,26.562,220.59,100.73
32,14,4.8836,26.76,227.3,108.05
32,14,4.7591,27.254,231.35,107.39
32,14,4.285,26.707,223.67,104.62
32,14,5.5304,26.331,224.68,107.05
32,14,5.4722,27.86,242.05,112.61
32,14,5.0448,27.703,245.88,116.77
32,14,4.4173,27.699,241.86,109.97
32,14,5.6305,27.021,233.57,112.08
32,14,5.4828,27.105,239.31,117.59
32,14,5.363,27.022,231.88,109.87
32,14,5.3683,27.747,247.04,117.85
32,14,5.0022,27.541,239.34,111.87
32,14,5.8431,27.728,248.32,118.11
32,14,7.3125,26.69,225.55,106.54
32,14,4.975,26.995,225.87,103.03
32,14,5.6015,27.121,233.29,109.52
32,14,4.6662,26.821,223.15,103.9
32,14,7.6827,27.766,259.43,128.19
32,14,5.1243,26.17,216.22,101.32
32,14,5.9417,26.679,226.27,108.08
32,14,4.6615,26.894,230.56,108.28
32,14,5.1508,27.851,242.96,114.48
32,14,6.5676,27.475,237.95,110.96
32,14,7.0984,26.837,225.03,104.24
32,14,7.4131,27.552,239.69,111.1
32,14,5.2265,27.486,246.48,119.9
32,14,6.8564,26.975,227.7,104.7
32,14,6.625,26.197,213.64,98.495
32,14,7.1845,27.149,242.85,119.59
32,14,6.4393,27.216,229.65,104.09
32,14,5.4089,27.555,237.19,110.69
32,14,4.2794,27.6,246.15,117.74
32,14,4.7706,26.636,226.35,107.42
32,14,5.3031,27.299,234.99,107.61
32,14,6.2607,28.27,252.73,120.47
32,14,3.8926,27.812,242.19,111.67
32,14,6.3776,26.946,231.95,109.94
32,14,5.8155,26.809,235.19,113.23
32,14,5.2148,25.764,209.36,97.066
32,14,5.7116,27.494,247.55,118.36
32,14,5.9456,27.818,235.76,105.56
32,14,5.4975,26.705,231.35,111.75
32,14,4.6228,26.962,231.06,108.24
32,14,6.3447,27.657,245.95,115.48
32,14,6.2338,26.612,225.02,106.43
32,14,4.7364,26.042,218.8,105.21
32,14,6.8831,27.129,231.58,107.55
32,14,6.5637,26.387,221.93,104.79
32,14,7.6832,27.343,240.39,115.18
32,14,6.0784,27.234,231.65,107.79
32,14,4.7377,27.886,243.11,113.84
32,14,4.886,26.404,219.75,100.93
32,14,5.8255,26.195,218.59,102.82
32,14,8.1504,28.052,250.09,118.13
32,14,4.6945,27.323,228.35,102.98
32,14,4.6633,26.172,218.14,102.43
32,14,6.0375,26.565,230.46,109.04
32,14,5.7397,27.564,241.29,114.89
32,14,6.6151,26.618,224.91,105.14
32,14,6.579,27.161,234.52,112.38
32,14,5.7703,27.049,234.53,112.94
32,14,6.0839,27.781,242.24,111.93
32,14,7.0156,27.121,238.62,113.5
32,14,6.8602,27.927,245.05,112.2
32,14,7.3665,27.586,243.62,116.55
32,14,6.7897,26.935,234.77,112.53
32,14,4.6409,26.317,216.35,100.14
32,14,5.6339,27.564,250.08,122.18
32,14,7.4298,27.709,237.03,106.34
32,14,4.8422,27.911,245.37,115.55
32,14,5.5486,26.553,218.72,98.795
32,14,6.5993,26.895,220.95,99.779
32,14,4.8908,27.143,232.45,107.14
32,14,5.5318,28.601,259.84,123.29
32,14,4.9486,26.9,232.17,110.39
32,14,5.1081,27.36,242.79,116.25
32,14,6.0621,26.174,217.39,102.09
32,14,4.7521,26.967,234.52,112.17
32,14,6.9222,27.049,232.93,109.22
32,14,7.0265,27.069,227.87,104.66
32,14,4.5808,27.043,236.05,111.67
32,14,6.3771,28.233,258.4,124.32
32,14,5.6975,27.006,235.3,111.17
32,14,4.3571,27.108,233.95,108.11
32,14,5.0893,27.727,245.31,115.44
32,14,5.4372,25.878,208.42,96.316
32,14,7.4468,27.334,247.08,121.77
32,14,5.7016,27.096,230.81,107.09
32,14,5.4781,27.291,226.96,103.48
32,14,4.8352,26.171,211.23,95.51
32,14,6.8551,27.724,244.63,114.58
32,14,5.8063,27.257,236.38,110.29
32,14,4.6321,27.302,236.01,111.18
32,14,3.8706,26.727,218.73,99.217
32,14,6.2163,26.769,228.97,110.27
32,14,4.7305,26.895,220.15,100.68
32,14,5.632,27.043,238.85,115.19
32,14,5.3171,27.539,243.73,115.22
32,14,6.1813,27.421,249.58,119.89
32,14,6.7631,27.644,239.79,112.66
32,14,6.5866,27.853,262.92,132.35
32,14,4.818,27.863,249.35,118.39
32,14,5.0894,26.96,229.54,108.66
32,14,4.6952,27.953,255.16,123.88
32,14,5.1936,27.843,249.98,118.01
32,14,8.6361,28.212,254.35,120.51
32,14,4.9468,25.359,211.25,102.2
32,14,5.566,27.454,240.56,114.87
32,14,4.561,27.124,230.39,105.87
32,14,5.8132,27.128,230.76,108.11
32,14,4.2582,27.408,234.62,107.58
32,14,4.9287,26.969,229.57,107.86
32,14,6.8261,26.632,215.12,97.181
32,14,6.911,26.827,223.02,103.13
32,14,4.8716,26.832,230.13,109.63
32,14,4.1232,27.748,247.07,115.86
32,14,4.6153,26.882,232.12,108.46
32,14,6.7155,27.393,232.27,105.65
32,14,5.9609,27.137,242.05,116
32,14,5.6102,25.947,205.21,91.271
32,14,7.4163,27.729,244.25,114.64
32,14,4.0905,27.415,235.54,110.28
32,14,4.9882,27.659,239.79,110.39
32,14,7.0856,27.041,235.88,113.28
32,14,5.4792,27.103,229.93,106.85
32,14,5.735,27.488,237.11,109.75
32,14,9.0074,26.848,227.29,107.39
32,14,4.9191,26.044,216.8,103.31
32,14,5.0075,27.769,245.15,116.38
32,14,5.5576,27.488,247.5,120.21
32,14,7.3216,26.769,226.67,106.02
32,14,5.506,27.531,258.11,129.07
32,14,5.8311,27.468,247.62,121.65
32,14,6.7821,26.969,230.96,108.06
32,14,5.4445,27.117,223.59,97.064
32,14,5.6782,27.194,236.51,111.19
32,14,5.8216,26.766,225.14,106.99
32,14,6.2758,26.977,237.84,115.8
32,14,5.4748,26.516,225.24,106.45
32,14,5.0583,26.906,227.06,104.39
32,14,4.2904,27.712,248.87,119.78
32,14,5.7161,26.643,226.74,108.26
32,14,5.2311,26.9,236.99,113.74
32,14,5.3184,28.916,278.99,138.04
32,14,6.4593,27.101,243.4,119.06
32,14,5.7065,27.192,242.66,118.78
32,14,9.6259,26.945,226.57,106.5
32,14,6.1776,27.742,246.25,117.04
32,14,5.2798,27.277,235.8,109.85
32,14,6.7524,27.617,235.31,108
32,14,6.2172,26.739,229.88,106.67
32,14,6.4027,27.313,232.91,107.86
32,14,5.8822,27.368,237.26,110.85
32,14,5.8533,28.62,261.29,122.5
32,14,5.9013,27.066,228.84,106.26
32,14,4.1629,26.789,232.22,111.46
32,14,4.9356,27.244,236.42,111.25
32,14,4.3657,27.793,246.94,115.54
32,14,4.5578,26.899,232.41,110.54
32,14,4.8337,26.394,224.1,106.82
32,14,5.3962,26.375,219.29,103.77
32,14,4.9185,26.909,235.12,111.93
32,14,5.0787,27.599,243.04,113.16
32,14,5.3405,27.384,239.71,114.42
32,14,5.4424,27.278,242.17,115.69
32,14,5.12,25.783,210.49,96.984
32,14,4.5993,27.739,248.12,118.32
32,14,5.4779,28.16,257.85,123.3
32,14,5.4647,27.247,232.18,110.01
32,14,5.697,26.627,216.06,93.051
32,14,6.0276,28.059,250.03,117.47
32,14,4.1586,26.375,218.81,102.63
32,14,5.6517,27.049,233.54,111.19
32,14,7.2046,26.689,219.56,100.25
32,14,6.6982,29.331,275.56,131.17
32,14,5.5037,26.704,227.64,108.86
32,14,6.3301,27.519,247.47,118.58
32,14,4.6976,27.445,236.66,110.76
32,14,6.8664,26.52,230.49,110.72
32,14,5.5446,27.184,242.05,117
32,14,5.059,26.425,218.27,100.29
32,14,5.7694,26.436,216.85,97.972
32,14,6.3351,26.83,226.16,106.02
32,14,5.4478,27.408,235.35,111.4
32,14,7.2868,27.405,244.61,119.04
32,14,6.058,26.977,219.12,98.338
32,14,5.2374,27.973,247.64,116.01
32,14,5.2824,26.481,230.66,112.18
32,14,4.7808,27.537,238.28,109.36
32,14,7.2837,27.161,227.44,103.96
32,14,7.0943,27.436,241.46,115
32,14,4.534,26.119,216.75,102.1
32,14,4.5371,26.86,226.92,106.62
32,14,7.0489,26.665,222.84,102.9
32,14,5.9325,27.337,237.82,113.2
32,14,5.7677,27.6,250.81,122.61
32,14,4.6781,26.153,211.79,96.954
32,14,4.3996,27.54,241.7,115.86
32,14,5.393,26.642,227.96,109.29
32,14,5.5472,27.118,239.44,116.98
32,14,5.4709,26.466,220.57,102.4
32,14,5.1621,27.291,238.32,113.71
32,14,4.4836,26.449,226.8,107.78
32,14,5.1163,26.724,219.33,100.23
32,14,5.8635,26.958,223.62,100.04
32,14,5.626,28.626,268.1,128.1
32,14,5.1869,27.318,241.46,115.18
32,14,5.6212,27.439,237.33,110.5
32,14,6.5284,26.904,229.08,107.92
32,14,5.163,27.223,240.39,114.7
32,14,4.8321,27.382,231.96,106.45
32,14,3.891,27.27,240.15,114.96
32,14,5.1753,28.287,255.14,121.35
32,14,5.2048,25.702,208.6,96.9
32,14,5.7434,27.185,238.47,114.41
32,14,5.8164,26.36,219.34,102.71
32,14,5.5365,27.621,244.32,115.5
32,14,6.6631,27.142,234.32,111.89
32,14,5.901,26.81,222.87,101.99
32,14,7.3257,26.379,214.41,98.266
32,14,7.0688,26.55,225.27,106.58
32,14,5.1888,28.025,251.05,118.88
32,14,5.785,26.013,220.24,107.17
32,14,4.5879,26.428,217,101.49
32,14,5.8624,26.733,223.43,103.52
32,14,6.5023,28.533,254.39,118.97
32,14,8.1742,26.697,226.44,106.62
32,14,5.738,27.097,231.75,109.17
32,14,5.6943,27.73,246.6,116.73
32,14,5.028,27.706,244.48,115.36
32,14,5.2831,26.816,223.17,100.65
32,14,4.5639,26.381,215.32,96.896
32,14,5.0739,27.481,232.1,106.44
32,14,5.2624,25.798,213.95,101.04
32,14,8.1872,27.079,228.77,106.2
32,14,7.3132,26.066,214.59,99.86
32,14,5.0748,26.333,219.94,101.28
32,14,6.8668,26.469,220.63,102.57
32,14,4.2828,27.597,235.2,107.06
32,14,5.3454,27.124,234.39,110.66
32,14,4.5484,27.076,237.18,114.49
32,14,4.348,27.545,241.3,113.24
32,14,5.1998,26.521,222.35,104.53
32,14,4.7979,27.275,226.8,101.49
32,14,4.9447,27.261,234.85,110.38
32,14,5.0005,26.875,238.66,117.49
32,14,4.2895,26.573,220.15,102.3
32,14,4.797,26.473,231.25,112.48
32,14,7.3219,27.866,235.25,104.19
32,14,5.3092,27.581,245.6,117.98
32,14,9.3028,26.577,220.56,103.02
32,14,5.3583,27.766,254.49,125.68
32,14,5.0507,28.182,255.07,119.37
32,14,4.9549,27.16,235.55,111.07
32,14,6.2116,28.254,254.6,122.12
32,14,5.2789,27.469,236.99,108.89
32,14,5.1795,27.483,242.93,115.23
32,14,5.5689,27.993,240.6,108.2
32,14,5.3328,27.601,247.01,118.29
32,14,5.3704,26.934,233.72,111.71
32,14,5.3306,27.016,232.44,108.58
32,14,4.5054,26.851,223.52,104.13
32,14,5.0862,27.433,235.21,108.79
32,14,6.6369,26.518,222.04,104.59
32,14,4.7322,26.413,228.57,111.56
32,14,6.9281,26.852,234.76,113.87
32,14,5.162,27.444,237.94,111.06
32,14,5.6911,27.931,254.28,124.52
32,14,5.222,26.885,230.28,108.74
32,14,4.8326,27.456,233.34,105.94
32,14,7.3667,26.409,229.13,110.42
32,14,6.2091,26.503,217.81,101.04
32,14,6.8644,26.955,236.62,114.53
32,14,4.7298,27.657,249.81,120.56
32,14,5.4039,27.475,241.19,113.8
32,14,5.3249,27.015,236.65,113.73
32,14,6.7352,26.347,221.68,103.49
32,14,5.5396,27.597,244.33,116.67
32,14,4.0876,26.473,228.75,110.51
32,14,6.0993,26.623,220.97,100.96
32,14,6.3929,27.97,250.8,119.21
32,14,7.4759,27.028,226.08,103.86
32,14,6.4597,27.5,234.41,109
32,14,6.7284,28.363,255.15,122.51
32,14,6.2258,26.469,225.62,107.66
32,14,6.064,26.748,229.72,109.44
32,14,5.1184,27.648,235.91,109.25
32,14,5.2663,27.107,228.54,104.49
32,14,6.2266,27.716,241.68,112.34
32,14,6.8052,26.854,233.38,111.35
32,14,4.1377,27.341,238.43,113.02
32,14,5.8484,27.666,238.52,111.29
32,14,6.1747,27.383,243.3,118.08
32,14,7.91,26.186,213.53,100.37
32,14,5.7996,27.481,243.01,115.09
32,14,4.5712,26.242,219.4,102.18
32,14,6.1121,27.445,232.98,106.1
32,14,5.7521,26.725,235.37,114.97
32,14,4.8703,27.471,242.48,116.71
32,14,7.743,27.603,237.2,109.32
32,14,5.2192,26.443,225.68,105.82
32,14,6.5014,27.685,242.73,112.22
32,14,4.9117,26.84,226.56,103.65
32,14,5.2302,28.35,245.57,110.2
32,14,6.8133,27.592,239.65,112.26
32,14,6.9012,27.899,237.52,107.74
32,14,5.666,27.319,235.36,112.29
32,14,5.5164,26.964,233.57,109.09
32,14,6.2249,26.943,231.5,108.81
32,14,6.59,27.427,241.5,115.32
32,14,5.1369,26.351,223.71,106.25
32,14,4.9112,27.447,244.02,118.17
32,14,4.6651,26.498,220.15,101.62
32,14,5.1536,26.917,220.8,101.78
32,14,4.7945,27.383,232.71,108.14
32,14,4.8487,26.961,227.89,106.99
32,14,6.3511,27.435,243.75,115.53
32,14,6.1772,27.207,239.87,115.52
32,14,4.8038,27.022,223.65,100.8
32,14,5.0565,27.686,245.91,117.94
32,14,6.4794,26.783,224.12,104.6
32,14,4.1073,27.417,240.62,115.35
32,14,9.3827,27.398,234.92,110.31
32,14,4.9466,27.157,233.66,108.23
32,14,4.6547,26.087,221.3,106.24
32,14,5.2928,27.501,246.36,118.07
32,14,5.7795,26.722,231.46,111.88
32,14,8.2278,27.281,243.57,117.27
32,14,5.8685,25.954,211.2,98.124
32,14,5.6753,27.041,230.39,107.66
32,14,6.2844,28.023,254.39,122.45
32,14,7.0535,26.931,230.27,107.78
32,14,5.5098,26.873,223.61,103.79
32,14,8.4764,27.034,235.95,112.03
32,14,6.6852,27.293,234.55,109.74
32,14,4.4914,27.613,240.73,112.54
32,14,4.8088,27.534,245.13,117.09
32,14,5.5851,26.775,228.29,106.64
32,14,5.7172,26.631,223.01,104.65
32,14,6.8813,27.62,238.86,111.93
32,14,6.4628,28.064,245.83,112.22
32,14,5.9451,27.374,240.08,115.56
32,14,5.0662,27.568,242.76,117.48
32,14,5.0317,27.259,237.77,112.59
32,14,5.1058,26.292,228.62,111.6
32,14,4.7756,27.064,232.87,111.03
32,14,5.1127,27.57,240.36,111.59
32,14,4.1025,26.441,221,102.59
32,14,6.0309,27.369,236.16,110.88
32,14,5.3054,27.789,243.15,114.67
32,14,5.5563,27.869,246.04,116.54
32,14,6.5993,27.063,232.8,109.03
32,14,7.0924,27.251,236.94,111.52
32,14,5.1155,27.222,243.54,118.32
32,14,6.0467,27.399,236.81,110.07
32,14,5.4853,26.152,211.94,95.185
32,14,6.388,26.043,216.59,102.38
32,14,6.7421,27.329,241.52,115.45
32,14,6.7969,27.461,239.09,110.85
32,14,5.0787,26.67,227.39,109.58
32,14,5.4871,27.741,245.24,117.07
32,14,8.9151,27.071,232.08,109.76
32,14,4.7686,27.387,235.49,109.52
32,14,7.1308,26.483,229.97,112.05
32,14,5.5637,27.223,237.16,112.4
32,14,8.3375,27.292,241.3,115.68
32,14,5.9297,28.834,267.81,128.49
32,14,5.6737,27.827,246.8,116.18
32,14,8.1976,27.27,231.95,107.51
32,14,5.7088,27.128,235.91,113.93
32,14,4.9508,26.242,221.64,105.92
32,14,5.3085,26.827,240.09,117.29
32,14,5.4172,26.519,214.47,95.11
32,14,5.724,26.905,224.52,101.33
32,14,5.0561,28.303,252.13,117.95
32,14,6.2635,27.04,228.69,105.92
32,14,4.92,26.622,227.69,107.77
32,14,4.8127,27.567,240.35,111.17
32,14,4.8132,26.652,224.45,103.14
32,14,5.7908,26.614,231.88,111.9
32,14,6.5981,27.176,232.54,109.97
32,14,6.0025,27.852,249.13,119.77
32,14,5.5617,26.752,221.72,102.29
32,14,4.8237,26.923,227.53,105.88
32,14,5.9731,27.506,235.79,109.33
32,14,4.5896,26.658,221.93,102.43
32,14,5.3221,25.934,213.71,98.879
32,14,5.1038,28.131,247.83,115.62
32,14,5.8992,27.478,239.83,110.58
32,14,6.5506,27.997,249.09,116.56
32,14,5.7654,27.016,235.77,113.96
32,14,5.2059,26.697,223.37,103.53
32,14,5.9101,26.641,222.41,103.28
32,14,4.9663,26.715,230.28,109.17
32,14,6.659,27.082,230.84,106.62
32,14,5.0319,27.618,233.84,106.33
32,14,5.299,26.127,216.69,101.64
32,14,4.6213,27.158,234.55,110.22
32,14,6.538,26.683,219.16,100.05
32,14,4.7274,26.66,224.76,104.4
32,14,6.3169,27.959,253.57,124.11
32,14,6.9402,26.602,226.48,107.45
32,14,5.1465,28.612,255.54,119.72
32,14,7.4574,26.843,229.47,107.86
32,14,5.4928,27.981,251.13,119.4
32,14,6.8679,26.67,229.97,110.16
32,14,5.1958,27.135,236.85,112.23
32,14,5.2836,27.016,232.54,110.39
32,14,5.8146,27.578,243.98,115.47
32,14,6.452,27.291,235.75,110.03
32,14,4.8594,27.46,240.5,114.43
32,14,5.1879,27.446,236.67,109.06
32,14,5.4227,27.538,233.88,107.21
32,14,5.3958,27.683,233.27,104.23
32,14,5.2998,29.672,273.83,126.93
32,14,4.5939,28.643,255.69,116.75
32,14,4.7434,27.106,238.76,114.94
32,14,4.7697,26.363,221.91,104.62
32,14,6.1714,27.379,243.11,116.62
32,14,4.2848,27.524,241.66,113.79
32,14,6.6269,27.022,228.98,105.12
32,14,6.9232,27.027,228.61,104.62
32,14,4.1725,26.983,237.12,113.03
32,14,4.7029,27.308,239.7,114.65
32,14,6.6651,26.291,212.04,96.528
32,14,6.169,26.581,231.07,110.33
32,14,5.727,27.047,234.12,112.08
32,14,4.4399,28.226,252.02,117.93
32,14,5.8682,27.839,261.94,128.97
32,14,4.9336,27.026,231.6,108.51
32,14,8.3697,27.504,238.47,111.52
32,14,4.8455,27.779,253.97,123.12
32,14,7.2725,27.523,233.13,106.4
32,14,6.5086,27.723,246.49,117.55
32,14,4.2575,25.797,218.28,104.65
32,14,4.4279,27.016,237.49,112.17
32,14,4.8759,26.955,224.72,102.08
32,14,6.9349,27.081,235.44,110.77
32,14,4.6284,27.743,247.36,120.5
32,14,4.8565,27.467,237.76,110.52
32,14,5.6596,27.592,242.23,111.84
32,14,5.5479,27.465,238.13,111.74
32,14,4.4767,27.962,260.36,128.54
32,14,4.7263,27.686,235.23,107.04
32,14,7.0187,28.05,239,108.06
32,14,6.2998,27.056,238.8,115.32
32,14,6.1606,26.284,216.88,101.74
32,14,5.8881,28.125,250.86,118.83
32,14,4.7374,27.41,236.38,109.01
32,14,5.6913,26.675,218.69,99.141
32,14,5.228,26.928,233.87,109.2
32,14,5.0857,26.147,215.01,98.141
32,14,6.0364,27.156,229.36,106.48
32,14,6.0113,28.401,257.8,119.88
32,14,8.2155,27.132,227.93,106.17
32,14,5.4583,27.168,223.9,100.3
32,14,5.7528,26.453,224.38,103.89
32,14,6.2778,27.306,232.75,108.53
32,14,5.7578,27.264,239.39,115
32,14,6.6135,27.291,225.96,100.26
32,14,4.6952,26.438,225.37,107.15
32,14,5.341,26.443,218.87,101.53
32,14,6.0781,28.476,257.34,119.87
32,14,6.8064,26.422,222.26,106.42
32,14,6.8485,26.409,222.48,105.3
32,14,6.3924,27.624,241.08,113.28
32,14,6.761,26.899,222.62,102.88
32,14,5.4828,26.363,217.24,100.5
32,14,5.984,27.921,248.5,117.63
32,14,5.1178,27.015,236.51,113.05
32,14,7.1417,27.365,235.77,110.35
32,14,6.0308,27.334,229.42,106.17
32,14,6.844,28.389,245.34,110.33
32,14,5.4262,27.026,220.51,95.264
32,14,5.1949,27.817,249.12,119.83
32,14,6.7384,26.848,231.1,110.77
32,14,5.1802,26.911,237.23,115.83
32,14,7.0714,26.532,225.61,107.11
32,14,6.5156,26.422,215.55,97.962
32,14,7.3219,27.835,237.29,106.76
32,14,5.6979,26.758,225,106.48
32,14,4.5404,27.568,236.4,108.21
32,14,5.6484,26.371,218.74,100.54
32,14,5.0794,26.56,225.28,106.28
32,14,5.1027,27.119,234.69,112
32,14,4.9016,27.371,235.32,108.39
32,14,5.4782,26.857,227.09,105.64
32,14,6.4928,27.066,237.23,114.46
32,14,5.533,26.293,222.87,106.01
32,14,7.0867,26.196,216,100.68
32,14,6.464,25.904,209.88,96.663
32,14,3.9297,25.952,213.91,100.22
32,14,5.4923,25.988,209.8,95.104
32,14,6.9318,26.626,218.81,99.619
32,14,4.5835,27.903,248.42,118.85
32,14,6.6093,28.006,252.28,119.99
32,14,5.7261,27.392,232.75,106.02
32,14,4.6904,26.981,231.51,108.61
32,14,5.8934,27.543,230.82,103.41
32,14,5.3375,27.86,249.07,118.37
32,14,6.2233,27.902,241.08,109.9
32,14,8.8665,26.32,226.66,110.19
32,14,5.0377,27.314,236,111.4
32,14,5.4981,26.948,224.55,102
32,14,4.7278,27.429,242.63,114.26
32,14,6.136,25.362,198.23,90.384
32,14,5.2886,27.905,249.84,118.46
32,14,5.7528,26.489,219.35,100.4
32,14,6.5012,27.93,245.03,113.87
32,14,7.2739,27.117,233.03,108.97
32,14,4.82,26.575,224.43,105.98
32,14,6.0579,26.274,216.62,100.15
32,14,4.9406,27.307,225.62,100.84
32,14,4.7582,26.6,224.99,106.49
32,14,5.6212,27.854,246.84,115.37
32,14,5.5799,27.606,243.94,117.49
32,14,7.8691,26.536,224.69,105.09
32,14,5.7336,27.222,226.82,102.45
32,14,4.9154,26.174,216.53,100.93
32,14,5.936,26.539,210.58,93.041
32,14,5.3669,27.04,240.12,117.25
32,14,5.0918,27.27,237.68,113.46
32,14,4.9061,27.499,240.97,114.9
32,14,5.0876,28.23,262.27,129.07
32,14,5.552,27.698,247.9,119.1
32,14,5.4032,27.57,242.16,113.12
32,14,6.3413,26.467,220.24,102.2
32,14,5.2927,27.197,240.28,116.4
32,14,6.302,28.3,256.6,121.14
32,14,5.3146,26.47,226.42,107.97
32,14,4.4295,26.598,223.44,103.1
32,14,5.5596,26.419,218.34,98.718
32,14,5.7652,26.797,222.19,98.49
32,14,6.6403,26.472,218.32,100.94
32,14,4.5188,28.423,246.41,112.86
32,14,6.0196,27.669,239.7,110.91
32,14,4.6611,27.01,231.28,107.3
32,14,6.1754,26.832,234.94,113.49
32,14,5.4443,28.53,252.46,115.44
32,14,6.4324,27.853,245.69,116.6
32,14,4.5176,26.654,221.09,100.8
32,14,4.6319,27.222,237.8,111.73
32,14,4.2797,28.065,248.75,117.59
32,14,5.605,26.295,211.24,93.996
32,14,4.8676,26.651,220.64,101.06
32,14,6.2588,27.749,248.75,118.42
32,14,4.9497,28.11,256.97,123.56
32,14,5.3136,27.1,236.26,110.49
32,14,6.1342,27.32,244.19,117.74
32,14,4.8147,26.732,229.54,109.38
32,14,5.9566,27.624,233.98,105.08
32,14,4.737,27.606,247.83,117.98
32,14,5.5185,27.332,232.26,106.56
32,14,4.9127,28.184,256.72,124.65
32,14,5.5053,26.168,217.61,102.14
32,14,6.1192,26.769,233.86,113.41
32,14,5.799,27.011,235.48,112.8
32,14,5.0688,26.868,223.94,104.2
32,14,5.2468,27.635,240.68,113.18
32,14,6.7177,27.066,233.43,112.26
32,14,7.5943,27.53,249.5,123.45
32,14,5.2581,26.854,232.4,110.81
32,14,5.1859,27.931,252.52,120.44
32,14,5.0463,27.132,230.49,107.94
32,14,4.8977,27.059,228.37,105.52
32,14,5.8247,26.177,209.67,94.011
32,14,4.7383,27.8,251.65,121.18
32,14,5.914,27.498,239.45,114.25
32,14,6.4132,28.42,259.91,122.04
32,14,4.7267,26.771,226.82,104.96
32,14,6.7475,27.736,250.74,120.73
32,14,4.5358,26.782,236.37,112.91
32,14,5.9311,27.112,237.42,111.54
32,14,5.3116,27.433,240.23,111.48
32,14,6.09,28.341,250.6,115.72
32,14,6.0371,26.958,236.77,111.7
32,14,5.6957,27.069,231.93,108.92
32,14,5.5991,26.589,231.31,112.52
32,14,4.8098,25.986,217.88,102.99
32,14,6.0267,26.553,221.7,102.79
32,14,7.572,26.536,223.66,105.74
32,14,6.9664,27.404,244.29,117.55
32,14,5.4944,27.127,232.68,108.56
32,14,5.4141,26.301,229.02,112.42
32,14,4.5831,27.339,236.64,111.36
32,14,4.4547,27.427,241.95,115.74
32,14,8.0154,27.753,242.54,114.32
32,14,5.1909,26.115,214.6,99.894
32,14,7.0172,27.143,242.66,119.56
32,14,4.69,25.861,211.96,99.96
32,14,6.7046,27.771,246.74,115.87
32,14,6.1543,26.939,233.97,110.73
32,14,7.2063,27.739,249.21,120.94
32,14,6.0352,27.628,251.61,122.34
32,14,5.5264,26.309,212.77,94.817
32,14,4.97,27.385,242.07,117.35
32,14,8.1428,26.655,229.92,109.26
32,14,5.298,26.686,224.6,105.29
32,14,4.5964,25.567,205.42,95.643
32,14,4.6627,28.142,250.47,118.14
32,14,5.1035,27.221,243.96,118.09
32,14,5.9541,27.821,245.99,116.99
32,14,5.6571,28.522,261.96,126.74
32,14,6.1719,26.946,227.54,107.23
32,14,4.8852,26.081,220.43,104.87
32,14,5.8913,27.456,235.01,107.24
32,14,7.3625,25.842,213.24,101.17
32,14,5.5285,28.161,253.45,119.25
32,14,7.7041,26.749,223.01,102.63
32,14,4.4145,27.664,245.14,116.03
32,14,5.8574,28.419,251.51,116.37
32,14,5.6831,28.447,260.68,125.17
32,14,7.3805,27.486,238.56,111.12
32,14,4.7597,27.621,235.17,107.09
32,14,5.0534,27.971,253.82,121.99
32,14,6.2414,27.16,240.54,116.66
32,14,4.6196,26.806,229.61,109.34
32,14,4.8274,26.953,232.86,110.97
32,14,5.1576,27.388,228.29,102.7
32,14,7.2073,27.368,238.48,112.81
32,14,7.0233,26.65,222.31,102
32,14,5.2093,27.244,242.9,117.96
32,14,4.2247,27.434,240.12,112.64
32,14,5.9363,27.471,242.43,114.26
32,14,6.2604,26.67,234.81,113.53
32,14,4.9082,26.747,225,104.08
32,14,5.9866,27.091,233.66,110.74
32,14,6.6975,27.425,235.77,107.9
32,14,6.2056,26.942,227.99,107.72
32,14,5.3418,27.886,250.13,120.93
32,14,6.6628,27.442,246.87,121.15
32,14,5.3675,25.773,214.6,102.58
32,14,4.6318,27.19,234.48,110.87
32,14,5.4031,27.57,247,119.59
32,14,5.5988,27.187,233.15,108.55
32,14,7.253,28.576,266.62,130.85
32,14,5.7738,26.613,224.61,105
32,14,6.6208,26.369,221.16,104.75
32,14,4.8667,27.846,245.67,117.19
32,14,5.9837,27.528,249.29,121.92
32,14,4.909,26.899,227.91,106
32,14,5.5852,27.461,245.7,117.61
32,14,4.7102,27.774,241.27,110.01
32,14,6.2372,26.57,218.56,99.434
32,14,5.7861,25.764,216.78,104.95
32,14,5.6387,27.787,244.16,114.18
32,14,7.5914,26.902,228.27,106.79
32,14,4.251,26.761,233.16,112.55
32,14,6.9835,27.868,242.41,113.32
32,14,5.3681,25.806,224.24,111.4
32,14,5.2895,26.756,226.43,106.16
32,14,6.3932,26.978,228.75,107.21
32,14,5.3009,27.616,242.2,112.61
32,14,6.8865,26.722,224.85,105.02
32,14,4.5376,28.105,256.25,120.96
32,14,5.7573,26.985,225.84,103.51
32,14,4.4607,27.887,247.43,117.76
32,14,7.3512,27.034,231.87,110.15
32,14,5.9653,27.106,235.33,110.7
32,14,4.6446,27.797,245.45,117.49
32,14,6.7188,27.134,241.79,117.2
32,14,6.0594,28.048,255.56,123.96
32,14,7.3897,27.476,242.59,117.35
32,14,4.4988,27.102,229.66,106.26
32,14,5.6161,27.983,243.72,111.96
32,14,4.9635,25.959,218.76,106.01
32,14,7.0098,27.038,220.55,96.413
32,14,6.9966,27.02,235.77,113.2
32,14,7.8051,26.524,221.09,103.24
32,14,4.2974,26.666,235.12,114.35
32,14,4.5944,27.707,244.21,112.34
32,14,5.1626,26.12,205.24,90.646
32,14,5.486,27.254,243.98,117.68
32,14,6.6663,26.226,219.86,103.76
32,14,4.4762,27.138,234.33,109.39
32,14,5.9848,27.083,242.49,118.01
32,14,8.0457,26.432,219.82,101.37
32,14,4.6699,27.537,245.05,117.87
32,14,5.8785,27.47,231.44,105.8
32,14,6.1809,26.897,233.32,110.93
32,14,5.7787,27.808,252.24,124.28
32,14,5.8017,26.965,226.43,103.27
32,14,5.1814,27.364,239.01,113.07
32,14,6.0165,28.663,263.25,125.31
32,14,5.7871,27.128,231.61,107.46
32,14,6.3601,26.148,218.01,102.56
32,14,5.3797,27.709,239.39,109.16
32,14,5.7683,26.309,223.48,106.45
32,14,5.5255,27.117,235.38,112.57
32,14,5.4226,26.845,229.32,107.53
32,14,7.6246,28.325,257.52,124.16
32,14,4.4463,26.645,229.06,108.86
32,14,5.6633,27.619,245.34,119.09
32,14,5.0387,27.24,236.67,111.29
32,14,5.5347,27.071,226.56,103.71
32,14,4.948,27.217,242.21,117.11
32,14,4.8812,26.436,227.06,108.61
32,14,4.6698,26.723,228.23,106.73
32,14,4.8368,26.691,225.82,105.06
32,14,5.5734,27.096,229.07,106.08
32,14,5.82,27.736,252.68,124.28
32,14,6.6288,27.748,250.77,122.31
32,14,4.0498,28.224,259.84,126.7
32,14,6.6886,27.272,236.34,109.09
32,14,5.8435,26.717,227.14,106.05
32,14,6.5908,27.537,238.55,110.99
32,14,6.7776,27.301,233.23,109.65
32,14,5.4332,27.375,234.78,108.52
32,14,4.5015,28.072,250.19,117.15
32,14,5.5528,27.987,244.69,114.23
32,14,8.9654,26.942,230.15,107.47
32,14,5.7937,26.504,225.14,107.38
32,14,6.0482,26.3,218.77,102.46
32,14,5.2897,28.353,257.67,123.56
32,14,4.8611,26.692,226.95,106.82
32,14,5.0681,27.693,247.05,117.35
32,14,5.2039,28.58,264.18,127.08
32,14,5.9536,28.387,267.6,130.75
32,14,4.3474,27.483,240.05,110.02
32,14,5.8345,27.179,239.07,115.61
32,14,6.0334,27.053,229.12,105.52
32,14,5.2934,26.765,221.73,101.38
32,14,4.9081,27.764,240.22,110.95
32,14,4.9458,28.254,260.22,123.59
32,14,5.9345,26.275,223.4,107.13
32,14,4.7105,27.525,244.26,116.91
32,14,6.0514,27.65,233.26,106.77
32,14,5.2859,26.773,228.57,107.69
32,14,6.4184,28.388,252.9,119.49
32,14,6.8583,26.912,230.34,108.42
32,14,5.4977,26.912,224.87,100.95
32,14,7.264,27.268,229.7,103.03
32,14,4.5751,27.992,245.38,116.53
32,14,5.1961,28.366,253.7,119.39
32,14,6.8231,28.409,247.49,113.38
32,14,4.4262,27.566,237.18,108.36
32,14,4.3938,26.249,220.2,102.94
32,14,5.5072,27.531,238.78,111.05
32,14,5.671,27.315,240.2,114.39
32,14,5.6782,26.817,229.05,107.02
32,14,5.2027,28.126,256.05,123.35
32,14,5.1682,27.257,237.09,111.34
32,14,5.7112,27.051,237.5,114.39
32,14,4.6225,27.742,249.98,119.97
32,14,5.6551,26.81,227.5,106.69
32,14,4.5331,26.832,229.62,106.03
32,14,4.9365,27.645,242.33,115.87
32,14,5.6834,27.218,231.65,107.74
32,14,5.4629,27.074,228.4,105.98
32,14,5.0205,26.697,226.52,105.66
32,14,6.8907,27.292,230.56,106.77
32,14,5.1263,27.58,246.29,117.19
32,14,4.9852,26.396,213.83,96.008
32,14,6.4611,27.161,235.72,110.72
32,14,5.0525,27.263,242.45,116.99
32,14,4.9614,27.777,243.38,115.62
32,14,6.0398,26.56,221.18,100.75
32,14,6.4792,26.49,221.67,102.01
32,14,6.1317,27.233,228.46,103.44
32,14,5.3155,27.866,240.86,110.45
32,14,5.7677,28.367,245.95,108.51
32,14,5.0273,27.801,247.67,119.05
32,14,5.6044,26.675,225.89,106.38
32,14,6.5125,27.12,237.2,111.85
32,14,4.9968,28.688,260.94,122.65
32,14,7.5472,27.623,247.76,120.58
32,14,4.7548,27.979,257.44,125.46
32,14,6.1135,26.415,215.57,99.199
32,14,5.2861,26.948,229.39,108.5
32,14,5.9187,27.159,235.87,111.08
32,14,4.4121,27.211,239.03,114.38
32,14,6.4548,26.983,226.61,106.48
32,14,5.985,27.212,234.43,108.57
32,14,5.2962,27.609,239.49,112.03
32,14,6.076,27.802,243.03,115.22
32,14,6.7868,26.842,228.55,106.21
32,14,5.2093,27.17,231.31,106.29
32,14,5.4585,27.84,257.18,127.97
32,14,6.6679,25.194,200.7,93.337
32,14,5.9488,28.057,252.17,118.69
32,14,4.6091,26.5,225.65,106.36
32,14,5.8109,28.165,249.82,117.09
32,14,6.1638,28.015,245.34,114.24
32,14,9.612,28.157,251.76,119.42
32,14,5.7701,27.458,247.92,120.52
32,14,4.7491,27.441,243.63,116.7
32,14,6.1929,27.642,250.37,121.79
32,14,5.2665,26.303,220.32,105.02
32,14,6.3613,27.508,242.99,115.78
32,14,5.4876,27.211,238.28,112.98
32,14,4.8374,27.633,244.72,117.85
32,14,4.6344,26.897,231.38,110.55
32,14,7.2374,27.705,246.48,116.28
32,14,5.7887,27.444,236.84,108.44
32,14,6.4109,27.95,256.98,125.94
32,14,4.3957,27.892,242.31,112.15
32,14,6.2338,28.079,239.9,108.35
32,14,6.7275,27.203,233.23,109.99
32,14,4.6115,26.765,224.86,103.5
32,14,6.0188,26.394,224.21,107.1
32,14,5.4669,26.845,228.68,108.19
32,14,7.8441,28.067,242.39,110.66
32,14,6.8909,26.726,231.45,110.81
32,14,5.4773,27.134,242.33,117.77
32,14,6.0733,26.699,223.72,105.15
32,14,5.5564,27.702,248.14,118.35
32,14,6.3918,27.278,231.89,108.51
32,14,5.6289,27.779,240.15,112.64
32,14,5.4888,26.566,227.72,109.35
32,14,5.6606,26.644,221.91,102.65
32,14,5.1432,25.501,210.13,99.29
32,14,5.1449,27.092,231.84,108.21
32,14,5.0746,27.565,243.48,116.22
32,14,5.0522,27.416,246.22,119.34
32,14,6.226,27.35,234.95,109.17
32,14,4.8584,26.808,231.51,110.54
32,14,5.3908,27.261,232.77,109.47
32,14,5.9467,26.569,220.61,102.68
32,14,5.682,26.456,218.06,102.36
32,14,6.4121,27.729,247.31,117.42
32,14,7.2717,27.72,247.81,119.36
32,14,5.0206,27.858,251.37,120.65
32,14,5.2406,26.858,229.86,110.08
32,14,4.5649,27.364,237.23,111.41
32,14,4.3262,27.242,241.79,114.58
32,14,4.6624,26.367,223.49,107.03
32,14,6.3478,26.955,237.37,117.21
32,14,5.7267,26.821,228.76,107.85
32,14,4.252,27.947,246.86,114.35
32,14,5.2335,28.452,261.21,127.45
32,14,6.018,25.985,214.71,100.39
32,14,5.9044,27.463,230.74,107.5
32,14,6.9952,27.791,241.79,113.53
32,14,5.244,27.091,230.78,107.78
32,14,7.297,27.756,252.07,123.78
32,14,5.6681,26.645,224.14,106.05
32,14,4.6021,28.627,264.21,125.74
32,14,5.5617,26.895,225.55,106.07
32,14,4.4587,26.652,217.54,97.997
32,14,6.4554,27.199,233.85,107.7
32,14,4.7736,26.155,219.18,104.51
32,14,5.6867,27.291,240.17,114.92
32,14,4.6818,26.994,231.03,106.35
32,14,4.283,26.547,231.68,112.46
32,14,5.2199,27.808,241.29,110.8
32,14,8.1257,27.595,243.62,115.84
32,14,6.4717,26.979,240.06,116.05
32,14,5.449,28.75,262.56,124.72
32,14,5.2184,27.65,243.13,113.88
32,14,7.1343,27.133,238.89,114.9
32,14,4.6734,27.348,243.97,117.18
32,14,6.5933,26.77,227,105.39
32,14,7.8428,27.527,234.7,107.08
32,14,8.2931,26.847,232.41,109.7
32,14,5.0989,26.939,222.97,102.04
32,14,6.4237,28.186,252.68,121.21
32,14,5.0437,26.913,226.27,105.69
32,14,6.1802,28.147,252.94,120.6
32,14,5.0125,27.393,235.04,109.99
32,14,6.4219,28.441,253.47,118.01
32,14,5.1462,27.336,237.88,112.03
32,14,4.559,26.843,228.2,107.16
32,14,5.3724,27.871,235.2,105.74
32,14,5.8775,27.416,242.39,115.3
32,14,5.8884,28.337,260.11,125.33
32,14,4.9674,26.761,222.04,100.53
32,14,5.7841,27.396,237.59,110.68
32,14,6.5309,27.844,253.16,123.65
32,14,5.3279,27.468,231.83,107.61
32,14,6.08,26.853,218.69,98.317
32,14,4.9038,27.049,225.61,103.76
32,14,6.1414,26.795,227.42,107.56
32,14,5.3291,26.727,228.9,107.47
32,14,6.2766,28.137,256.63,124.35
32,15,6.5254,26.498,231.39,112.39
32,15,5.2437,27.223,238.35,112.89
32,15,4.631,27.501,242.39,114.89
32,15,8.1168,27.083,234.54,111.62
32,15,5.5063,27.154,237.85,112.86
32,15,6.4338,26.882,230.98,107.31
32,15,5.7549,28.337,255.77,123.98
32,15,4.9108,27.342,245.91,121.06
32,15,5.3634,27.787,240.57,111.05
32,15,6.0625,27.164,246.18,121.3
32,15,4.8787,28.021,248.11,114.98
32,15,6.2205,27.632,250,122.53
32,15,7.2409,28.43,252.56,117.68
32,15,5.1382,27.067,234.16,107.3
32,15,5.1964,28.538,259,121.59
32,15,6.3827,27.638,242.16,112.14
32,15,3.8723,26.835,231.26,108.1
32,15,6.2393,27.387,240.93,114.22
32,15,5.6411,26.387,222.88,105.52
32,15,6.3798,27.567,232.72,105.04
32,15,4.8605,26.707,231.23,110.66
32,15,5.107,27.371,234.47,108.94
32,15,5.1052,27.84,249.06,118.28
32,15,6.3989,26.73,233.29,113.6
32,15,6.9133,27.676,251.82,123
32,15,6.2088,27.09,232.59,110.44
32,15,5.3727,28.037,257.72,124.65
32,15,5.6832,26.825,233.39,112.62
32,15,9.9513,27.189,240.08,116.41
32,15,4.9595,28.512,256.53,116.89
32,15,4.8891,26.732,233.12,112.98
32,15,5.6221,28.63,264.39,126.78
32,15,5.3772,26.559,231.94,112.94
32,15,5.9157,26.449,223.66,106.1
32,15,5.7147,27.184,239.83,115.13
32,15,6.0502,26.6,228.93,109.03
32,15,4.9894,26.553,226.62,107.26
32,15,5.6994,27.104,225.64,103.27
32,15,6.3648,25.831,209.97,93.931
32,15,5.6207,27.154,243.17,118.62
32,15,6.1415,27.408,233.1,107.33
32,15,7.1284,26.56,221.8,101.51
32,15,6.064,27.22,236.03,112.84
32,15,5.513,27.544,246.17,118.02
32,15,5.3934,27.175,247.19,122.48
32,15,5.4622,27.526,248.05,119.56
32,15,6.9032,27.897,250.72,119.13
32,15,4.7672,27.294,246.27,120.98
32,15,7.2614,27.133,239.6,115.48
32,15,8.0721,26.747,216.51,96.082
32,15,5.2758,28.107,248.7,115.84
32,15,5.2664,29.038,265.3,124.12
32,15,6.7894,27.305,243.09,117.87
32,15,5.2994,28.852,263.32,122.34
32,15,6.1727,27.331,234.79,108.17
32,15,5.0884,27.704,241.75,113.24
32,15,6.0067,26.923,230.69,108.59
32,15,5.9219,27.718,242.61,112.88
32,15,5.4156,27.783,243.63,113.27
32,15,7.7057,28.644,266.87,127.36
32,15,5.9472,26.833,228.3,108.08
32,15,5.3174,27.392,234.5,110.62
32,15,6.4432,27.073,226.78,104.63
32,15,7.4811,27.761,247.18,116.63
32,15,5.9774,27.062,228.14,103.91
32,15,5.41,27.197,237.94,111.73
32,15,5.4771,27.533,249.08,121.59
32,15,4.9365,28.006,257.82,124.8
32,15,5.0751,27.794,255.05,122.78
32,15,5.7864,26.837,225.05,104.38
32,15,5.7602,28.539,257.53,120.14
32,15,5.3122,27.767,248.03,118.71
32,15,7.5889,27.972,254.92,123.06
32,15,5.0083,27.295,244.99,118.96
32,15,4.9073,26.682,222.78,103.67
32,15,5.1969,27.242,242.94,117.45
32,15,4.6586,27.389,233.88,108.59
32,15,6.9898,27.972,254.98,122.83
32,15,5.342,27.089,235.39,113.03
32,15,4.7286,27.461,249.53,122
32,15,6.0541,27.64,240.06,112.7
32,15,5.0411,28.498,258.7,120.7
32,15,4.5905,26.929,238.26,115.67
32,15,5.8342,28.41,249.61,114.27
32,15,7.5075,27.654,238.51,108.51
32,15,4.333,27.143,235.86,110.61
32,15,5.2646,27.276,231.45,107.18
32,15,6.2355,27.34,246.44,119.17
32,15,4.7247,27.985,256.22,122.7
32,15,5.6485,28.002,245.95,114.26
32,15,4.643,28.246,244.96,112.18
32,15,5.6305,27.615,243.34,115.86
32,15,6.5527,28.548,260.88,124.91
32,15,4.9375,26.923,230.65,108.14
32,15,4.9315,27.5,252.16,125.91
32,15,5.3548,28.549,257.64,120.72
32,15,4.2263,27.538,246.22,117.48
32,15,5.5668,27.388,239.88,113.57
32,15,6.5807,27.583,231.49,105.25
32,15,5.4965,27.197,242.68,116.27
32,15,7.3461,26.566,220.65,102.8
32,15,6.8062,28.354,253.69,120.05
32,15,4.9273,27.422,242.01,115.37
32,15,5.7838,27.943,245.7,114.63
32,15,5.9268,28.108,271.03,137.27
32,15,5.5504,26.8,228.07,107.01
32,15,4.4938,27.249,234.63,110.17
32,15,6.1411,27.452,232.96,103.88
32,15,5.1363,28.256,254.25,120.35
32,15,7.2809,27.414,249.47,124.13
32,15,4.4705,27.699,247.64,117.21
32,15,7.216,26.766,233.34,112.33
32,15,5.5198,28.036,260.29,127.42
32,15,5.8511,27.757,243.53,114.14
32,15,4.3887,27.279,233.06,107.82
32,15,6.4866,26.704,224.77,105.01
32,15,4.8998,28.77,273.66,133.59
32,15,5.9251,28.564,269.41,133.7
32,15,5.8518,28.163,257.86,122.64
32,15,5.354,27.91,245.41,114.18
32,15,5.0722,26.271,218.94,102.69
32,15,4.3018,27.621,248.67,120.2
32,15,5.553,27.116,239.99,114.71
32,15,4.508,27.907,256.12,124.53
32,15,6.2733,27.758,245,116.45
32,15,5.7314,27.725,238.6,110.89
32,15,6.8042,26.967,228.38,106.62
32,15,6.13,26.927,237.27,112.55
32,15,6.0278,27.447,240.32,113.27
32,15,5.5374,27.104,229.19,105.64
32,15,5.6934,27.507,239.57,112.56
32,15,4.7238,26.103,225.35,111.53
32,15,5.1282,26.538,232.75,115.56
32,15,5.3016,27.94,247.15,116.09
32,15,6.0433,27.295,245.55,119.46
32,15,7.0128,28.126,251.4,118.74
32,15,4.8051,28.211,252.19,118.67
32,15,4.777,27.714,239.14,109
32,15,4.9023,27.452,245.59,119.39
32,15,5.3738,27.962,249.01,117.92
32,15,4.7666,27.783,245.2,116.63
32,15,4.9336,27.101,242.58,116.99
32,15,6.21,28.226,255.45,123.25
32,15,6.0118,26.984,240.05,117.89
32,15,6.1621,28.62,262.05,120.34
32,15,5.0943,26.49,218.93,100.13
32,15,5.901,27.7,237.82,109.63
32,15,5.8927,27.648,238.3,109.6
32,15,5.7544,26.894,236.67,114.89
32,15,4.9856,27.877,245.35,113.82
32,15,6.0106,27.691,240.47,113.85
32,15,7.0246,28.857,277.78,137.59
32,15,6.5388,28.299,263.52,125.4
32,15,4.8449,27.201,236.23,112.92
32,15,6.1174,27.077,244.41,119.48
32,15,6.252,27.263,236.53,112.75
32,15,7.2816,27.92,258.27,126.28
32,15,6.0379,26.135,219.03,102.99
32,15,6.5907,27.905,254.47,123.46
32,15,5.526,26.663,227.95,107.49
32,15,4.4176,25.57,209.4,99.011
32,15,5.0586,28.066,247.75,114.56
32,15,5.2751,28.801,268.78,126.71
32,15,6.573,27.319,241.57,114.71
32,15,5.7697,27.585,248.35,121.4
32,15,6.7311,27.9,242.54,112.41
32,15,4.5872,26.267,225.41,109.06
32,15,4.7031,27.608,236.18,106.91
32,15,5.8412,28.563,257.99,120.09
32,15,5.9454,28.433,262.6,127.3
32,15,6.4355,27.896,242.92,112.01
32,15,7.3151,27.117,240.05,115.55
32,15,5.3406,27.9,244.08,113.48
32,15,7.4054,27.843,248.44,118.09
32,15,5.4103,27.955,238.29,108.37
32,15,4.5154,27.554,236.49,110.81
32,15,4.4315,26.87,240.41,117.57
32,15,5.4836,27.427,245.19,119.17
32,15,4.2652,27.898,260.59,127.85
32,15,9.6325,27.831,255.51,124.23
32,15,5.9903,26.6,222.83,102.43
32,15,7.6336,27.026,234.22,110.84
32,15,5.3704,27.25,242.93,117.98
32,15,5.9968,27.705,248.71,119.55
32,15,6.7369,27.543,246.52,119.28
32,15,9.8013,27.051,235.46,110.18
32,15,5.3287,27.582,248.37,121.4
32,15,5.3699,27.546,243.05,115.94
32,15,7.2543,26.583,230.99,112.91
32,15,5.6875,27.199,239.25,112.42
32,15,4.9627,26.727,236.23,114.76
32,15,6.3535,27.523,234.09,108.2
32,15,6.6,26.888,222.84,101.02
32,15,5.3201,26.906,230.25,108.08
32,15,3.9839,27.06,233.31,110.57
32,15,5.4949,27.826,243.4,113.36
32,15,6.9014,27.31,240.19,115.99
32,15,4.9846,27.761,237.1,110.08
32,15,4.8697,28.145,259.57,126.38
32,15,5.1677,27.891,245.17,114.61
32,15,4.9622,26.655,230.29,110.68
32,15,5.0817,27.415,248.15,120.97
32,15,4.7304,26.149,223.64,108.5
32,15,5.8928,27.794,250.45,120.96
32,15,6.149,27.829,234.39,104.16
32,15,6.6773,27.434,240.55,111.53
32,15,8.5198,26.913,243.56,122.78
32,15,4.4517,27.474,244.13,117.45
32,15,6.4856,28.476,260.46,125
32,15,4.2338,27.744,247.06,116.79
32,15,6.8386,27.972,252.44,119.04
32,15,6.592,26.726,232.2,113.54
32,15,5.2819,27.469,244.61,116.62
32,15,6.7957,28.109,257.63,124.89
32,15,6.5019,27.336,242.13,115.96
32,15,5.0821,26.923,231.02,109.1
32,15,5.3324,27.164,242.44,116.46
32,15,4.8698,27.519,236.2,108.88
32,15,4.6878,27.74,243.12,110.06
32,15,4.7068,27.21,244.59,119.16
32,15,4.4231,28.945,264.16,124.5
32,15,4.2546,27.818,252.98,121.02
32,15,4.9753,28.1,248.17,114.9
32,15,8.6319,27.874,257.74,126.28
32,15,5.0592,27.171,244.13,118.11
32,15,5.6774,28.622,264.72,127.77
32,15,5.9262,27.66,237.11,108.64
32,15,6.539,28.04,251.79,119.16
32,15,7.582,27.687,239.54,111.21
32,15,5.5132,27.931,248.56,116.1
32,15,5.3335,26.889,232.52,108.73
32,15,5.5685,27.518,247.79,119.16
32,15,4.5775,27.948,248.37,117.2
32,15,5.9655,27.291,236.72,111.86
32,15,7.1286,26.96,236.78,112.82
32,15,5.1417,26.531,228.27,109.24
32,15,5.7652,27.393,235.5,108.18
32,15,6.5759,26.805,226.15,106.33
32,15,4.1678,28.056,257.01,124.74
32,15,5.0811,26.796,228.24,108.63
32,15,4.968,27.01,232.04,109.06
32,15,5.7724,28.122,249.73,117.53
32,15,6.4118,28.247,260.85,124.89
32,15,5.2871,26.384,214.47,97.364
32,15,4.4972,26.432,228.58,109.96
32,15,5.1358,27.37,240.29,114.09
32,15,6.0643,27.605,241.35,112.28
32,15,4.9396,27.259,247.21,122.02
32,15,5.0794,27.262,231.33,107.29
32,15,4.319,27.83,236.17,106.42
32,15,5.9355,27.222,237.51,111.54
32,15,4.687,26.843,231.94,109.98
32,15,4.9046,28.411,251.57,115.77
32,15,4.816,28.692,274,134.44
32,15,4.6629,27.919,248.57,117.27
32,15,5.8432,28.28,245.37,112.19
32,15,5.9769,26.95,236.3,113.15
32,15,5.8226,27.523,236.4,108.79
32,15,5.7884,28.018,243.52,112.6
32,15,5.6564,28.059,258.1,124.11
32,15,5.1972,27.197,237.75,112.28
32,15,6.5762,27.91,254.21,121.55
32,15,5.4095,26.838,229.38,106.85
32,15,5.6407,27.348,239.72,113.2
32,15,6.4841,27.772,246.85,116.92
32,15,5.8572,27.747,244.44,115.62
32,15,5.6557,26.196,215.69,100.54
32,15,4.1341,27.855,251.25,119.66
32,15,6.5892,27.705,246.19,116.05
32,15,7.9614,26.779,226.49,105.84
32,15,5.5528,27.348,242.03,116.39
32,15,6.9414,28.775,263.78,123.02
32,15,4.8781,27.222,235.56,109.45
32,15,5.3963,27.091,240.21,116.83
32,15,5.1304,26.485,225.24,107.46
32,15,6.3583,27.508,246.21,115.26
32,15,4.812,27.731,238.68,110.71
32,15,7.0557,27.288,239.4,111.8
32,15,6.0081,26.697,226.46,105.57
32,15,5.7478,26.34,214.48,95.989
32,15,5.2628,26.742,241.21,120.8
32,15,8.2092,27.844,248.2,120.04
32,15,6.1393,27.295,237.21,111.74
32,15,5.0693,28.906,266.67,126.86
32,15,5.034,27.114,241.22,116.09
32,15,4.8977,27.737,250.48,119.89
32,15,5.313,27.672,244.1,116.07
32,15,4.6334,27.513,231.19,104.04
32,15,5.943,27.946,254.23,122.19
32,15,5.4284,28.209,260.15,127.8
32,15,4.5178,28.237,258.64,126.01
32,15,6.5298,27.52,242.5,115.26
32,15,7.1284,27.239,238.12,113.67
32,15,5.0993,27.628,253.23,124.2
32,15,6.1113,28.084,254.3,121.26
32,15,5.9414,28.627,266.3,129.07
32,15,5.9993,27.253,237.5,113.8
32,15,7.1327,27.502,240.78,112.59
32,15,6.5142,26.662,227.87,107.4
32,15,5.751,27.433,233.18,109.5
32,15,5.1621,27.428,245.25,117.65
32,15,4.8302,27.255,241.02,114.46
32,15,7.0079,28.069,265.05,133.25
32,15,6.1383,28.209,253.62,119.74
32,15,4.767,27.473,240.6,112.47
32,15,5.0574,27.102,239.08,115.85
32,15,6.6885,27.885,246.59,118.32
32,15,9.1735,28.143,249.64,115.81
32,15,6.7596,28.476,260.41,123.47
32,15,6.2363,28.242,261.02,128.32
32,15,5.7362,27.027,236.81,111.58
32,15,4.7738,26.532,231.33,111.03
32,15,9.3672,27.123,231.53,107.77
32,15,7.192,27.061,239.4,112.77
32,15,5.6122,29.146,278.74,136.26
32,15,9.8832,27.358,239.64,111.5
32,15,5.4103,27.344,238.3,112.27
32,15,5.1097,27.539,240.38,112.87
32,15,5.3477,26.791,222.21,101.48
32,15,5.5161,27.956,240.78,109.19
32,15,5.2478,27.834,251.35,121.66
32,15,5.3417,28.783,255.51,117.48
32,15,6.4655,28.378,258.06,122.38
32,15,5.3684,27.527,231.48,105.08
32,15,5.314,27.336,242.83,115.18
32,15,5.0511,28.118,251.09,118.77
32,15,6.0564,27.913,256.45,125.4
32,15,5.6412,26.286,230.22,112.14
32,15,5.0536,27.486,252.47,122.57
32,15,5.2073,27.192,226.41,100.69
32,15,5.1218,26.926,225.53,104.55
32,15,6.3012,28.284,258.07,120.3
32,15,6.3383,26.22,215.95,101.52
32,15,4.9024,27.486,228.96,100.6
32,15,4.3769,26.449,216.86,99.54
32,15,6.2175,28.288,253.02,117.77
32,15,5.1297,27.864,250.95,119.35
32,15,5.3702,27.745,253.65,124.2
32,15,4.7758,27.38,241.61,114.35
32,15,5.3459,27.613,240.69,111.11
32,15,4.6273,26.755,233.98,112.67
32,15,5.3238,28.445,262.98,126.78
32,15,5.5423,26.138,213.31,99.55
32,15,4.9742,27.693,254.29,126.02
32,15,6.2005,27.259,241.37,115.31
32,15,6.0044,27.943,245.4,115.55
32,15,4.8095,26.774,223.72,103.56
32,15,6.9832,27.881,255.65,122.46
32,15,6.6693,26.776,229.15,108.48
32,15,5.9479,28.052,254.64,122.06
32,15,5.1395,28.512,261.84,125.91
32,15,5.2097,28.551,254.64,118.97
32,15,7.3994,27.427,240.85,113.44
32,15,6.1883,27.592,241.18,113.45
32,15,4.8594,28.097,248.02,116.49
32,15,6.4506,27.768,234.59,107.77
32,15,4.1471,28.136,253.69,117.18
32,15,5.0333,27.462,241.64,116.24
32,15,6.5414,27.138,240.14,116.38
32,15,6.0186,27.59,239.73,111.86
32,15,5.385,26.622,225.55,104.68
32,15,4.6931,28.705,268.1,130.2
32,15,5.1172,27.932,248.18,116.05
32,15,8.1096,27.056,231.41,108.47
32,15,6.7728,27.787,244.46,114.39
32,15,5.7521,27.015,233.79,109.82
32,15,5.9477,27.417,240.63,114.09
32,15,5.6533,27.404,248,120.82
32,15,6.5241,28.227,249.69,114.5
32,15,6.2117,27.821,251.08,121.02
32,15,6.6811,27.226,235.75,112.33
32,15,6.6952,27.214,241.61,116.78
32,15,6.3446,28.276,262.65,126.76
32,15,4.2128,28.421,271.11,133.28
32,15,5.0978,27.823,246.6,117.26
32,15,5.6497,26.836,230.34,107.85
32,15,5.4862,28.016,254.1,122.75
32,15,4.7322,27.949,261.39,129.66
32,15,4.7163,26.343,219.3,103.66
32,15,4.9244,27.121,238.59,113.42
32,15,4.9394,26.139,211.15,97.454
32,15,5.9627,27.962,251.13,120.4
32,15,4.8337,27.36,238.6,114.17
32,15,6.0366,27.685,248.08,118.59
32,15,5.694,28.306,264.76,127.67
32,15,5.8345,28.053,252.16,119.68
32,15,5.3592,28.29,255.12,123.48
32,15,5.3743,27.778,248.71,117.37
32,15,5.6938,28.455,259.89,123.48
32,15,5.6843,27.847,244.07,113.85
32,15,5.9908,28.722,259.2,122.05
32,15,5.5076,28.424,260.58,125.37
32,15,9.0273,27.339,238.57,113.37
32,15,5.3475,27.871,251.9,121.62
32,15,5.8906,27.885,244.94,115.07
32,15,4.554,27.742,249.16,119.52
32,15,3.7708,27.16,231.9,105.54
32,15,6.9077,27.588,251.17,122.5
32,15,4.4521,27.36,248.36,121.81
32,15,4.757,27.524,247.84,119.69
32,15,4.0843,27.287,236.94,111.02
32,15,5.9824,27.914,248.1,116.47
32,15,6.1985,26.141,228.54,111.43
32,15,7.6212,26.645,221.77,101.45
32,15,5.8169,27.511,231.84,103.85
32,15,5.3942,26.501,219.87,103.32
32,15,6.7914,27.85,252.48,122.16
32,15,4.8293,26.414,224.47,106.27
32,15,5.5544,27.739,248.07,118.86
32,15,5.9925,28.238,255.99,120.11
32,15,5.5737,25.747,219.36,106.92
32,15,4.8957,28.47,268.27,132.03
32,15,5.7254,26.462,223.11,104.74
32,15,4.9617,28.639,259.11,123.73
32,15,6.9048,28.051,247.78,116.2
32,15,4.8566,27.608,241.02,111.28
32,15,5.9803,26.974,225.93,105.52
32,15,5.5649,28.115,246.9,115.94
32,15,8.0361,26.974,236.12,113.61
32,15,6.9595,26.673,227.88,108.33
32,15,5.4829,28.134,259.57,127.57
32,15,8.1693,27.58,247.72,119.97
32,15,5.2589,26.962,227.95,105.29
32,15,4.3829,26.608,235.22,114.88
32,15,5.0054,27.926,248.59,117.76
32,15,5.3775,26.547,238.01,117.27
32,15,6.2008,27.744,253.28,122.56
32,15,5.5963,27.311,242.5,117.58
32,15,5.1249,27.577,242.85,114.72
32,15,5.0726,27.582,242.06,113.87
32,15,5.7224,26.832,227.1,105.94
32,15,5.9826,27.289,237.44,110.46
32,15,5.6575,28.072,262.97,130.36
32,15,5.133,27.864,248.88,118.63
32,15,4.7822,27.699,241.97,110.5
32,15,6.4275,27.592,246.48,118.32
32,15,8.6326,26.808,223.06,102.83
32,15,4.7038,27.05,229.73,108.09
32,15,5.2291,26.905,232.45,110.95
32,15,6.7405,27.719,235.79,107.9
32,15,6.5704,27.089,239.04,115.13
32,15,8.0712,26.21,226.51,109.33
32,15,4.8951,27.718,241,111.09
32,15,5.198,27.273,249.68,124.02
32,15,5.5305,27.322,239.44,112.22
32,15,5.5855,28.374,252.21,116.77
32,15,5.2423,26.512,224.2,104.49
32,15,4.7033,28.428,265.31,130.64
32,15,5.0299,27.863,244.37,114.65
32,15,5.1228,27.258,241.35,115.08
32,15,8.4073,28.158,258.11,125.44
32,15,6.1232,27.082,229.67,104.89
32,15,4.906,27.097,238.09,113.98
32,15,6.5248,26.719,232.38,111.26
32,15,7.0285,28.451,259.23,123.14
32,15,4.9752,27.025,236.1,111.22
32,15,7.0648,28.221,258.7,125.7
32,15,4.9017,27.37,244.54,118.84
32,15,5.4769,26.155,219.27,103.06
32,15,5.3634,28.04,249.78,116.18
32,15,5.1718,27.713,240.28,112.12
32,15,6.2409,27.182,236.02,111.85
32,15,4.7449,27.148,231.56,107.21
32,15,6.4265,27.643,254.06,127.24
32,15,7.2283,26.605,218.25,98.658
32,15,6.6551,27.148,234.59,109.86
32,15,5.7428,27.251,235.83,111.08
32,15,6.6225,26.88,230.77,109.06
32,15,5.9804,27.772,240.91,111.07
32,15,5.9363,27.191,233.88,109.2
32,15,4.9351,26.499,227.2,109.56
32,15,5.469,27.795,252.86,122.37
32,15,5.6343,28.314,262.06,128.18
32,15,4.7943,25.969,227.63,112.56
32,15,5.6074,27.806,251.17,120.33
32,15,4.5747,28.258,253.37,119.99
32,15,6.4162,27.351,239.56,115.61
32,15,4.9805,28.236,256.28,122.79
32,15,6.6856,27.81,241.79,111.19
32,15,7.173,27.196,236.58,111.5
32,15,5.982,28.646,253.5,116.28
32,15,5.13,27.479,235.59,108.59
32,15,5.7412,27.016,237.32,113.96
32,15,4.4083,28.333,260.27,125.57
32,15,7.5587,27.815,253.63,124.02
32,15,6.017,27.253,226.03,99.979
32,15,5.1556,26.964,236.93,111.9
32,15,5.6812,26.817,238.2,117.7
32,15,5.1837,26.175,227.46,110.72
32,15,6.322,26.053,212.83,97.379
32,15,5.5367,27.05,227,104.46
32,15,6.9513,27.242,236.51,110.4
32,15,4.9095,28.713,266.8,127.99
32,15,7.0808,27.447,236.06,108.3
32,15,5.0758,27.582,251.33,123.21
32,15,5.7542,27.445,241.96,113.94
32,15,4.0612,27.623,243.08,115.65
32,15,6.5714,26.891,227.34,105.07
32,15,5.0034,27.263,245.41,118.36
32,15,5.1906,27.064,231.35,105.37
32,15,5.6807,27.345,237.21,111.71
32,15,5.4545,27.197,237.54,111.62
32,15,5.8972,27.196,250.32,124.36
32,15,5.3971,28.229,257.15,121.71
32,15,6.0447,27.806,241.26,110.14
32,15,5.436,27.413,247.42,118.32
32,15,4.7249,26.541,224.06,103.61
32,15,6.1043,27.316,235.27,108.23
32,15,6.1296,27.706,254.58,124.58
32,15,5.6397,27.259,239.9,113.5
32,15,5.7284,27.583,251.1,122.55
32,15,5.6122,27.067,239.24,115.53
32,15,4.4427,26.979,219.29,97.128
32,15,5.3739,26.982,235.12,112.68
32,15,5.5386,26.813,231.83,109.48
32,15,4.5209,27.928,245.26,114.62
32,15,7.3334,27.986,245.49,114.94
32,15,4.2373,27.406,239.66,113.49
32,15,4.9049,27.557,240.36,112.43
32,15,4.6627,26.804,233.23,113.35
32,15,4.6218,27.684,245.17,116.38
32,15,5.9095,26.2,221.92,104.94
32,15,7.1499,27.365,239.62,113.7
32,15,5.6283,27.976,251.76,120.3
32,15,5.1653,27.893,253.91,122.47
32,15,5.4116,27.349,248.3,120.88
32,15,5.5032,27.866,251.7,120.33
32,15,5.2414,27.386,231.28,105.41
32,15,5.8158,27.728,242.5,111.43
32,15,5.7391,27.927,253.6,124.98
32,15,5.294,27.614,245.93,116.98
32,15,5.0283,27.937,248.67,118.06
32,15,5.4638,28.023,252.6,120.29
32,15,6.3844,29.212,272.01,129.79
32,15,6.141,26.875,230.28,109.73
32,15,5.3079,27.997,250.98,119.2
32,15,6.2016,26.675,233.79,112.89
32,15,6.648,28.277,260.65,127.47
32,15,5.3326,28.835,259.24,120.96
32,15,5.2316,28.008,256.62,122.76
32,15,5.8014,28.211,256.72,121.66
32,15,5.3903,27.264,244.89,119.37
32,15,8.7492,27.728,238.33,110.26
32,15,5.0547,28.354,270.16,132.02
32,15,7.9371,26.625,229.07,109.33
32,15,5.9348,28.083,252.21,118.7
32,15,4.6331,27.688,248.16,118.38
32,15,5.9485,27.832,233.03,101.94
32,15,6.4563,29.487,283.46,135.85
32,15,5.6734,26.944,250.1,125.61
32,15,3.7863,27.756,247.76,116.36
32,15,6.8342,27.86,253.19,122.11
32,15,8.6412,27.837,251.02,121.2
32,15,6.002,26.624,229.43,108.37
32,15,5.2321,27.651,250.22,119.13
32,15,5.835,27.633,247.96,116.83
32,15,4.4647,27.388,247.82,121.31
32,15,6.1412,27.009,235.17,111.16
32,15,5.2459,26.534,228.43,110.96
32,15,4.8883,27.603,246.77,117.87
32,15,5.2547,27.243,243.89,118.47
32,15,4.7348,27.277,238.41,113.72
32,15,5.0801,30.152,289.32,134.35
32,15,4.6436,28.467,262.58,126.52
32,15,6.033,27.554,249.28,120.8
32,15,6.4285,28.107,251,118.71
32,15,5.259,28.001,253.62,121.25
32,15,4.8381,26.946,231.82,110.05
32,15,4.941,27.357,238.54,112.98
32,15,6.812,27.897,255.62,123.69
32,15,5.4746,27.785,249.54,119.62
32,15,4.643,27.774,243.24,113.31
32,15,6.0717,27.847,254.59,122.81
32,15,8.0311,26.982,223.34,103.13
32,15,4.3579,26.604,236.41,115.06
32,15,5.4164,27.345,236.82,110.62
32,15,5.5546,28.179,242.67,110.08
32,15,5.1423,27.278,242.93,116.15
32,15,5.7627,26.636,225.48,106.82
32,15,4.6485,27.665,242.55,114.12
32,15,5.5487,27.865,247.56,118.16
32,15,7.2018,28.27,255.74,120.94
32,15,6.9585,28.281,260.04,126.21
32,15,5.5817,27.369,241.57,115.84
32,15,7.6611,27.287,233.55,107.56
32,15,5.0939,27.187,236.3,113.11
32,15,5.0988,28.027,261.52,129.33
32,15,5.4258,26.573,224.02,105.51
32,15,7.3655,27.113,231.22,108.35
32,15,5.0463,27.245,237.33,110.72
32,15,5.9579,26.582,226.37,105.67
32,15,5.9885,26.929,236.8,114.46
32,15,5.5792,28.331,258.89,123.65
32,15,6.0295,26.687,221.84,102.58
32,15,6.3172,26.947,227.56,105.99
32,15,7.1372,27.677,247.12,117.65
32,15,8.3121,26.546,226.11,107.76
32,15,5.3146,27.629,240.31,111.88
32,15,5.9234,26.68,229.63,109.68
32,15,7.241,27.976,259.97,126.44
32,15,4.7406,27.118,240.04,115.68
32,15,5.8178,27.534,234.9,106.04
32,15,6.1795,27.749,242.46,112.48
32,15,6.8661,27.831,251.86,121.94
32,15,4.9333,27.182,235.47,110.68
32,15,7.4558,28.86,268,130.23
32,15,5.9888,28.21,254.92,121.71
32,15,4.7232,27.078,241.57,116.82
32,15,4.983,26.942,232.7,107.88
32,15,6.2899,28.25,258.14,124.59
32,15,5.3481,27.986,244.41,112.48
32,15,5.5123,27.395,246.88,120.12
32,15,5.8415,27.56,246.46,117.09
32,15,4.7382,27.175,236.15,112.74
32,15,5.8937,26.794,227.45,105.72
32,15,6.1996,27.445,247.52,120.54
32,15,5.1491,27.335,235.02,109.12
32,15,5.7428,28.575,269.38,130.99
32,15,4.7535,27.917,248.87,118.59
32,15,4.8032,27.09,233.56,109.62
32,15,4.7937,27.901,249.94,118.76
32,15,5.7367,27.907,257.15,126.85
32,15,6.1418,26.174,224.64,109.1
32,15,4.9802,26.765,224.6,105.53
32,15,7.165,27.269,244.75,118.24
32,15,5.2087,27.227,232.97,107.51
32,15,4.6213,26.551,226.84,107.51
32,15,6.5239,27.555,240.87,111.63
32,15,5.1158,27.038,234.2,107.71
32,15,5.5362,27.835,250.57,120.08
32,15,6.4916,27.227,244.58,118.11
32,15,6.4062,27.9,246.74,116.99
32,15,6.1786,27.284,238.43,111.36
32,15,6.9283,27.439,244.58,116.59
32,15,6.3361,28.563,256.36,117.37
32,15,6.6951,28.096,255.64,123.88
32,15,5.5908,28.253,259.09,122.16
32,15,6.336,27.817,251.06,119.73
32,15,5.6167,27.854,254.73,123.03
32,15,6.2509,26.994,233.3,111.12
32,15,4.7421,26.631,234.66,112.8
32,15,5.8999,26.488,223.38,105.11
32,15,6.0753,27.595,249.03,120.19
32,15,6.8403,27.191,237.41,112.3
32,15,6.0415,27.72,251.64,122.43
32,15,5.6365,26.825,230.29,105.43
32,15,5.7479,26.813,222.88,102.39
32,15,4.8941,28.349,257.48,125.46
32,15,5.3108,27.893,255.89,125.8
32,15,6.5972,26.046,214.42,99.805
32,15,9.3052,26.92,237.07,114.04
32,15,5.6317,28.938,276.14,134.83
32,15,6.5568,27.132,235.82,113.24
32,15,9.5589,27.645,245.72,119.84
32,15,5.1319,27.431,243.16,117.28
32,15,5.946,29.501,280.81,134.43
32,15,5.8423,27.587,245.4,118.81
32,15,8.1442,27.21,244.62,119.37
32,15,5.1377,26.746,232.73,112.66
32,15,4.9143,28.19,258.7,125.65
32,15,6.368,27.291,240.22,114.05
32,15,7.9835,27.988,251.11,118.17
32,15,5.3833,27.397,231.07,105.38
32,15,5.0358,26.764,235.87,114.62
32,15,6.608,26.873,230.47,108
32,15,5.8915,26.797,235.5,114.08
32,15,5.3254,28.057,248.03,115.85
32,15,7.53,27.683,247.6,118.49
32,15,4.3205,28.34,264.42,127.23
32,15,5.2345,27.268,236.98,112.61
32,15,4.9842,27.872,249.1,120.88
32,15,4.4404,27.352,242.06,114.86
32,15,7.471,27.353,245.41,118.42
32,15,5.4694,26.934,229.12,105.34
32,15,7.3779,27.203,238.59,113.85
32,15,6.6773,27.493,243.06,115.84
32,15,6.8037,27.334,239.93,113.92
32,15,5.7342,27.721,249.49,119.93
32,15,5.8242,28.153,249.08,116.02
32,15,5.8633,27.31,253.34,127.44
32,15,5.0576,27.424,238.56,111.86
32,15,6.0446,27.55,235.36,106.35
32,15,4.0164,28.906,263.48,124.9
32,15,5.6119,26.929,229.38,106.92
32,15,6.1383,27.49,249.21,120.81
32,15,4.7782,27.715,249.03,118.9
32,15,4.7392,27.281,235.57,110.44
32,15,4.3348,26.712,234.67,112.59
32,15,5.0948,27.589,248.59,119.51
32,15,5.0978,26.927,242.89,121
32,15,4.9511,27.494,240.31,114
32,15,4.7925,27.487,233.48,105.64
32,15,5.6205,27.781,245.81,116.63
32,15,4.4716,27.24,237.25,113.04
32,15,5.7386,28.124,255.37,124.11
32,15,4.2095,28.965,269.54,128.39
32,15,4.4635,28.029,250.33,116.37
32,15,6.4221,27.265,244.56,118.55
32,15,5.3724,27.887,253.38,123.25
32,15,5.8941,27.235,237.57,113.63
32,15,7.1738,27.081,229.47,106.89
32,15,7.394,27.665,249.47,121.7
32,15,7.7972,26.042,221.04,106.14
32,15,4.6557,28.604,270.22,131.95
32,15,5.2068,27.115,232.42,108.94
32,15,5.4231,27.393,247.26,120.2
32,15,5.8877,27.18,239.59,116.35
32,15,5.7231,27.15,232.78,110.2
32,15,4.9755,28.869,272.56,130.26
32,15,6.8898,26.974,233.31,111.59
32,15,5.6634,27.555,240.39,111.27
32,15,4.7206,26.603,227.44,107.45
32,15,4.6931,27.929,252.82,122.61
32,15,5.2975,27.963,256.52,126.02
32,15,6.5702,28.443,262.09,124.22
32,15,5.7226,26.939,238.26,116.97
32,15,4.7898,27.265,236.79,111.9
32,15,7.1172,27.57,235.21,108.54
32,15,6.9706,26.627,232.01,112.86
32,15,5.2377,27.668,251.34,122.97
32,15,6.7788,26.619,235.31,113.94
32,15,7.1437,28.37,254,121.64
32,15,4.8579,27.202,236.55,111.27
32,15,3.9677,26.403,225.76,109.75
32,15,6.3107,27.722,240.68,111.22
32,15,4.6193,27.959,258.64,127.84
32,15,5.7102,27.991,255.1,123.65
32,15,6.4567,28.92,262.85,124.94
32,15,6.2062,28.24,249.15,116.06
32,15,5.777,27.492,238.47,111.65
32,15,5.0334,26.971,244.19,118.95
32,15,5.3444,25.961,210.82,97.758
32,15,4.8071,27.051,228.67,106.04
32,15,7.4704,27.535,243.95,115.73
32,15,5.9857,27.895,243.6,113.01
32,15,4.3118,27.682,257.22,126.29
32,15,4.9374,26.794,239.3,115.1
32,15,5.9137,27.109,231.19,104.11
32,15,4.3761,28.273,256.28,121.85
32,15,7.5491,27.759,259.29,129.66
32,15,5.5171,27.01,226.07,105.33
32,15,5.4769,27.074,241.17,118.67
32,15,5.6864,26.911,231.25,110.35
32,15,8.6609,27.861,256.14,124.59
32,15,6.1927,27.603,249.99,121.89
32,15,4.7761,27.908,247.88,114.87
32,15,5.7271,27.06,238.01,115.42
32,15,4.9154,26.936,230.73,106.5
32,15,5.7294,27.607,239.26,112.89
32,15,7.5722,27.566,252.07,123.07
32,15,6.1794,26.382,231.06,111.35
32,15,5.5509,28.878,268.29,131.44
32,15,6.0926,27.49,244.07,116.72
32,15,7.1958,27.806,249.78,119.41
32,15,5.0678,26.965,232.99,108.93
32,15,6.7505,27.602,239.27,110.64
32,15,8.6787,27.897,249.7,118.28
32,15,5.2598,26.517,222.62,105.82
32,15,5.1689,27.303,237.01,109.03
32,15,5.9545,27.129,229.98,104.95
32,15,5.9144,27.781,238.7,110.54
32,15,5.4539,28.278,254.51,121.91
32,15,5.619,28.277,256.23,122.32
32,15,6.715,27.862,247.86,116.71
32,15,5.5995,27.44,240.22,112.04
32,15,5.1691,26.866,225.97,102.33
32,15,6.091,28.26,256.8,122.85
32,15,6.7443,27.336,232.14,106.83
32,15,5.7266,26.23,219.1,104.46
32,15,4.5529,27.241,240.61,116.09
32,15,5.1426,26.832,231.79,109.47
32,15,5.3527,28.17,259.03,125.48
32,15,5.1845,27.138,232.21,108.46
32,15,4.8718,26.639,227.22,106.34
32,15,4.6744,27.707,250.49,120.69
32,15,4.8447,27.155,232.6,107.73
32,15,5.9309,26.816,227.72,106.22
32,15,6.3953,28.507,264.24,128.63
32,15,4.6984,27.426,243.49,115.79
32,15,5.6014,27.843,256.59,126.66
32,15,6.0852,28.694,262.89,124.25
32,15,5.1184,27.033,230.77,108.57
32,15,5.587,27.152,239.41,113.87
32,15,7.1822,27.944,242.27,108.79
32,15,5.0012,27.554,250.43,121.89
32,15,6.4864,27.075,234.74,110.02
32,15,6.5695,27.708,248.88,120.31
32,15,5.7865,27.066,242.91,120.96
32,15,4.8319,27.249,243.61,118.56
32,15,4.9335,27.983,250.2,117.29
32,15,4.5576,26.5,230.92,109.79
32,15,5.5388,27.494,240.52,114.46
32,15,4.9751,27.351,245.14,117.36
32,15,5.9003,28.258,251.77,117.91
32,15,4.6285,27.122,233.45,108.93
32,15,5.675,27.878,254.52,125.14
32,15,4.426,27.235,238.81,115.11
32,15,5.8483,27.432,235.28,108.09
32,15,4.7892,27.505,249.46,120.88
32,15,5.1057,28.009,254.65,121.77
32,15,7.0293,26.622,224.53,105.59
32,15,6.4396,26.905,229.56,107.71
32,15,4.8343,27.446,251.43,124.46
32,15,6.2377,28.162,247.09,117.07
32,15,4.728,28.41,253.2,117.51
32,15,8.0315,27.017,232.81,108.52
32,15,5.6251,27.592,235.26,108.31
32,15,6.2845,27.682,242.47,114.38
32,15,5.4506,27.646,243.05,114.1
32,15,4.7045,27.412,240.26,113.34
32,15,6.8029,27.127,232.74,107.15
32,15,5.9138,28.156,253.25,122.02
32,15,4.997,26.538,225.46,107.05
32,15,6.0729,28.176,255.79,121
32,15,5.8447,26.623,223.69,103.32
32,15,6.8687,27.165,229.49,105.23
32,15,8.6183,27.386,239,113.54
32,15,7.4653,26.225,219.02,103.68
32,15,6.0118,27.693,249.89,120.02
32,15,5.5319,26.057,221.46,107.31
32,15,5.1933,27.75,243.55,113.48
32,15,4.4418,27.996,251.33,118.57
32,15,4.9887,26.292,226.04,108.64
32,15,5.7002,27.823,247.77,118.2
32,15,4.476,27.155,246.25,119.9
32,15,6.0129,28.337,259.73,124.48
32,15,5.0952,27.902,255.49,123.44
32,15,4.6466,26.478,223.89,103.13
32,15,4.6448,28.449,268.99,130.89
32,15,4.5595,28.248,249.8,114.83
32,15,5.8279,27.462,226.25,100.08
32,15,4.4452,27.885,243.32,110.78
32,15,5.7467,27.101,236.47,112.53
32,15,5.5757,28.841,265.93,125.21
32,15,5.3303,27.908,242.71,112.42
32,15,7.1332,27.692,254.48,123.52
32,15,5.9593,27.178,225.41,101.41
32,15,6.2048,27.049,233.47,111.7
32,15,6.2799,27.123,234.53,109.11
32,15,4.5003,27.267,244.39,119.86
32,15,4.5262,27.371,246.05,118.37
32,15,5.6009,28.472,269.15,131.49
32,15,4.7855,28.15,257.01,123.26
32,15,6.3786,27.929,244.78,114.33
32,15,6.8282,27.655,241.31,113.66
32,15,5.6635,28.299,260.33,124.82
32,15,4.7112,27.213,236.54,111.9
32,15,5.2946,27.231,245.47,119.58
32,15,5.4489,26.43,225.87,108.94
32,15,6.3798,27.76,248.04,118.18
32,15,5.179,27.544,244.48,117.61
32,15,4.5998,27.09,236.87,114.46
32,15,6.7606,27.588,249.17,119.99
32,15,5.2439,27.964,255.5,123.69
32,15,4.6163,27.128,233.03,109.43
32,15,5.7642,27.611,241.46,113.1
32,15,5.2117,28.197,259.45,123.38
32,15,6.6421,27.025,221.23,99.787
32,15,6.2756,27.595,249.96,121.63
32,15,6.5533,28.373,258.74,123.18
32,15,6.8044,27.623,243.41,113.77
32,15,5.2747,25.773,210.41,97.551
32,15,4.8954,26.602,219.03,99.36
32,15,4.7848,26.771,230.85,108.44
32,15,5.3936,26.876,230.36,109.91
32,15,5.9021,29.371,275.04,131.1
32,15,5.6419,27.563,236.99,109.8
32,15,6.5063,27.47,233.69,107.47
32,15,4.2155,27.044,229.36,107.44
32,15,5.494,26.263,223.65,106.85
32,15,5.0577,26.371,224.43,106.66
32,15,4.5325,28.761,266.84,127.23
32,15,7.2982,27.976,257.79,125.79
32,15,5.3253,27.627,242.5,113.27
32,15,5.4422,27.139,244.6,119.34
32,15,6.4709,28.409,251.95,116.76
32,15,5.5077,27.882,262.04,130.83
32,15,6.7793,27.002,236.84,113.08
32,15,4.8883,26.88,236.96,115.49
32,15,5.7934,28.686,268.74,130.4
32,15,5.3147,27.23,243.11,116.94
32,15,5.4293,26.843,224.43,103.45
32,15,5.4295,28.988,263.49,123.26
32,15,5.1269,26.775,233.02,112.04
32,15,5.4399,28.959,271.71,132.43
32,15,6.4685,27.836,248.02,119.39
32,15,5.4218,28.809,268.96,128.68
32,15,5.7767,27.632,252.88,123.66
32,15,6.0352,27.347,241.43,115.16
32,15,5.2757,27.577,247.94,119.74
32,15,6.3272,27.776,235.04,106.2
32,15,5.2497,27.366,240.45,110.59
32,15,6.7538,27.852,250.42,120.13
32,15,5.2678,27.304,236.66,110.31
32,15,8.3965,28.188,257.11,122.54
32,15,6.7998,27.522,244.3,116.31
32,15,5.5198,28.021,246.69,113.73
32,15,6.274,27.439,241.39,113.7
32,15,5.2089,27.776,254.98,124.37
32,15,5.9093,26.852,232.11,109.72
32,15,6.699,27.389,239.38,113.03
32,15,7.8435,28.489,254.32,117.88
32,15,6.5178,27.784,249.51,120.51
32,15,4.8518,27.153,233.62,109.35
32,15,6.1062,27.077,234.4,110.38
32,15,6.1707,26.989,235.66,110.89
32,15,6.2163,26.665,227.81,107.57
32,15,6.2367,28.239,255.34,122.18
32,15,6.4616,27.911,256.22,123.9
32,15,7.705,27.938,253.97,119.05
32,15,5.1494,27.871,258.06,126.96
32,15,4.8346,28.498,261.22,124.01
32,15,6.9166,26.959,234.18,112.02
32,15,5.6934,27.206,227.02,101.96
32,15,5.4477,27.362,243.66,118.26
32,15,6.1454,27,218.39,97.618
32,15,5.181,26.838,229.65,107.5
32,15,5.006,27.719,246.86,116.1
32,15,5.0749,27.185,240.11,113.98
32,15,6.7711,27.516,242.6,112.82
32,15,6.196,27.799,249.84,120.98
32,15,5.3925,28.118,243.18,109.21
32,15,5.4023,26.667,233.8,113.27
32,15,5.3545,26.962,223.3,101.88
32,15,6.188,26.688,220.57,101.01
32,15,5.8428,26.872,236.66,115.88
32,15,5.8323,27.793,253.21,121.95
32,15,6.1858,26.937,225.37,102.93
32,15,5.7005,27.493,246.06,118.16
32,15,5.0192,27.036,243.83,118.97
32,15,4.7464,26.926,231.9,109.94
32,15,6.2624,27.967,253.49,121.46
32,15,5.5746,29.156,277.95,133.97
32,15,4.5529,27.815,250.3,119.87
32,15,4.6366,28.321,252.03,114.86
32,15,8.1915,26.959,233.65,109.95
32,15,5.5972,27.32,236.31,110.57
32,15,5.63,27.666,241.83,113.36
32,15,5.3915,28.694,266.63,127.74
32,15,6.351,28.986,258.28,120.47
32,15,5.8412,27.497,241.41,111.99
32,15,5.6763,27.283,238.37,113.08
32,15,4.294,27.302,242.88,115.56
32,15,5.6079,26.585,220.87,100.38
32,15,6.1685,27.27,240.25,113.89
32,15,4.9502,28.426,257.99,120.02
32,15,5.6457,27.512,242.41,113.2
32,15,4.8006,27.809,241.37,109.68
32,15,6.2444,27.104,227.91,103.59
32,15,4.6532,26.5,225.2,104.26
32,15,8.1968,28.246,260.68,128.04
32,15,7.5865,27.922,245.73,113.14
32,15,6.9849,28.183,254.29,120.61
32,15,6.934,26.802,225.27,104.19
32,15,6.7177,28.255,258.17,122.9
32,15,5.1314,27.387,243.7,117.83
32,15,5.6027,27.232,242.9,118.55
32,15,4.7571,27.422,241.57,114.04
32,15,5.4448,27.75,241.58,113.18
32,15,5.0389,27.786,244.4,113.92
32,15,4.9328,26.717,228.75,108.88
32,15,6.9955,27.416,240.76,115.29
32,15,5.4509,27.841,253.15,121.67
32,15,4.7271,26.999,237.68,111.2
32,15,4.5996,27.33,242.69,115.08
32,15,5.7829,27.436,242.49,115.25
32,15,5.5401,28.075,248.19,114.7
32,15,4.8311,27.542,241.76,113.22
32,15,6.6752,27.344,243.27,115.01
32,15,5.5308,26.917,229.78,105.91
32,15,6.5889,27.676,244.59,114.08
32,15,5.8786,27.879,253.97,122.35
32,15,6.4659,28.568,263.38,122.43
32,15,7.6938,27.174,241.47,117.14
32,15,5.5922,27.102,238.59,114.67
32,15,4.8065,28.245,250.15,116.31
32,15,4.9498,27.438,237.13,111.18
32,15,6.3081,26.909,228.4,107.37
32,15,4.6799,27.895,256.99,126.31
32,15,6.0673,27.758,246.09,117.86
32,15,7.1121,26.379,220.67,104.72
32,15,6.0482,27.972,250.17,118.27
32,15,5.8448,27.212,236.52,112.01
32,15,5.8044,28.081,254.76,123.03
32,15,6.7215,27.101,234.5,111.48
32,15,5.4236,28.036,237.56,107.08
32,15,7.0695,27.336,237.71,110.35
32,15,9.5196,27.425,232.78,106.17
32,15,5.999,28.185,258.28,125.39
32,15,8.6679,27.826,251.01,119.78
32,15,5.9914,27.203,226.84,103.63
32,15,4.695,26.247,228.01,110.52
32,15,5.3287,27.683,238.99,109.94
32,15,5.4061,27.499,234.92,106.49
32,15,6.5369,26.741,233.79,113.92
32,15,5.685,27.757,248.06,118.2
32,15,4.4337,26.819,229.31,105.86
32,15,6.3299,26.777,224.08,103.16
32,15,5.3652,27.17,233.37,108.87
32,15,5.5921,27.664,243.14,114.34
32,15,5.0498,27.55,242.34,115.34
32,15,8.7616,27.867,248.75,118.62
32,15,6.0984,28.955,261.69,120.07
32,15,5.2984,27.076,230.05,106.91
32,15,5.6347,27.418,238.61,111.25
32,15,5.35,27.293,236.9,109.89
32,15,6.4705,27.297,241.03,114.78
32,15,4.6752,28.015,251.4,119.36
32,15,5.6584,27.638,243.09,115.7
32,15,4.8496,28.581,268.98,131.99
32,15,5.8514,27.913,250.47,117.68
32,15,5.7988,27.783,247.9,116.27
32,15,6.8179,27.34,247.5,121.69
32,15,6.2568,27.787,244.24,114.69
32,15,6.782,27.721,255.21,127.72
32,15,5.8572,27.304,235.08,108.38
32,15,6.8588,26.852,233.59,111.23
32,15,6.9485,27.236,233.58,108.78
32,15,5.3759,27.77,255.36,122.99
32,15,5.5456,26.994,230.61,105.48
32,15,6.3487,27.636,233.03,104.85
32,15,5.7314,27.033,227.47,103.36
32,15,6.54,28.516,265.74,130.95
32,15,5.5166,28.527,268.58,130.44
32,15,4.9024,27.827,243.06,112.34
32,15,5.1048,28.363,266.89,129.93
32,15,5.7556,26.53,225.04,107.24
32,15,5.529,27.095,231.83,108.47
32,15,5.1963,28.05,263.79,130.69
32,15,6.6199,27.505,229.91,104.58
32,15,4.804,27.509,246.1,119.14
32,15,4.4985,27.04,232.01,109.12
32,15,6.3456,27.599,245.17,116.7
32,15,6.0935,26.683,225.76,106.54
32,15,6.419,26.998,237.6,114.04
32,15,5.2246,27.582,243.53,114.73
32,15,4.9318,26.649,233.35,113.19
32,15,6.2084,27.635,245.34,116.85
32,15,5.9911,26.908,221.72,99.298
32,15,8.5745,26.618,229.83,111.07
32,15,5.6607,27.477,245.87,116.59
32,15,5.4865,27.859,251.82,119.94
32,15,6.0528,27.39,252.46,124.5
32,15,7.0997,27.547,248.82,120.09
32,15,5.1929,27.598,240.39,112.17
32,15,4.8363,27.623,243.28,116.05
32,15,7.9356,28.224,254.28,119
32,15,5.2162,28.749,267.13,127.98
32,15,4.4995,27.319,241.05,116.37
32,15,7.5123,27.054,239.69,116.86
32,15,4.8194,26.381,224.28,107.42
32,15,5.8702,27.763,239.54,112.35
32,15,5.8336,27.325,244.1,117.65
32,15,5.9423,28.707,261.17,124.29
32,15,4.6503,28.009,264.95,132.92
32,15,5.9725,27.561,236.11,109.78
32,15,6.3311,26.972,230.35,109.07
32,15,6.3208,27.505,237.05,109.1
32,15,4.7132,27.835,242.73,110.15
32,15,5.6703,28.233,249.4,115.7
32,15,5.4677,28.387,253.92,118.73
32,15,5.1096,27.429,242.69,115.64
32,15,4.6807,27.954,254.44,120.87
32,15,5.3615,27.834,247.61,118.43
32,15,5.0079,27.901,254.55,123.2
32,15,5.0893,27.405,239.01,113.58
32,15,6.2521,28.82,275.31,135.11
32,15,5.7275,27.348,245.3,118.33
32,15,5.8686,27.746,243.83,115.04
32,15,5.8566,27.183,240.08,114.5
32,15,5.8255,27.7,239.78,111.34
32,15,4.7253,27.111,236.52,112.08
32,15,6.1279,26.97,234.64,111.45
32,15,5.2179,27.946,249.55,119.16
32,15,6.6957,27.347,243.56,117.74
32,15,4.3204,27.916,256.68,125.09
32,15,4.1568,27.698,243.51,112.32
32,15,5.961,27.794,248.36,119.56
32,15,6.5993,27.755,238.47,109.43
32,15,6.1447,28.367,262.92,126.98
32,16,5.2409,27.358,236.16,109.91
32,16,5.6796,28.449,264.87,128.78
32,16,5.6505,28.555,257.07,121.73
32,16,5.2643,27.609,254.36,124.41
32,16,7.3358,26.537,228.57,107.4
32,16,5.5526,28.104,246.13,112.57
32,16,10.875,26.076,209.8,94.477
32,16,6.3409,27.513,241.45,114.97
32,16,5.8386,28.154,252.31,117.81
32,16,8.8416,27.98,256.12,124.27
32,16,4.5707,28.04,254.34,120.22
32,16,4.7427,27.848,253.61,123.2
32,16,6.6571,28.109,247.71,116.64
32,16,6.8852,29.31,274.26,131.11
32,16,6.5897,27.604,241.08,113.23
32,16,5.4365,27.73,249.35,121.44
32,16,7.1518,26.908,234.87,111.43
32,16,6.0978,28.04,270.81,137.64
32,16,5.3244,28.199,254.49,120.74
32,16,6.2738,27.295,237.79,111.22
32,16,4.7052,27.3,240.07,114.9
32,16,4.2336,27.535,244.76,115.68
32,16,5.9476,28.126,265.54,130.85
32,16,4.4052,28.35,260.47,123.5
32,16,5.9616,27.457,242.89,116.74
32,16,7.522,26.877,224.94,104.25
32,16,6.2326,27.601,242.68,115.72
32,16,5.3567,29.325,274.37,129.38
32,16,6.6851,28.379,268.73,132.86
32,16,4.7824,27.144,239.5,114.91
32,16,5.4834,26.532,227.89,106.31
32,16,5.145,28.243,261.18,126.61
32,16,5.2602,28.369,253.81,116.8
32,16,5.8543,27.322,239.61,114.44
32,16,5.011,28.186,255.52,122.96
32,16,5.4838,27.374,239.79,113.95
32,16,4.8572,26.621,233.89,114.58
32,16,6.509,28.602,256.47,120.14
32,16,7.8169,28.162,247.85,112.6
32,16,5.815,27.44,246.54,119.51
32,16,6.2861,27.081,234.76,111.04
32,16,6.9116,27.701,248.07,119.85
32,16,6.45,28.612,265.4,128.95
32,16,4.9244,28.076,254.59,121.01
32,16,6.9424,27.692,242.15,112.15
32,16,5.3783,27.484,249.49,118.84
32,16,5.8429,27.917,243.78,113.19
32,16,5.8665,27.012,235.42,112.1
32,16,5.4108,27.783,249.63,120.51
32,16,5.5709,26.915,234.18,113.98
32,16,6.6986,26.171,219.8,104.2
32,16,5.3085,28.338,262.71,126.18
32,16,5.0895,27.779,244.3,114.68
32,16,5.0528,27.384,245.91,116.64
32,16,6.1634,26.7,224.15,104.06
32,16,8.5376,27.857,257.52,123.84
32,16,5.1656,27.703,250.84,120.86
32,16,4.7823,27.64,248.47,119.01
32,16,8.6777,27.856,247.73,116.88
32,16,5.1087,27.491,252.54,123.59
32,16,5.2481,27.501,243.1,115.78
32,16,7.2878,26.807,235.69,114.52
32,16,4.4622,28.049,256.08,122.41
32,16,7.2177,27.816,242.88,114.01
32,16,5.5645,28.421,261.53,125.87
32,16,6.403,28.461,263.33,127.01
32,16,7.3646,26.902,237.01,114.7
32,16,4.978,27.81,255.85,124.26
32,16,5.3882,26.952,234.44,109.82
32,16,5.4081,28.293,266.32,131.95
32,16,6.5146,28.125,248.33,114.15
32,16,5.4381,27.116,241.51,118.93
32,16,8.7145,26.2,225.22,110.41
32,16,6.1179,28.329,259.96,125.52
32,16,5.0254,26.488,227.34,108.64
32,16,6.7822,28.032,270.15,135.49
32,16,4.5828,27.264,249.85,122.96
32,16,5.2565,27.431,243.44,116.48
32,16,7.1559,28.078,253.05,120.55
32,16,5.9462,28.372,258.77,125.01
32,16,5.5496,27.369,236.92,112.63
32,16,5.218,27.408,251.24,124.24
32,16,6.6556,27.785,254.15,123.69
32,16,5.2108,28.383,256.52,120.1
32,16,4.8046,28.254,272.8,134.84
32,16,8.4142,27.466,249.54,122.44
32,16,6.3869,28.476,265.26,129.07
32,16,6.1411,26.763,231.56,108.76
32,16,6.0797,28.316,271.5,134.38
32,16,5.4407,27.015,238.1,114.63
32,16,5.9874,27.342,233.86,108.57
32,16,6.2646,27.586,243.68,115.06
32,16,4.8244,27.248,243.03,117.01
32,16,5.1707,28.335,260.2,125.99
32,16,5.6474,27.194,241.92,117.31
32,16,5.8554,27.488,240.26,114.39
32,16,7.0482,27.146,240.79,116.62
32,16,4.5214,27.562,235.29,105.14
32,16,6.6327,28.291,261.16,127.3
32,16,6.2167,26.668,227.5,107.27
32,16,4.8734,28.21,255.06,121.49
32,16,5.2186,27.235,241.21,117.18
32,16,5.8526,27.918,246.29,116.41
32,16,4.9162,27.029,238.65,115.46
32,16,7.7414,27.696,237.2,109.21
32,16,4.6933,28.564,260.66,123.37
32,16,5.8536,27.368,237.85,111.3
32,16,4.9287,27.834,244.74,114.02
32,16,5.0732,27.687,250.8,120.07
32,16,4.2718,27.771,256.4,126.16
32,16,4.9388,27.326,240.73,114.24
32,16,5.6887,28.25,250.14,116.27
32,16,4.401,27.713,253.74,123.51
32,16,6.0811,27.746,245.6,115.38
32,16,6.6201,28.222,245.91,110.11
32,16,6.0424,28.027,245.95,114.36
32,16,5.3338,27.43,230.89,104.12
32,16,7.9472,28.539,264.55,128.96
32,16,4.635,27.954,252.42,122.75
32,16,7.1381,27.251,240.4,114.43
32,16,5.44,28.415,259.86,122.19
32,16,5.2525,27.132,229.62,106.06
32,16,4.4988,27.486,236.42,111.37
32,16,5.8007,28.146,257.51,124.61
32,16,5.2599,27.413,246.83,121.55
32,16,6.8283,28.221,256.52,122.1
32,16,5.2514,27.646,249.9,121.23
32,16,5.7145,28.339,264.89,128.17
32,16,6.1351,27.215,242.23,117.32
32,16,4.7533,28.205,264.88,131.23
32,16,5.7859,27.764,246.75,115.77
32,16,4.7932,26.492,227.96,108.48
32,16,6.0415,26.147,215.73,101.38
32,16,5.7244,27.747,247.44,117.5
32,16,6.8878,28.192,257.2,122.28
32,16,6.8877,28.647,276.25,137.6
32,16,5.6346,28.991,273.75,132.28
32,16,4.9159,27.654,239.45,110.42
32,16,5.6543,28.13,252.25,121.28
32,16,4.6504,27.376,237.7,111.65
32,16,5.4532,26.408,230.79,112.24
32,16,4.634,28.395,255.29,118.7
32,16,6.6937,26.795,230.29,109.89
32,16,4.9867,27.62,244.65,116.24
32,16,5.8438,28.353,254.03,119.35
32,16,5.6411,28.295,256.4,120.3
32,16,4.7617,27.132,241.91,117.22
32,16,4.8414,27.415,245.71,119.2
32,16,6.0555,27.55,247.53,120.69
32,16,4.4055,27.472,242.3,114.26
32,16,3.8949,27.678,260.21,131.15
32,16,6.9385,27.174,237.54,113.24
32,16,5.873,25.716,209.92,98.238
32,16,7.011,28.909,269.21,128.9
32,16,5.3868,27.005,233.38,109.99
32,16,5.0374,27.242,240.7,113.62
32,16,5.1378,27.508,234.91,105.8
32,16,9.1957,28.065,257.43,125.68
32,16,5.9597,27.873,250.85,119.42
32,16,6.5193,27.912,250.91,119.7
32,16,5.3886,29.214,282.84,138.39
32,16,4.9194,27.207,235.86,112.3
32,16,4.9421,27.314,241.1,116.22
32,16,5.8097,27.48,242.85,113.44
32,16,6.655,25.92,211.68,99.422
32,16,7.5475,28.105,246.71,112.19
32,16,4.9541,27.563,249.18,120.8
32,16,6.3899,27.499,240.98,114.02
32,16,5.6395,27.399,245.14,120.15
32,16,4.7485,28.126,266.1,132.23
32,16,5.5689,27.484,245.38,118.65
32,16,6.4696,27.792,249.11,119.66
32,16,5.7196,27.966,255.68,123.27
32,16,6.4353,27.971,254.56,124.1
32,16,5.4072,27.742,243.96,110.26
32,16,6.1706,27.039,238.71,115.21
32,16,9.3959,27.803,249.16,118.3
32,16,6.0198,27.915,259.62,127.89
32,16,6.2863,28.195,258.97,124.19
32,16,6.762,28.78,268.5,130.25
32,16,4.796,28.37,264.6,127.97
32,16,4.8927,27.774,243.74,112.13
32,16,6.3107,26.503,218.55,99.779
32,16,5.1976,28.937,270.4,127.35
32,16,5.7614,26.991,235.16,113.58
32,16,5.2512,26.928,235.29,111.13
32,16,5.877,27.166,240.01,113.03
32,16,4.9689,28.297,257.5,122.06
32,16,4.6956,28.801,267.88,127.19
32,16,5.9066,27.137,231.07,106.92
32,16,5.8735,26.892,235.24,111.34
32,16,7.6862,28.324,267.2,131.17
32,16,5.0278,28.75,272.82,133.57
32,16,7.6884,28.776,270.65,131.17
32,16,5.8379,27.557,244.74,116.15
32,16,5.9167,28.366,255.86,121.08
32,16,5.4309,27.649,240.67,111.77
32,16,5.2184,28.489,256.31,120.77
32,16,5.5207,26.765,233.86,112.08
32,16,4.7308,27.992,256.65,120.54
32,16,7.5083,27.639,239.62,111.61
32,16,5.9268,28.28,254.89,119.69
32,16,5.6688,28.089,260.43,128.53
32,16,6.7972,27.311,246.5,121.71
32,16,5.8516,27.327,246.32,119.61
32,16,5.0186,27.298,244.92,121.54
32,16,6.3952,28.976,264.48,121.26
32,16,5.3725,28.142,255.58,123.15
32,16,6.2229,28.037,249.91,116.25
32,16,4.8828,29.234,275.9,133.25
32,16,7.7492,27.566,236.48,108.58
32,16,4.5342,28.813,278.79,139.9
32,16,7.17,26.101,218.64,104.22
32,16,5.0372,26.349,217.42,100.39
32,16,5.5088,26.993,238.26,116.9
32,16,3.9581,26.634,226.15,105.41
32,16,5.0902,28.044,251.68,120.62
32,16,5.2568,28.322,267.87,131.24
32,16,5.6217,27.556,240.66,113.13
32,16,5.7648,27.912,255.26,124.43
32,16,7.115,28.082,250.99,118.25
32,16,5.8342,26.824,233.52,111.02
32,16,5.7725,27.741,248.64,119.86
32,16,4.7782,27.761,252.99,124.79
32,16,6.5432,26.836,224.72,104.16
32,16,7.1658,28.795,268.05,129.15
32,16,6.8816,27.01,245.65,122.21
32,16,6.0544,28.593,274.02,135.27
32,16,5.8887,27.36,245.47,117.82
32,16,8.7893,28.086,247.3,115.34
32,16,5.6812,26.843,228.14,106.82
32,16,4.6805,27.346,238.6,112.64
32,16,6.0501,27.632,248.61,120.31
32,16,5.4384,28.487,270.59,133.98
32,16,6.8538,27.844,258.52,126.46
32,16,6.345,28.953,269.94,129.61
32,16,4.9941,28.755,262.65,125.35
32,16,5.5971,27.77,241.6,111.6
32,16,5.1489,27.807,248.64,115.58
32,16,5.5427,29.241,280.54,137.61
32,16,5.065,27.403,249.71,122.34
32,16,4.9195,27.966,252.89,122.35
32,16,4.326,27.798,256.35,124.91
32,16,7.0974,28.444,258.89,120.89
32,16,5.9879,28.189,251.16,117.99
32,16,6.3365,28.57,262.7,120.64
32,16,5.3852,27.106,231.14,107.67
32,16,5.2854,27.977,249.2,117.56
32,16,5.2399,27.462,250.54,123.89
32,16,4.7764,27.56,259.65,130.52
32,16,4.5395,28.144,251.78,118.67
32,16,5.8389,27.106,236.11,109.37
32,16,6.0647,28.361,270.02,133.04
32,16,6.2664,28.406,250.84,112.34
32,16,4.8227,26.76,228.99,109.2
32,16,6.1328,27.472,249.7,121.68
32,16,5.5713,28.032,260.17,125.58
32,16,7.6409,26.933,235.68,114.42
32,16,5.5771,27.421,243.8,117.54
32,16,6.7606,27.159,240.73,114.66
32,16,5.0373,27.953,263.84,130.64
32,16,5.6324,27.731,252.97,123.42
32,16,6.7757,27.012,242.56,118.44
32,16,4.4881,27.655,248.51,120.05
32,16,4.1811,27.813,245.35,115.63
32,16,4.7481,27.931,247.89,115.32
32,16,5.7883,27.685,240.39,111.22
32,16,7.5466,27.715,254.78,124.25
32,16,7.2476,27.03,236.4,112.05
32,16,5.4047,26.921,230.35,108
32,16,4.8728,26.884,240.67,117.11
32,16,5.2567,27.707,249.1,117.62
32,16,7.2321,26.354,225.79,108.1
32,16,8.0611,27.144,238.37,114.54
32,16,4.8188,27.314,235.67,111.19
32,16,5.7847,28.958,267.51,125.56
32,16,6.4512,28.941,273.76,133.08
32,16,6.2091,28.061,257,125.2
32,16,5.7254,27.905,254.39,123.17
32,16,6.0004,28.554,258.75,122.15
32,16,6.8207,27.593,245.34,117.3
32,16,5.3613,27.398,241.16,114.77
32,16,6.4393,26.607,220.6,101.76
32,16,6.4366,28.389,263.24,125.82
32,16,4.8738,27.415,240.59,114.35
32,16,5.2322,27.573,243.5,115.33
32,16,4.5621,28.694,279.78,139.91
32,16,4.7016,26.74,229.74,108.56
32,16,5.7147,28.872,267.11,125.8
32,16,8.3469,28.831,271.54,132.81
32,16,7.886,28.008,248.77,116.09
32,16,4.9236,27.947,259.95,126.75
32,16,4.7472,27.615,247.77,119.47
32,16,6.0134,27.315,245.58,120.39
32,16,5.1533,27.825,246.57,116.26
32,16,6.064,27.879,245.6,116.01
32,16,5.9134,27.837,259.32,126.9
32,16,5.838,27.916,249.85,120.68
32,16,5.7641,28.294,257.48,125.11
32,16,7.4103,27.171,234.61,111.48
32,16,5.1548,27.488,232.85,102.87
32,16,6.2604,27.651,244.1,114.6
32,16,6.8482,27.094,233.02,107.97
32,16,5.7433,26.63,226.78,106.02
32,16,8.0694,28.09,243.68,109.15
32,16,5.9225,28.992,275.38,133.57
32,16,7.7839,28.374,265.53,129.41
32,16,6.1451,27.964,255.02,124.22
32,16,4.2888,28.036,255.17,122.68
32,16,5.4966,29.02,268.66,130.15
32,16,5.5358,29.078,273.78,135
32,16,6.1489,28.927,268.17,125.71
32,16,8.4467,27.856,252.34,120.78
32,16,7.222,27.922,249.61,117.54
32,16,5.4938,27.182,236.43,112.24
32,16,5.0602,27.377,230.39,104.1
32,16,10.268,27.859,249.89,119.06
32,16,4.8346,27.204,239.74,114.18
32,16,4.9647,27.012,236.97,113.19
32,16,6.1939,27.085,235.47,109.54
32,16,6.2442,27.637,240.85,112.16
32,16,5.5297,28.601,265.71,127.33
32,16,5.8938,27.728,248.78,117.44
32,16,6.0753,27.54,232.64,106.05
32,16,5.8298,29.485,289.11,140.68
32,16,5.4947,27.696,247.22,117.38
32,16,5.4172,28.233,255.5,119.34
32,16,6.3276,27.339,241.83,115.28
32,16,6.0105,27.504,246.15,117.13
32,16,7.562,28.771,272.57,133.75
32,16,6.0445,26.855,229.61,106.83
32,16,5.1138,28.424,253.08,115.69
32,16,5.4309,28.011,246.62,116.19
32,16,5.5174,27.831,243.66,111.43
32,16,5.3088,29.497,288.73,141.88
32,16,5.3616,27.584,248.16,119.35
32,16,7.9467,27.974,253.26,119.34
32,16,4.866,28.201,260.81,126.82
32,16,6.737,27.873,249.53,120.92
32,16,5.5099,28.819,278.9,140.49
32,16,5.8226,26.945,224.11,102.04
32,16,5.3076,28.352,241,104.77
32,16,5.2922,28.725,269.13,130.74
32,16,5.7761,28.438,269.08,134.27
32,16,6.736,27.159,245.32,120.65
32,16,5.808,27.077,243.37,119.28
32,16,4.9108,28.123,249.18,117.67
32,16,7.1505,27.836,249.72,120.66
32,16,6.6101,27.534,240.74,114.95
32,16,5.3597,28.468,258.13,121.43
32,16,6.4411,27.313,231.74,108
32,16,5.354,26.971,229.21,107.43
32,16,4.9724,29.73,285.43,137.19
32,16,5.3183,27.58,247.5,118.15
32,16,6.5463,27.283,238.82,113.3
32,16,7.2039,27.986,245.62,113.84
32,16,7.5902,27.032,239.42,115.52
32,16,6.866,28.344,249.43,115.05
32,16,6.3516,27.853,252.81,122.88
32,16,5.9302,27.95,260.45,128.04
32,16,5.0425,27.867,255.48,124.57
32,16,5.2966,28.88,269.05,127.75
32,16,6.0911,27.704,251.17,120.12
32,16,5.7071,27.827,249.62,119.06
32,16,5.3559,26.955,237.61,115.15
32,16,6.0561,26.823,236.97,113.64
32,16,5.338,28.988,267.98,127.76
32,16,5.814,27.314,240.12,115.47
32,16,5.6935,29.125,275.26,133.3
32,16,5.8853,27.117,241.37,117.75
32,16,5.7386,27.366,253.1,125.09
32,16,5.6736,27.859,240.85,111.38
32,16,4.7436,26.494,224.18,105.26
32,16,5.7195,26.423,226.38,108.44
32,16,6.4366,28.245,256.27,120.84
32,16,7.4123,27.987,256.96,125.42
32,16,5.9832,26.858,238.42,117.2
32,16,4.4286,28.734,262.99,123.9
32,16,5.2687,28.033,260.36,127.2
32,16,5.1341,27.835,247.6,116.89
32,16,6.0004,26.832,238.31,117.26
32,16,4.2751,27.748,254.7,125.63
32,16,6.8651,28.338,252.59,117.66
32,16,6.2499,28.086,250.45,116.65
32,16,6.7328,27.513,244.43,116.46
32,16,4.9937,26.992,239.78,116.23
32,16,5.4949,27.47,243.68,115.51
32,16,4.765,26.593,235.52,114.95
32,16,4.9573,28.111,250.09,116.36
32,16,9.0233,27.575,240.86,113.75
32,16,5.7861,28.272,252.31,118.64
32,16,5.9951,26.802,230.52,108.4
32,16,5.1972,27.238,246.33,121.31
32,16,5.259,27.097,231.79,107.76
32,16,5.7267,27.576,233.86,105.97
32,16,5.8191,26.956,232.04,108.2
32,16,5.7339,26.955,226.5,104.67
32,16,5.5024,28.088,251.92,118.52
32,16,5.8923,27.977,254.66,124.56
32,16,7.5689,27.21,240.87,116.68
32,16,4.9341,28.432,253.84,115.09
32,16,6.0453,27.067,225.02,101.78
32,16,7.9954,26.992,231.14,108.56
32,16,6.0307,27.217,240.95,116.69
32,16,5.6644,28.803,249.86,110.39
32,16,5.5839,27.428,246.59,120.66
32,16,5.5186,28.176,259.3,124.22
32,16,5.4296,26.091,217.47,103.36
32,16,5.7277,28.009,261.51,127.6
32,16,5.3907,27.932,261.75,129.06
32,16,6.142,28.366,251.38,117.1
32,16,6.1638,27.712,240.02,110.36
32,16,6.2783,26.516,225.74,108.62
32,16,5.9947,28.34,252.3,115.33
32,16,7.9192,27.878,261.57,130.03
32,16,5.4002,27.329,239.21,114.37
32,16,5.2699,28.62,276.29,137.15
32,16,4.4478,28.175,259.21,124.4
32,16,5.8888,27.119,234.75,109.99
32,16,7.8504,27.87,245.83,117.93
32,16,6.2111,27.971,264.96,132.87
32,16,4.6992,28.317,255.06,119.44
32,16,5.2706,26.804,233.36,111.48
32,16,6.4165,27.555,244,115.97
32,16,5.1595,27.749,244.57,113.71
32,16,6.116,28.158,260.44,125.58
32,16,6.2984,27.665,251.77,121.8
32,16,5.9897,28.013,254.94,120.46
32,16,4.6559,27.445,247.55,120.44
32,16,4.7919,28.278,262.56,126.65
32,16,5.6147,28.186,252.83,119.24
32,16,6.1358,27.585,253.3,124.15
32,16,5.2831,28.448,257.44,120.62
32,16,6.8963,27.954,253.05,121.66
32,16,7.705,27.942,251.25,119.8
32,16,5.8584,27.117,237.93,113.17
32,16,5.5603,27.249,238.7,112.37
32,16,7.1226,27.773,240.85,110.15
32,16,6.5934,27.7,249.31,120.48
32,16,7.0212,27.151,235.67,112.26
32,16,4.9421,28.608,261.82,123.74
32,16,6.1053,27.567,252.46,123.75
32,16,5.1382,26.969,240.28,114.53
32,16,5.5994,26.489,227.12,109.76
32,16,8.0492,26.697,230.79,109.77
32,16,5.1171,28.078,249.25,117.36
32,16,6.661,28.669,255.17,118.39
32,16,5.5722,28.883,273.27,130.72
32,16,5.4131,27.595,244.72,115.73
32,16,6.1534,28.003,251.9,119.81
32,16,4.5605,27.157,238.82,116.22
32,16,6.7804,27.541,250.78,124.29
32,16,6.5182,27.79,255.01,123.1
32,16,5.7606,27.282,249.02,123.38
32,16,5.5428,29.114,268.37,126.85
32,16,5.4413,27.138,231.3,107.02
32,16,5.8632,28.596,272.02,133.73
32,16,8.6985,28.628,266.13,127.18
32,16,5.0347,28.495,272.04,134.7
32,16,5.2543,27.393,242.95,115.85
32,16,5.2052,28.027,251.3,118.65
32,16,6.4418,28.436,256.75,121.86
32,16,6.6386,27.262,233.32,105.67
32,16,8.0421,27.482,239.8,113.26
32,16,5.2523,27.601,241.16,111.48
32,16,7.0661,28.453,258.81,122.49
32,16,4.8199,27.682,257.15,126.26
32,16,7.1027,28.419,257.3,120.66
32,16,6.6867,27.212,240.66,114.94
32,16,4.9518,27.918,248.19,117.92
32,16,4.2638,27.53,250.29,117.67
32,16,5.7363,27.78,250.6,120.01
32,16,4.5535,27.448,238.03,110.61
32,16,4.5548,29.313,279.19,132.41
32,16,7.7761,28.433,265.9,129.41
32,16,5.4359,28.227,257.21,122.95
32,16,6.1778,27.424,244.77,117.32
32,16,6.5496,27.554,241.54,114.79
32,16,4.0451,27.997,252.81,120.28
32,16,5.2502,27.847,257.84,127.64
32,16,5.7027,27.598,259.24,129.5
32,16,7.0755,28.275,261.32,122.9
32,16,5.2765,28.444,261.17,126.45
32,16,6.7212,27.427,237.43,110.41
32,16,5.4194,27.14,244.9,120.61
32,16,5.2623,27.875,246.81,116.53
32,16,8.2783,27.659,255.67,126.44
32,16,6.0348,27.536,247.12,119.36
32,16,5.4037,28.044,257.57,126.41
32,16,4.0603,27.116,233.24,106.85
32,16,6.0188,26.637,228.25,109.72
32,16,5.4934,27.919,244.7,113.04
32,16,10.27,27.637,241.83,112.88
32,16,6.4727,27.673,254.23,125.76
32,16,6.2174,27.749,243.88,116.13
32,16,5.7459,27.928,251.9,118.98
32,16,6.3764,27.029,241,117.48
32,16,5.3794,27.201,239.22,114.51
32,16,6.5457,28.568,261.26,124.58
32,16,4.4565,28.083,258.99,124.98
32,16,5.5676,27.629,252.25,123.89
32,16,5.1756,27.472,243.11,116.19
32,16,6.6347,27.25,236.95,113.21
32,16,5.3015,27.486,247.37,120.25
32,16,6.2196,28.278,253.56,118.32
32,16,7.6214,27.478,234.28,108.21
32,16,5.5423,27.954,250.67,118.98
32,16,5.0099,26.703,224.56,104.6
32,16,6.2388,27.566,247.36,119.94
32,16,6.6096,28.052,266.22,133.54
32,16,5.7817,27.784,259.58,129.87
32,16,4.7454,27.249,244.01,118.96
32,16,4.9151,27.572,244.71,117.17
32,16,5.0847,27.538,245.8,117.79
32,16,5.8156,28.562,270.73,133.96
32,16,5.3387,28.347,255.83,120.68
32,16,6.2095,26.667,227.19,107.2
32,16,5.4009,27.114,241.31,116.66
32,16,6.7629,26.527,229.02,109.89
32,16,6.5599,27.283,245.11,118.87
32,16,5.9823,28.365,257.25,119.78
32,16,4.9222,26.886,233.51,111.54
32,16,6.0291,27.762,248.7,119.02
32,16,4.1296,27.459,251.68,123.57
32,16,6.4202,26.712,229.9,108.37
32,16,5.0148,28.338,271.18,135.52
32,16,6.0604,27.469,249.28,120.34
32,16,7.3594,28.13,248.14,115.92
32,16,8.249,26.929,236.04,113.46
32,16,5.3957,27.163,249.78,123.69
32,16,6.0052,27.245,244.54,118.16
32,16,5.9337,27.14,238.61,114.6
32,16,5.2155,27.551,247.36,119.9
32,16,5.8452,27.362,238.04,112.65
32,16,6.0315,27.068,240.86,117.42
32,16,6.1172,27.961,256.06,122.74
32,16,5.625,27.624,242.23,113.88
32,16,5.4371,28.141,263.03,128.95
32,16,6.3882,27.512,248.37,118.82
32,16,6.1491,27.773,242.42,114.44
32,16,5.5201,27.263,243.96,117.9
32,16,6.2034,27.173,239.75,116.83
32,16,7.7405,27.788,244.57,116.06
32,16,4.5686,27.979,256.21,122.92
32,16,6.1461,28.703,273.14,133.44
32,16,4.4734,28.835,261.48,118.7
32,16,4.851,28.392,257.88,122.12
32,16,5.7483,28.285,257.45,122.16
32,16,5.1539,28.397,263.51,127.89
32,16,4.7127,27.193,241.65,116.25
32,16,5.3403,26.955,240.42,118.3
32,16,6.0821,28.365,262.01,125.94
32,16,4.9457,26.606,226.18,104.76
32,16,4.7371,27.377,240.31,113.42
32,16,5.7926,26.957,228.52,106.77
32,16,5.3903,27.589,251.44,120.75
32,16,5.2311,27.946,253.01,122.51
32,16,6.1823,27.719,250.7,119.96
32,16,6.8728,26.853,229.02,106.91
32,16,5.359,28.759,261.12,121.27
32,16,5.5713,27.648,252.33,122.44
32,16,5.1942,27.531,239.91,112.89
32,16,5.0759,26.764,238.33,118
32,16,4.9882,26.863,236.38,114.6
32,16,5.6279,27.725,247.77,118.54
32,16,5.4945,27.617,251.65,124.01
32,16,5.2533,28.299,255.73,120.53
32,16,5.1412,28.311,263.3,128.56
32,16,5.1269,27.433,248.27,120.97
32,16,7.2185,27.875,254.51,124.07
32,16,5.5909,27.4,246.2,119.06
32,16,6.8845,28.795,266.52,128.4
32,16,5.9914,26.9,239.73,118.5
32,16,6.9078,27.224,241.38,116.15
32,16,5.4366,28.494,263.54,125.7
32,16,6.0114,28.014,259.7,126.09
32,16,5.8903,28.734,262.01,122.05
32,16,5.1692,26.547,225.77,107.71
32,16,6.5817,26.696,235.93,115.26
32,16,5.3388,28.546,270.52,133.07
32,16,6.9762,27.381,239.34,112.28
32,16,6.0677,27.423,250.56,123.7
32,16,5.6605,27.557,254.59,126.97
32,16,5.5976,28.171,246.6,111.61
32,16,4.9989,27.739,256.54,126.13
32,16,6.6123,27.823,248.17,118.19
32,16,6.0271,27.634,239.5,110.11
32,16,4.6649,26.448,213.98,97.207
32,16,4.8234,27.998,262.35,129.37
32,16,5.2797,27.235,241.63,118.66
32,16,5.8106,28.723,265.19,125.81
32,16,5.4216,28.084,250.28,116.71
32,16,6.4356,27.819,241.92,109.73
32,16,6.2172,27.721,247.78,117.12
32,16,5.4881,27.887,255.03,124.65
32,16,5.0366,27.092,229.68,107.59
32,16,4.7963,26.964,232.2,108.81
32,16,5.1049,27.099,231.99,107.64
32,16,6.278,27.225,238.96,113.89
32,16,4.9215,28.379,257.66,121.21
32,16,5.0394,28.561,268.19,130.05
32,16,5.5293,28.033,257.46,126.27
32,16,6.0594,28.333,264.04,128.44
32,16,7.1539,28.712,259.4,123.1
32,16,5.5492,27.339,240.02,112.64
32,16,6.2028,27.58,242.55,115.27
32,16,6.3448,28.015,247.92,115.36
32,16,6.1184,27.939,253.5,121.21
32,16,5.2959,28.469,269.36,132.89
32,16,6.6251,29.075,273.03,130.27
32,16,5.4842,28.146,262.86,127.88
32,16,5.1217,28.659,270.54,130.91
32,16,6.9831,27.37,241.76,115.53
32,16,5.36,28.007,241.1,110.56
32,16,6.846,29.205,263.76,120.73
32,16,6.0208,27.743,251.98,123.71
32,16,4.9854,28.694,263.19,122.64
32,16,5.0431,27.55,249.15,119.75
32,16,6.1213,28.827,273.24,132.05
32,16,5.3027,27.543,244.97,118.36
32,16,4.5538,28.875,268.93,129.53
32,16,5.6791,27.319,236.59,111.56
32,16,7.5929,27.835,251.75,120.52
32,16,7.4725,27.139,236.82,113.23
32,16,5.7863,28.582,270.25,133.53
32,16,8.3457,26.682,228.27,106.62
32,16,5.0866,28.382,264.59,126.79
32,16,5.5517,27.715,256.83,125.57
32,16,6.0802,27.531,261.88,133.59
32,16,6.9038,28.644,265.58,127.51
32,16,5.3872,27.546,239.29,113.57
32,16,6.1931,28.271,255.38,120.24
32,16,4.752,27.156,240.16,117.02
32,16,5.2796,29.198,278.48,134.33
32,16,6.4635,27.891,248.02,117.59
32,16,5.0626,27.902,255.93,124.8
32,16,5.3289,28.028,260.37,127.32
32,16,5.7802,27.883,250.06,119.18
32,16,5.0719,27.556,247.31,119.52
32,16,8.4263,27.953,244.11,113.06
32,16,5.5477,26.748,221.7,100.99
32,16,7.8718,27.659,236.28,108.58
32,16,5.6768,28.675,276.53,137.06
32,16,6.0649,28.866,269.65,128.27
32,16,5.624,27.699,252.45,122.25
32,16,7.9347,27.34,244.51,118.6
32,16,5.0231,26.972,233.37,110.98
32,16,6.589,27.869,238.58,109.78
32,16,6.2644,29.132,277.69,133.37
32,16,5.8252,27.469,238.04,113.13
32,16,5.7019,28.34,251.06,116.85
32,16,6.8496,27.661,251.83,122.82
32,16,7.9824,27.163,242.03,117.04
32,16,7.3613,27.52,237.64,110.5
32,16,4.4188,28.271,262.59,129.15
32,16,4.4953,26.816,225.58,105.34
32,16,5.0679,27.606,251.85,122.62
32,16,5.6799,27.859,261.04,131.67
32,16,4.9467,27.476,241.71,115.21
32,16,5.6588,28.457,257.14,120.07
32,16,6.2801,28.052,260.22,127.66
32,16,4.6979,27.783,251.31,117.79
32,16,6.468,27.196,238.58,114.85
32,16,6.2931,27.945,248.3,114.81
32,16,6.2441,29.027,267.76,125.21
32,16,5.6383,28.526,254.78,120.35
32,16,5.2079,27.385,242.95,115.31
32,16,5.4012,27.566,243.22,115.53
32,16,5.7768,26.908,240.54,117.73
32,16,8.0292,28.595,259.97,119.75
32,16,4.8857,27.221,242.11,116.63
32,16,5.1743,28.335,258.95,124.29
32,16,5.4269,27.24,233.49,108.61
32,16,5.3693,27.99,255.35,123.07
32,16,8.2206,26.944,229.64,107.2
32,16,5.3457,28.352,262.9,128.58
32,16,6.8948,28.359,270.15,134.78
32,16,5.6101,27.84,247.16,117.63
32,16,5.582,27.705,246.2,115.93
32,16,5.0373,28.775,276.75,136.06
32,16,5.0138,28.028,264.51,131.06
32,16,6.2636,27.292,248.13,121.75
32,16,8.7966,27.914,251.35,120.1
32,16,6.2055,27.168,238.09,111.12
32,16,4.942,27.385,248.88,122.42
32,16,4.2179,27.607,242.14,114.65
32,16,5.3255,26.959,234.51,111.92
32,16,5.1132,27.468,243.93,114.46
32,16,6.3723,27.84,244.27,113.99
32,16,5.4605,27.222,236.94,112.65
32,16,5.2219,27.576,246.09,117.74
32,16,5.4827,28.029,252.78,120.59
32,16,5.7923,27.554,253.11,124.51
32,16,6.1008,27.686,246.66,116.96
32,16,6.5595,27.545,251.35,123.92
32,16,4.506,28.509,267.69,129.98
32,16,4.6457,28.02,261.93,129.82
32,16,5.1697,27.617,247.21,119.45
32,16,4.7747,27.348,248.01,120.26
32,16,4.8006,27.546,244.16,118.63
32,16,5.996,28.298,256.98,123.38
32,16,5.9919,27.299,231.24,106.57
32,16,5.9257,29.031,265.33,125.6
32,16,5.5234,28.268,255.27,120.29
32,16,6.9449,27.051,242.49,117.53
32,16,4.235,28.19,268.23,134.7
32,16,7.5187,27.44,249.46,121.19
32,16,6.7588,25.925,208.91,93.787
32,16,7.1104,29.15,279.13,135.86
32,16,5.9502,27.262,243.41,117.87
32,16,6.4204,28.521,269.93,133.54
32,16,5.39,28.285,261.73,126.55
32,16,5.7217,27.392,245.62,117.33
32,16,4.9597,27.396,245.46,116.34
32,16,5.2267,26.652,233.47,112.97
32,16,8.1497,27.741,242.83,113.37
32,16,6.6539,28.175,260.05,126.35
32,16,5.8538,27.074,241.35,118.12
32,16,6.4498,28.612,263.35,123.97
32,16,7.562,27.05,239.97,115.44
32,16,5.7595,26.867,227.74,106.13
32,16,5.071,28.666,274.26,136.93
32,16,5.1953,27.319,240.87,115.81
32,16,5.4125,27.751,249.87,119.32
32,16,6.5697,26.288,222.13,106.51
32,16,5.762,26.514,226.4,108.29
32,16,3.981,27.447,244.61,116.4
32,16,6.6744,28.961,271.96,131.3
32,16,7.4937,27.849,254.25,123.18
32,16,4.5863,28.012,250.51,118.25
32,16,5.6067,26.917,232.71,109.49
32,16,6.1495,28.152,261.2,127.69
32,16,4.7428,27.986,244.48,114.16
32,16,5.9366,28.563,256.65,119.27
32,16,5.8347,26.838,236.01,113.71
32,16,5.2058,27.101,235.05,111.1
32,16,6.7288,26.902,237.05,114.19
32,16,5.1399,26.947,232.61,110.9
32,16,4.8443,28.89,277.45,136.87
32,16,5.3509,28.074,253.88,122.63
32,16,7.1258,26.601,230.39,111.42
32,16,5.1215,28.412,255.76,119.65
32,16,5.1025,27.28,240.41,114.93
32,16,5.9406,27.622,251.55,122.41
32,16,5.0652,26.226,218.08,101.99
32,16,4.9712,27.756,251.62,121.9
32,16,5.2129,28.688,260.97,123.57
32,16,6.1224,27.236,249.48,123.02
32,16,5.0619,28.917,270.85,130.22
32,16,6.1661,27.979,253.44,121.66
32,16,5.0473,26.523,221.24,103.1
32,16,7.1927,28.011,247.87,116.11
32,16,5.1982,28.645,255.02,116.91
32,16,6.1531,28.176,259.28,125.97
32,16,7.6472,26.967,238.92,115.77
32,16,5.5636,28.313,251.72,115.93
32,16,7.7662,27.152,241.88,118.23
32,16,4.5502,27.2,241.54,115.94
32,16,5.87,27.53,250.21,124.12
32,16,5.0655,27.765,255.45,125.48
32,16,5.8755,27.747,261.03,129.08
32,16,4.9981,27.446,245.54,118.45
32,16,5.9984,28.362,257.05,123.9
32,16,6.6562,27.714,247.25,117.47
32,16,5.5578,27.354,241.47,114.9
32,16,5.7637,28.295,256.52,123.53
32,16,5.3365,28.248,261.31,127.84
32,16,5.3017,27.455,238.62,111.22
32,16,7.0167,27.618,247.27,121.04
32,16,4.9969,27.823,252.16,120.97
32,16,4.5319,27.65,237.08,108.38
32,16,5.0806,27.536,244.06,116.45
32,16,5.341,27.881,251.62,118.09
32,16,5.0006,28.195,255.62,121.81
32,16,6.5647,27.715,248.86,118.23
32,16,8.1079,28.857,274.12,134.74
32,16,7.0443,27.434,238.91,110.64
32,16,5.2771,27.504,243.39,115.41
32,16,6.3867,27.832,250.54,118.59
32,16,5.511,27.321,252.13,123.79
32,16,6.6567,27.544,251.74,122.49
32,16,5.6912,27.424,245.88,118.41
32,16,5.031,29.3,277.09,131.51
32,16,5.6867,28.392,258.26,123.04
32,16,5.1767,27.932,250.85,119.26
32,16,4.6711,27.881,251.07,120.8
32,16,5.2634,27.253,241.26,115.85
32,16,5.1912,28.54,261.35,124.54
32,16,4.8926,27.361,242.83,116.38
32,16,6.0636,27.738,246.71,117.81
32,16,5.3642,27.437,240.98,112.08
32,16,6.2212,27.301,246.27,121.52
32,16,6.4033,27.404,237.3,111.15
32,16,7.2537,27.966,254.54,119.73
32,16,5.5327,28.088,259.89,128.39
32,16,5.8708,28.066,247.06,113.22
32,16,5.7402,28.857,276.27,135.3
32,16,6.4342,28.125,259.61,125.91
32,16,4.598,28.046,256.87,124.53
32,16,7.8011,27.495,250.03,122.26
32,16,6.0193,29.45,267.08,121.87
32,16,5.3661,27.638,236.43,109.11
32,16,5.9491,29.466,282.03,136.16
32,16,5.0549,27.199,234.36,111.41
32,16,5.5332,26.503,221.72,102.22
32,16,5.5766,26.821,231.28,109.8
32,16,5.3887,28.052,254.85,123.49
32,16,5.167,27.885,262.53,130.82
32,16,6.0702,28.46,273.19,137.63
32,16,8.7516,28.014,253.65,117.89
32,16,7.1265,28.557,255.7,120.2
32,16,5.1247,28.204,273.1,136.96
32,16,5.5094,27.531,244.81,117.19
32,16,4.9365,28.113,255.36,121.69
32,16,4.6842,27.524,237.73,109.73
32,16,7.7163,28.707,258.9,121.89
32,16,5.1704,27.931,249.77,118.99
32,16,5.0277,27.619,254.29,124.91
32,16,4.9444,27.918,253.57,121.43
32,16,4.6771,29.212,276.61,132.39
32,16,5.5321,28.177,261.58,125.66
32,16,5.3745,27.542,242.77,115.25
32,16,4.9393,28.485,269.81,133.49
32,16,5.4514,27.567,248.32,121.08
32,16,5.3763,26.932,231.59,109.9
32,16,5.1547,28.049,258.03,126.3
32,16,6.2898,27.917,250.39,117.3
32,16,6.3525,26.628,227.12,107.88
32,16,4.2466,26.371,229.89,111.54
32,16,6.3388,27.439,237.51,110.91
32,16,5.9555,27.858,247.34,115.39
32,16,4.7709,27.413,251.48,125.17
32,16,6.6951,28.922,270.59,128.51
32,16,5.0908,27.772,255.13,126.05
32,16,6.5307,26.992,239.69,116.69
32,16,5.7936,26.958,234.58,112.54
32,16,5.0331,27.106,236.18,112.93
32,16,7.0128,27.05,230.25,105.34
32,16,5.2844,26.478,235.51,115.43
32,16,4.9384,26.801,231.15,110.3
32,16,5.0401,28.518,259.99,123.24
32,16,4.0855,27.415,239.16,112.22
32,16,6.5863,28.282,262.37,127.82
32,16,5.6177,26.834,234.93,114.05
32,16,5.3795,28.625,260.41,121.24
32,16,5.1973,27.923,246.28,115.42
32,16,6.2177,28.97,275.56,133.27
32,16,7.0996,28.06,264.26,131.65
32,16,5.5229,26.751,223.6,102.45
32,16,4.447,28.166,250.24,116.27
32,16,4.2062,26.888,237.95,115.34
32,16,5.2329,27.99,257.49,125.24
32,16,6.482,28.01,252.21,119.7
32,16,5.197,27.779,246.82,119.17
32,16,6.3611,26.3,229.83,110.5
32,16,5.2494,27.655,251.04,122.1
32,16,6.4957,27.765,250.49,120
32,16,4.7828,28.117,260.81,126.97
32,16,5.3918,27.543,243.28,114.33
32,16,10.599,27.401,240.98,113.01
32,16,4.8435,28.819,268.26,126
32,16,7.3922,27.477,244.9,118.08
32,16,4.7009,27.502,243.29,115.1
32,16,4.8755,26.342,226.65,109.65
32,16,5.2958,27.43,242.23,117.06
32,16,6.2267,28.398,256.68,118.86
32,16,4.5195,28.412,263.08,126.85
32,16,5.7205,26.888,237.25,112.92
32,16,5.1002,27.347,235.33,107.77
32,16,5.8147,27.047,230.57,107.79
32,16,6.403,27.285,242.41,116.34
32,16,7.2474,28.159,264.59,130.1
32,16,5.5544,27.536,239.11,110.54
32,16,6.7164,27.853,251.24,119.4
32,16,5.1379,27.904,243.83,110.38
32,16,6.0966,26.869,230.03,109.82
32,16,6.6527,27.478,241.04,114.13
32,16,5.7166,27.026,228.6,106.85
32,16,4.743,26.98,230.14,109.17
32,16,5.4839,27.115,237.85,114.46
32,16,5.0315,26.968,236.96,113.15
32,16,7.7791,27.606,246.67,118.1
32,16,5.1103,27.129,238.33,113.46
32,16,4.784,26.909,234.85,112.21
32,16,6.1135,28.39,251.03,117.85
32,16,7.1721,27.091,232.37,107.8
32,16,5.4858,27.403,252.18,124.76
32,16,6.8063,28.141,245.37,112.55
32,16,6.8557,27.594,236.93,108.75
32,16,4.9055,28.348,262.16,127.36
32,16,5.5646,27.661,249.98,120.99
32,16,5.2061,27.133,225.69,103.31
32,16,5.6786,27.625,244.4,115.94
32,16,4.9061,27.812,250.07,116.68
32,16,4.8201,27.45,239.62,112.49
32,16,4.7753,27.679,253.86,121.63
32,16,5.1342,27.565,246.71,116.63
32,16,5.5064,28.275,254.25,119.77
32,16,5.7041,27.1,233.28,110.58
32,16,5.7234,27.871,257.47,124.63
32,16,6.7008,28.581,267.49,129.09
32,16,7.1805,26.982,238.62,114.65
32,16,6.6574,27.179,237.59,113.25
32,16,5.0385,27.257,241.7,116.31
32,16,7.2225,27.423,239.78,114.11
32,16,5.0772,27.966,249.21,116.04
32,16,5.9164,27.755,248.01,119.54
32,16,5.9783,28.527,261.69,124.1
32,16,6.9408,28.181,262.99,129.41
32,16,6.6422,27.839,237.3,109.2
32,16,5.5944,27.81,248.19,115.81
32,16,5.4228,26.858,231.74,108.63
32,16,5.4708,26.794,235.91,114.36
32,16,5.5571,27.626,245.82,117.43
32,16,5.0877,27.111,238.73,113.02
32,16,6.1635,27.912,260.03,129.16
32,16,5.4868,27.663,246.23,117.54
32,16,5.4527,26.956,239.44,115.93
32,16,5.3932,27.101,237.83,111.09
32,16,5.2216,27.302,246.82,119.11
32,16,5.5686,28.336,263.42,126.51
32,16,6.2756,27.435,242.18,113.91
32,16,5.3179,27.483,248.19,120.74
32,16,5.7644,26.973,244.47,121.06
32,16,5.5746,28.19,261.06,126.91
32,16,11.768,27.649,245.67,116.51
32,16,6.6712,27.456,232.32,105.08
32,16,4.77,28.044,256.02,124.09
32,16,4.6954,27.719,249.85,120.98
32,16,6.6585,28.127,258.94,125.4
32,16,5.8932,28.918,269.46,127.07
32,16,5.3675,28.885,277.77,134.31
32,16,4.9487,28.19,247.22,113.29
32,16,5.64,26.286,217.47,100.29
32,16,5.856,28.451,260.27,122.57
32,16,5.9276,26.254,217.18,102.28
32,16,5.5424,27.448,238.08,110.97
32,16,5.5931,27.647,251.08,121.44
32,16,4.7766,27.794,245.57,115.89
32,16,9.3805,27.21,238.79,111.64
32,16,6.4495,27.698,251.21,121.04
32,16,5.2159,28.015,259.45,127.81
32,16,7.0909,27.592,242.64,113.05
32,16,5.6583,27.31,236.88,111.55
32,16,5.4713,27.676,250.23,121.99
32,16,6.9135,27.86,249.06,119.08
32,16,5.1436,27.634,254.41,124.64
32,16,6.4515,26.96,250.86,127.52
32,16,4.5449,27.48,247.27,119.23
32,16,6.1452,27.468,248.11,120.41
32,16,6.8598,27.046,238.77,114.44
32,16,7.856,28.374,267.54,130.87
32,16,5.8696,28.018,249.4,117.43
32,16,6.1647,26.772,222.13,101.32
32,16,5.2228,27.759,247.48,114.71
32,16,8.0106,28.146,253.16,120.62
32,16,6.3202,27.797,261.59,130.92
32,16,6.0252,27.883,250.45,119.99
32,16,4.8691,28.258,264.99,129.07
32,16,5.1035,27.401,247.75,121.66
32,16,7.2395,27.13,239.05,114.51
32,16,4.9823,26.805,228.72,108.04
32,16,5.5902,28.053,251.72,120.85
32,16,7.8604,26.754,234.81,113.74
32,16,6.6063,26.808,240.5,119.06
32,16,5.8105,26.706,234.18,112.46
32,16,7.2665,28.867,258.82,119.51
32,16,8.3672,28.57,259.01,119.2
32,16,5.5637,27.516,249.99,120.19
32,16,6.4833,28.426,262.67,126.97
32,16,5.1548,27.709,248.32,118.1
32,16,5.5469,28.566,265.59,127.63
32,16,6.324,26.272,229.1,111.12
32,16,5.0838,29.03,276.9,134.63
32,16,4.8827,27.218,239.31,114.06
32,16,5.963,27.567,250.63,121.32
32,16,7.1457,25.969,217.69,103.99
32,16,5.8666,27.39,243.57,116.47
32,16,8.3357,28.315,257.27,122.98
32,16,5.2712,27.534,245.53,116.92
32,16,6.604,27.725,251.21,119.65
32,16,5.2332,27.78,247.87,114.03
32,16,5.8744,27.627,253.29,121.41
32,16,5.2902,26.143,217.78,104.37
32,16,5.2914,27.781,248.95,119.06
32,16,5.9774,27.565,240.35,113.11
32,16,5.0112,28.394,248.64,114.28
32,16,5.1198,27.185,236.86,111.35
32,16,6.5588,28.052,257.75,125.79
32,16,7.7861,26.636,230.18,110.21
32,16,4.4975,28.193,265.41,130.02
32,16,6.1216,28.617,261.52,122.66
32,16,4.8747,27.304,243.93,118.07
32,16,4.8805,27.342,248.81,121.17
32,16,5.3209,28.179,260.2,125.93
32,16,5.6215,28.98,271.88,128.85
32,16,5.3068,26.666,226.29,105.58
32,16,6.8883,27.532,240.96,113.51
32,16,4.6203,27.852,248.32,117.85
32,16,5.0328,27.694,248.6,120.24
32,16,5.94,27.816,254.9,122.72
32,16,5.3364,27.965,247.43,114.23
32,16,4.4936,26.442,229.61,109.33
32,16,9.4572,27.993,258,124.41
32,16,5.2767,27.693,238.86,108.88
32,16,4.8384,27.912,253.32,121.66
32,16,5.5591,28.635,261.21,123.92
32,16,6.2794,28.398,269.49,133.43
32,16,6.0482,29.006,283.32,141.64
32,16,5.6181,27.334,245.02,116.91
32,16,10.694,27.857,251.28,122.13
32,16,8.4843,27.406,242.48,116.08
32,16,5.0575,27.205,252.8,127.38
32,16,5.1642,28.463,269.98,133.9
32,16,4.9583,27.182,242.13,118.21
32,16,5.0168,28.209,256.51,122.02
32,16,5.0643,27.007,243.76,121.65
32,16,7.9111,29.077,271.68,129.06
32,16,5.606,28.089,255.72,120.88
32,16,7.4786,28.116,260.32,126.28
32,16,5.654,27.522,240.75,111.95
32,16,5.6264,27.45,240.39,112.94
32,16,5.8486,27.551,252.35,124.66
32,16,5.2004,28.16,263.13,129.29
32,16,5.4428,28.703,260.74,122.74
32,16,5.6203,26.287,225.03,108.22
32,16,5.6348,27.136,241.01,114.91
32,16,8.0926,26.933,232.77,109.79
32,16,5.5822,27.684,240.4,113.19
32,16,5.2477,27.307,237.49,112.65
32,16,4.8446,27.684,243.55,113.21
32,16,5.2448,27.97,257.04,125.66
32,16,4.811,27.177,242.12,114.2
32,16,4.8511,27.836,251.81,120.21
32,16,5.8424,26.658,232.73,113.28
32,16,5.0887,27.403,242.65,114.92
32,16,5.0627,28.612,260.13,122.86
32,16,4.6863,27.852,255.28,121.95
32,16,7.003,27.771,254.69,124.32
32,16,6.2265,28.059,247.65,115.65
32,16,6.569,27.473,245.83,118.94
32,16,5.0692,26.982,239.23,115.4
32,16,5.4151,26.184,217.82,102.7
32,16,5.632,29.951,295.69,145.11
32,16,5.0061,28.04,259.61,126.79
32,16,8.2444,28.646,259.31,120.44
32,16,3.9452,26.895,235.75,113.35
32,16,3.8667,26.731,239.54,116.92
32,16,5.0838,28.342,257.78,121.67
32,16,7.6385,27.736,262,130.81
32,16,7.6124,28.884,280.73,141.04
32,16,4.8948,27.653,245.87,115.4
32,16,9.1034,25.52,209.07,97.981
32,16,5.2156,28.133,257.17,121.88
32,16,5.137,27.769,257.31,123.79
32,16,4.4985,26.73,217.45,97.462
32,16,5.7251,27.79,254.91,124.1
32,16,6.5957,27.47,249.1,121.24
32,16,5.0028,27.573,242.02,113.55
32,16,5.3667,28.927,270.88,128.05
32,16,8.9553,28.283,251.25,113.86
32,16,5.8356,27.976,249.6,117.56
32,16,5.28,28.434,260.7,125.66
32,16,5.4129,28.03,256.92,123.43
32,16,6.197,28.177,253.78,121.82
32,16,5.0625,28.268,265.63,129.33
32,16,5.2821,26.87,225.67,104.65
32,16,5.3371,28.798,267.21,127.4
32,16,4.8342,28.022,255.76,122.34
32,16,9.9298,27.512,237.27,109.53
32,16,5.238,27.33,238.96,111.74
32,16,5.5477,28.199,254.63,123.12
32,16,5.3117,28.888,275.76,135.96
32,16,8.4839,27.271,237.62,110.57
32,16,5.3035,28.762,265.09,125.02
32,16,5.4693,27.582,253.23,124.81
32,16,7.2001,27.864,254.49,123.98
32,16,4.5685,26.408,223,103.52
32,16,7.3224,29.142,280.32,136.9
32,16,6.0199,27.828,247.38,116.03
32,17,5.2829,28.865,266.3,125.31
32,17,5.0114,27.059,242.38,118.46
32,17,5.1745,27.813,244.81,109.53
32,17,6.2286,27.416,237.32,110.12
32,17,5.3798,27.956,255,121.33
32,17,7.474,27.61,249.4,121.97
32,17,5.526,26.775,226.56,105.02
32,17,5.8224,26.942,234.67,111.91
32,17,5.3337,26.758,231.69,108.94
32,17,4.5427,28.312,264.66,129.18
32,17,6.8984,27.113,245.18,121.68
32,17,5.2708,27.899,239.47,110.42
32,17,6.0375,27.973,250.52,117.47
32,17,8.8307,28.492,268.43,132.51
32,17,7.9526,27.454,240,112.27
32,17,5.444,27.439,242.37,114.98
32,17,6.5711,27.673,248.27,119.21
32,17,4.2077,27.819,261.41,129.38
32,17,5.8388,27.344,246.91,120.71
32,17,5.4625,27.449,245.94,119.11
32,17,6.3475,28.319,274.54,137.85
32,17,4.8863,27.524,247.17,118.38
32,17,5.3434,28.01,258.4,124.69
32,17,6.6824,27.483,244.8,117.27
32,17,5.4811,27.778,255.55,125.79
32,17,5.2737,26.82,239.29,117.15
32,17,4.948,28.621,267.49,129.8
32,17,5.2024,28.069,256.85,122.06
32,17,5.2483,28.218,258.07,123.29
32,17,4.9026,29.202,274.23,129.81
32,17,5.6987,27.149,242.37,117.67
32,17,4.7592,28.906,266.64,125.37
32,17,4.9212,29.224,281.1,137.11
32,17,6.9603,26.667,233.43,113.88
32,17,5.6756,27.602,249.48,120.54
32,17,5.0618,28.529,272.61,136.44
32,17,7.7728,26.821,231.34,109.96
32,17,8.2856,27.736,253.48,123.12
32,17,7.2706,27.282,244.15,118.5
32,17,5.0914,27.893,259.09,128.42
32,17,4.9758,28.246,262.88,128.96
32,17,6.4077,28.352,259.35,123.89
32,17,8.0138,28.967,272.36,130.9
32,17,5.6241,28.235,267.02,131.32
32,17,6.104,27.669,235.67,105.75
32,17,4.5756,28.731,274.15,134.44
32,17,5.8974,27.908,254.12,123.7
32,17,6.2053,27.473,241.63,113.68
32,17,5.2435,26.528,224.45,107.38
32,17,5.0308,28.258,260.28,125.76
32,17,5.8186,28.354,265.74,130.83
32,17,5.3314,27.619,253.26,124.01
32,17,6.3124,28.266,263.94,128.85
32,17,5.6649,27.481,247.31,119.35
32,17,7.6303,27.471,246.61,119.69
32,17,5.5562,27.075,237.92,111.79
32,17,4.7816,27.968,252.99,119.91
32,17,5.1594,27.791,264.83,134.8
32,17,5.0666,27.904,251.98,120.31
32,17,7.2107,28.147,245.26,111.69
32,17,5.3248,27.139,233.49,109.62
32,17,6.4621,28.299,265.13,128.74
32,17,6.9224,28.41,260.37,125.86
32,17,8.7172,27.456,248.1,121.97
32,17,5.425,27.79,239.97,111.21
32,17,5.4236,27.524,251.54,121.8
32,17,5.7247,27.12,234.16,108.1
32,17,5.1891,27.84,252.42,119.75
32,17,5.4012,29.217,270.78,128.57
32,17,4.9887,28.784,277.72,137.82
32,17,4.3528,28.024,262.87,130.29
32,17,5.7491,26.988,249.68,126.37
32,17,5.987,27.48,246.92,119.48
32,17,5.2108,27.702,248.71,117.98
32,17,5.1899,27.657,241.62,113.5
32,17,6.508,27.498,246.25,116.11
32,17,5.6982,27.393,255.32,127.98
32,17,6.2786,28.457,254.45,119.98
32,17,4.3964,28.736,260.24,121.18
32,17,4.5541,28.622,262.94,125.63
32,17,5.042,27.648,253.13,121.54
32,17,6.5007,26.727,242.93,120.01
32,17,6.4232,27.912,257.56,125.23
32,17,5.5713,28.566,265.49,128.44
32,17,5.4943,28.899,277.09,135.77
32,17,8.2497,28.311,264.66,131.21
32,17,6.2821,27.64,257.03,126.5
32,17,6.0153,28.224,250.73,118.14
32,17,6.844,27.117,234.99,110.94
32,17,6.5986,28.85,267.54,129.25
32,17,5.5024,28.263,257.89,123.56
32,17,5.6121,27.97,254.35,123.66
32,17,5.2639,28.741,268.18,127.57
32,17,4.8975,27.592,244.97,115.03
32,17,4.7732,29.52,285.88,140.33
32,17,5.0862,27.74,259.03,130.06
32,17,6.3106,28.116,255.34,123.42
32,17,4.6476,26.424,220.88,102.17
32,17,7.2695,28.28,259.77,124.13
32,17,6.5291,29.408,278.16,131.89
32,17,4.6495,27.9,250.25,118.46
32,17,4.956,28.195,255.47,120.17
32,17,4.5258,29.002,278.85,136.18
32,17,6.8518,27.44,253.2,124.5
32,17,5.4838,26.994,243.93,119.06
32,17,4.8988,27.884,255.64,122.88
32,17,5.0631,27.592,247.7,117.61
32,17,5.6019,27.182,240.35,115.77
32,17,4.917,28.085,260.65,125.95
32,17,6.6038,27.717,254.05,124.22
32,17,5.6608,27.878,254.6,123.48
32,17,6.9765,28.083,262.4,128.3
32,17,5.5223,27.464,241.61,112.4
32,17,5.1263,27.618,247.62,118.45
32,17,5.9963,28.198,250.87,115.84
32,17,5.9188,27.794,251.74,121.73
32,17,8.4564,28.964,272.91,131.86
32,17,5.2351,28.256,256.66,122.08
32,17,4.5189,27.471,251.98,124.53
32,17,5.4258,28.015,259.48,125.31
32,17,7.3572,28.029,250.1,117.31
32,17,6.1314,27.074,228.02,106.61
32,17,7.2091,28.467,265.88,129.29
32,17,5.1668,27.3,247.99,121.69
32,17,8.2881,29.257,278.77,135.29
32,17,5.2916,27.767,252.53,120.75
32,17,5.4834,29.181,276.46,132.35
32,17,6.3378,28.506,258.29,120.91
32,17,6.147,28.338,261.87,126.46
32,17,6.717,27.974,253.89,121.86
32,17,6.5915,27.37,250.81,124.23
32,17,4.8187,28.677,265.53,125.78
32,17,5.3893,27.871,263.2,132.24
32,17,6.3859,29.132,272.62,128.44
32,17,5.8489,27.534,245.72,117.1
32,17,7.0994,27.317,243.22,117.98
32,17,4.8572,27.87,263.55,132.43
32,17,5.0807,28.939,267.61,129.02
32,17,4.854,28.051,262.82,129.62
32,17,5.9081,28.168,255.01,121.36
32,17,5.3413,27.35,249.27,123.81
32,17,5.1678,27.718,246.42,115.6
32,17,5.4317,27.902,265.71,132.67
32,17,5.5457,28.681,257.42,115.32
32,17,5.8508,27.833,251.16,121.56
32,17,5.7781,27.247,245.15,119.22
32,17,5.8426,27.738,247.03,118.84
32,17,6.8929,27.582,237.45,107.76
32,17,6.4276,28.68,266.98,126.57
32,17,6.1014,29.021,272.82,131.43
32,17,5.7023,27.545,248.11,118.87
32,17,6.2496,27.53,254.05,124.82
32,17,4.6622,28.454,269.72,133.55
32,17,5.6777,28.066,266.52,133.17
32,17,5.4795,27.792,246.79,117.45
32,17,5.601,27.419,249.62,121.5
32,17,4.9861,26.878,228.08,105.62
32,17,5.7088,28.163,263.63,129.24
32,17,8.067,28.233,259.97,128.02
32,17,5.5695,29.092,258.05,114.85
32,17,6.3435,27.81,248.82,119.81
32,17,5.1211,27.876,255.13,123.9
32,17,5.3136,27.221,243.44,118.27
32,17,5.1881,27.874,252.14,119.88
32,17,6.0426,28.079,252.15,120.35
32,17,5.3172,28.387,256.34,119.96
32,17,5.298,27.534,258.64,130.53
32,17,5.9282,27.382,246.92,120.17
32,17,7.189,28.713,268.36,130.72
32,17,5.9039,27.518,245.41,115.8
32,17,7.6408,27.7,247.49,117.98
32,17,9.2987,27.498,243.69,116.73
32,17,3.7623,28.255,267.46,132.84
32,17,5.96,28.268,260.11,124.26
32,17,5.7824,28.916,277.91,137.33
32,17,5.3531,27.941,248.96,119.32
32,17,4.8355,27.64,246.45,117.56
32,17,5.3916,28.445,265.99,126.55
32,17,5.5196,28.102,256.49,125.1
32,17,5.8594,28.005,252.44,120.64
32,17,4.5754,28.081,250.53,117.74
32,17,5.0639,29.024,274.95,130.99
32,17,6.179,27.59,243.78,113.37
32,17,7.7041,27.24,234.23,108.87
32,17,6.2679,28.158,258.85,124.49
32,17,6.0063,27.903,249.65,116.7
32,17,5.4938,27.542,247.48,119.61
32,17,5.7598,27.286,239.7,114.19
32,17,5.6726,29.373,289.08,142.7
32,17,5.2326,27.756,264.21,133.23
32,17,5.726,28.322,270.89,135.26
32,17,5.744,28.42,257.95,121.56
32,17,6.3163,27.988,252.01,118.15
32,17,4.2911,28.429,260.57,124.4
32,17,4.5492,27.883,258.06,125.77
32,17,5.3577,28.302,269.54,134.28
32,17,4.469,27.346,250.4,121.19
32,17,5.5321,27.541,248.35,119.57
32,17,6.7153,27.267,235.72,113.5
32,17,6.1544,27.757,242.75,113.46
32,17,4.2676,27.839,254.12,123.12
32,17,5.3223,29.004,281.32,138.97
32,17,6.4815,27.974,255.24,124.38
32,17,5.3312,28.103,261.7,128.33
32,17,4.9504,28.322,265.37,129.62
32,17,5.1158,28.378,259.09,123.34
32,17,4.6307,28.353,268.14,131.34
32,17,5.3296,28.787,262.96,124.35
32,17,4.8365,27.964,253.7,121.74
32,17,5.6817,26.965,233.83,110.5
32,17,4.9091,27.665,254.95,125.94
32,17,4.4759,28.26,259.22,124.25
32,17,7.5351,27.432,241.36,114.49
32,17,5.2977,28.224,262.2,126.34
32,17,5.2526,26.707,242.18,121.2
32,17,6.3957,27.048,238.86,113.71
32,17,4.6852,27.468,241.39,112.84
32,17,7.3236,29.465,288.42,140.38
32,17,5.5064,28.732,274.69,131.93
32,17,7.8625,27.458,243.86,116.8
32,17,4.585,28.251,256.52,119.83
32,17,4.9878,28.253,258.31,122.19
32,17,6.169,27.609,251.81,122.8
32,17,5.2428,28.272,265.72,131.64
32,17,5.6786,27.752,257.63,125.45
32,17,6.329,27.353,236.01,109.87
32,17,5.3876,27.739,247.25,115.51
32,17,5.0074,27.718,242.4,113.1
32,17,7.43,28.147,261.16,128.98
32,17,5.2651,28.484,257.71,120.43
32,17,10.788,28.393,262.23,127.68
32,17,4.9796,28.099,251.36,116.76
32,17,5.3567,27.842,254.17,124.31
32,17,7.2856,27.946,256.03,124.83
32,17,5.2721,28.86,276.78,135.12
32,17,7.0066,27.472,247.14,119.17
32,17,5.3908,26.981,238.18,114.33
32,17,5.8685,27.305,251.55,124.35
32,17,5.2048,28.102,253.19,119.18
32,17,9.9078,29.362,274.18,129.87
32,17,6.1783,27.39,247.94,120.42
32,17,5.7633,27.641,241.94,113.18
32,17,6.0027,27.762,243.16,112.55
32,17,7.3212,28.675,269.3,131.49
32,17,5.9495,28.12,258.42,126.4
32,17,5.4848,28.571,270.43,132.83
32,17,5.151,28.416,250.3,116.52
32,17,7.768,28.386,261.73,125.44
32,17,6.5035,27.25,238.86,113.6
32,17,5.6431,27.968,250.27,119.06
32,17,5.4119,27.134,241.68,116.52
32,17,6.7975,26.949,231.35,109.49
32,17,5.2328,28.523,266.58,126.64
32,17,6.466,27.863,249.68,116.73
32,17,6.5432,27.471,246.04,115.72
32,17,6.1573,27.619,242.88,116.45
32,17,5.2971,27.367,239.5,111.97
32,17,5.8308,28.756,272.3,131.69
32,17,5.9589,27.136,239.77,115.02
32,17,5.1748,27.943,244.32,109.5
32,17,5.0254,27.105,245.25,120.98
32,17,5.7286,28.362,271.46,133.83
32,17,5.277,28.39,261.88,125.84
32,17,5.9308,28.359,257.55,123.28
32,17,5.5331,26.982,247.36,123.71
32,17,6.526,29.215,287.76,142.25
32,17,6.7126,28.165,258.12,126.73
32,17,5.8083,27.566,240.65,110.4
32,17,5.455,27.337,243.02,116.03
32,17,5.1565,27.093,237.87,113.48
32,17,4.963,28.306,254.81,120.23
32,17,6.1835,27.585,243.81,115.07
32,17,6.7252,29.116,271.24,126.23
32,17,6.4387,28.035,263.94,130.85
32,17,5.8239,28.246,273.5,135.8
32,17,6.4472,27.205,250.73,124.84
32,17,6.8283,28.048,249.85,115.09
32,17,5.4614,28.468,266.08,129.65
32,17,6.1942,26.565,232.13,112.43
32,17,7.0324,28.591,259.88,124.04
32,17,6.1972,28.174,264.17,130.68
32,17,7.0555,28.167,249.19,112.12
32,17,6.2832,28.277,254.54,120.96
32,17,5.5268,27.002,217.38,93.598
32,17,5.8761,28.538,270.65,133.39
32,17,5.2033,28.122,269.74,134.45
32,17,4.7693,27.462,244.78,117.17
32,17,6.2955,28.791,272,131.5
32,17,6.0968,27.125,240.2,114.77
32,17,8.0612,28.121,255.4,121.61
32,17,7.7334,27.365,246.46,118.84
32,17,5.4186,28.804,275.3,135.76
32,17,6.6443,27.128,241.54,114.34
32,17,6.6254,29.166,273.27,131.63
32,17,5.8748,28.27,254.9,121.21
32,17,4.9036,27.629,250.51,120.74
32,17,5.5935,27.925,248.58,118.15
32,17,5.4577,27.535,246.3,118.21
32,17,6.5088,27.038,242.08,117.48
32,17,6.6728,27.739,238.33,108.32
32,17,5.5029,28.97,274.47,131.12
32,17,4.8515,27.28,247.65,118.54
32,17,4.4156,27.851,247.33,117.85
32,17,5.5244,27.818,243.43,113.65
32,17,6.3685,29.219,276.56,131.45
32,17,4.1427,29.059,286.16,144.01
32,17,5.5479,28.505,263.07,127.27
32,17,4.6595,27.953,251.9,120.02
32,17,6.3942,27.32,241.06,113.62
32,17,5.871,28.455,277.91,140.78
32,17,5.5626,29.092,269.49,126.61
32,17,5.4189,28.747,265.68,127.38
32,17,6.7525,28.257,258.9,124.24
32,17,6.4621,27.575,255.94,126.53
32,17,6.1428,27.383,242.86,115.2
32,17,5.0834,27.922,264.43,132.86
32,17,5.8379,28.008,253.68,120.35
32,17,5.1703,27.646,255.27,125.96
32,17,6.7088,28.42,250.86,113.97
32,17,5.8912,27.618,253.91,124.87
32,17,4.6809,27.053,239.84,114.23
32,17,5.4744,27.567,241.24,113.17
32,17,4.7712,26.863,227.46,104.72
32,17,4.278,27.937,251.34,118.32
32,17,4.6975,28.039,257.96,125.78
32,17,6.4495,29.42,280.38,134.47
32,17,4.9352,28.14,249.9,116.31
32,17,6.3273,27.819,248.16,119.48
32,17,6.4381,28.119,260.96,128.18
32,17,7.0476,28.184,250.64,117.27
32,17,6.7986,28.889,282.6,142.02
32,17,6.1514,28.279,268.71,133.42
32,17,7.0979,27.755,247.7,117.64
32,17,5.4688,27.846,257.68,126.6
32,17,5.3901,29.333,280.33,136.94
32,17,5.4676,28.202,264.97,128.53
32,17,5.5029,27.721,254.53,123.96
32,17,7.1839,26.711,227.19,106.02
32,17,5.5932,27.052,245.22,119.22
32,17,4.6018,27.966,251.4,120.84
32,17,6.3733,28.172,264.03,129.08
32,17,4.2382,27.634,257.41,125.3
32,17,7.9519,26.887,233.06,109.72
32,17,5.8044,28.16,257.55,123.45
32,17,5.8161,27.693,244.69,116.77
32,17,5.8516,27.799,251.19,120.31
32,17,4.7436,28.444,264.94,126.23
32,17,6.7346,28.53,264.75,126.13
32,17,8.5131,26.525,225.36,105.84
32,17,4.8284,27.618,242.72,112.91
32,17,5.0281,28.007,255.85,124.93
32,17,7.0605,28.171,252.33,117.69
32,17,6.8207,29.474,278.26,132.66
32,17,4.9316,28.323,261.04,126.81
32,17,6.563,28.531,247.84,112.09
32,17,6.5216,28.529,267.61,130.96
32,17,5.9112,28.829,269.11,129.04
32,17,5.6253,27.225,242.85,116.17
32,17,6.3404,28.208,255.82,123.46
32,17,5.5508,28.703,264.81,125.88
32,17,5.6146,26.667,237.97,116.12
32,17,6.2841,28.175,252.64,119.55
32,17,5.0143,28.608,267.81,129.66
32,17,4.9048,27.444,243.68,116.77
32,17,5.1936,28.8,270.29,131.12
32,17,8.4341,26.85,228.35,104.9
32,17,8.4032,27.882,255.65,123.18
32,17,6.1715,27.973,251.62,121.05
32,17,4.7669,27.925,254.57,123.15
32,17,4.4542,27.9,260.28,129.31
32,17,5.8628,27.326,233.64,107.72
32,17,8.5579,28.496,260.45,124.28
32,17,5.3415,28.932,270.59,130.75
32,17,4.9168,27.724,255.86,127.46
32,17,6.3905,28.863,275.28,134.37
32,17,7.8363,28.297,254.61,120.37
32,17,6.5273,27.547,245.12,115.24
32,17,7.0155,27.812,259.5,128.1
32,17,5.5135,27.65,246.5,115.91
32,17,4.9415,27.833,253.01,122.14
32,17,4.5243,27.418,241.85,116.3
32,17,6.1118,27.879,246.95,115.95
32,17,6.7724,28.785,268.08,128.85
32,17,7.4866,28.749,273.1,133.42
32,17,5.028,28.387,269.47,133.28
32,17,4.7614,29.292,283.79,137.39
32,17,5.4644,28.149,255.02,122.25
32,17,5.1987,28.463,261.3,124.71
32,17,7.7815,27.233,231.64,104.79
32,17,5.1747,27.517,246.01,117.91
32,17,8.181,27.616,246.68,116.82
32,17,5.8451,28.863,271.18,131.71
32,17,5.4948,27.889,252.34,119.76
32,17,7.2032,28.181,258.37,122.55
32,17,7.1273,27.711,250.61,119.83
32,17,6.2191,28.554,259.5,121.79
32,17,4.7636,28.038,255.7,119.93
32,17,5.511,28.044,251.37,119.59
32,17,5.7661,28.869,274.98,135.92
32,17,5.2029,28.672,270.67,129.05
32,17,5.0092,28.562,266.45,130.26
32,17,5.078,27.843,258.18,127.92
32,17,6.3794,27.651,244.19,114.95
32,17,6.9815,27.421,241.54,115.86
32,17,6.3455,27.451,256.45,128.56
32,17,5.6888,28.659,269.49,131.32
32,17,4.7472,27.546,247.86,119.93
32,17,6.6042,28.513,267.67,130.52
32,17,6.0867,27.493,242.28,113.96
32,17,8.6853,28.394,264.61,128.29
32,17,6.0275,27.987,255.68,123.63
32,17,5.4761,27.79,254.79,124.07
32,17,6.2514,26.939,233.69,109.89
32,17,5.4147,27.718,253.89,123.9
32,17,5.3319,28.403,264.28,126.91
32,17,6.5087,26.692,223.48,104.34
32,17,4.6319,28.139,260.65,127.23
32,17,6.1494,28.079,251.24,119.23
32,17,6.0804,29.446,286.95,138.9
32,17,4.8348,28.577,268.09,130.94
32,17,6.6038,27.744,250.3,121.69
32,17,4.3723,27.597,244.09,114.78
32,17,5.2629,27.965,252.34,119.89
32,17,5.471,27.805,255.99,125.75
32,17,6.117,28.401,264.08,126.61
32,17,5.5878,27.399,254.22,126.38
32,17,5.6554,27.021,234.67,111.06
32,17,5.9048,28.455,265.3,128.58
32,17,6.746,27.785,255.42,124.43
32,17,4.9781,27.317,237.15,111.1
32,17,8.2691,28.235,266.81,132.01
32,17,5.8681,28.263,260.82,124.99
32,17,4.8963,28.894,275.5,134.75
32,17,5.4063,27.622,245.95,116.9
32,17,7.5311,27.588,242.04,114.34
32,17,4.9669,27.003,246.04,122.73
32,17,5.5862,26.357,227.08,108.72
32,17,5.8147,28.109,255.18,120.82
32,17,5.7368,27.817,256.86,125.79
32,17,6.2867,27.528,247.67,120.23
32,17,4.9048,28.234,259.86,125.69
32,17,5.6449,27.357,246.37,118.52
32,17,7.1731,28.478,264.23,125.19
32,17,5.2145,29.124,285.22,142.22
32,17,6.4161,28.328,260.93,124.74
32,17,5.3162,27.533,247.34,117.88
32,17,4.6307,27.644,248.16,120.08
32,17,5.7785,27.711,253.11,122.72
32,17,5.108,27.32,246.84,122.13
32,17,4.4506,28.363,253.39,118.2
32,17,5.446,27.532,237.64,111.35
32,17,5.4629,28.629,250.73,114.04
32,17,5.2389,27.948,254.69,122.62
32,17,7.3241,28.243,255.29,119.49
32,17,6.2861,28.988,275.18,133.68
32,17,6.8544,28.276,267.94,132.14
32,17,5.8764,27.353,236.46,109.77
32,17,5.8538,28.122,256.03,124.15
32,17,4.8443,28.231,256.35,122.03
32,17,5.5607,26.822,232.09,110.86
32,17,5.1185,28.042,253.29,120.37
32,17,5.0204,27.306,242.04,113.87
32,17,5.3562,27.664,248.27,116.98
32,17,6.0824,28.307,267.55,132.16
32,17,5.4346,27.725,249.95,120.67
32,17,5.5432,27.274,245.31,117.95
32,17,6.9212,28.409,261.77,122.82
32,17,5.9193,28.211,252.01,118.66
32,17,5.6589,27.397,248.34,119.73
32,17,5.9899,28.018,258.96,126.41
32,17,7.32,27.353,245.98,121.62
32,17,5.1198,26.304,230.66,113.72
32,17,5.3781,28.314,261.81,125.36
32,17,4.1385,28.177,252.83,119.87
32,17,6.2557,27.01,233.65,111.35
32,17,5.3954,27.811,256.83,126.09
32,17,4.6878,27.892,259.42,128.49
32,17,5.557,28.758,280.01,140.73
32,17,5.2128,27.696,252.79,122.6
32,17,5.2895,27.358,245.58,119.65
32,17,5.2895,28.291,271.05,136.31
32,17,5.4054,27.258,245.03,118.01
32,17,6.833,27.748,240.22,108.65
32,17,5.8576,28.466,256.59,121.94
32,17,5.2597,27.564,245.19,118.73
32,17,7.1176,27.998,264.59,131.31
32,17,5.4142,29.627,278.84,129.73
32,17,4.915,28.156,259.11,123.07
32,17,5.9296,27.831,249.78,120.22
32,17,5.3813,28.152,255.55,121.33
32,17,8.2872,28.404,263.91,126.37
32,17,5.5318,28.72,262.65,124.47
32,17,5.8032,27.282,245.66,118.25
32,17,6.6778,27.016,233.54,110.6
32,17,5.9038,28.178,252.42,119.92
32,17,4.4253,27.553,249.74,120.79
32,17,5.8705,27.264,237.69,111.1
32,17,5.6454,26.916,240.18,116.59
32,17,5.6712,28.081,261.28,126.34
32,17,4.5185,27.791,245.26,116.89
32,17,5.216,26.681,228.07,106.78
32,17,6.7548,28.576,257.2,119.02
32,17,5.0211,28.193,273.11,137.34
32,17,4.8344,27.703,248.09,119.11
32,17,4.324,27.425,252,123.6
32,17,5.9713,27.773,247.77,118.33
32,17,4.8328,27.162,233.46,108
32,17,5.7775,26.827,229.61,107.81
32,17,6.222,28.321,256.19,119.64
32,17,4.419,27.837,254.86,123.91
32,17,6.4263,28.247,261.1,125.42
32,17,4.7009,28.384,263.75,126.52
32,17,8.7834,28.316,248.6,111.59
32,17,6.531,27.555,246.68,117.26
32,17,7.2716,28.083,261.93,126.92
32,17,4.8899,27.282,239.18,111.48
32,17,9.8653,28.004,256.46,125.67
32,17,8.0309,27.956,256.95,124.41
32,17,6.1123,27.856,256.69,124.15
32,17,6.3991,28.077,258.01,123.81
32,17,5.9149,28.338,260.8,125.86
32,17,8.0949,27.469,237.06,111.03
32,17,5.554,27.212,245.47,119.64
32,17,7.7138,27.315,240.19,112.46
32,17,5.7734,28.505,265.52,128.54
32,17,4.9495,27.441,245.47,118.14
32,17,4.4935,27.783,246.05,116.65
32,17,6.0569,29.18,281.52,139.04
32,17,6.861,27.944,249.85,119.48
32,17,5.3459,28.033,266.38,132.21
32,17,5.0791,27.473,244.9,115.93
32,17,5.2351,28.634,275.77,136.72
32,17,6.038,27.405,237.62,110.69
32,17,5.4361,27.923,246.59,114.85
32,17,4.8888,27.57,253.05,125.77
32,17,5.2746,27.634,244.45,116.23
32,17,4.4238,28.036,255.46,124.33
32,17,4.5435,27.049,234.65,111.22
32,17,6.4208,28.437,268.03,131.2
32,17,6.006,27.772,254.52,124.73
32,17,5.7189,28.345,272.09,133.87
32,17,4.7579,27.695,243.43,113.52
32,17,7.7109,28.169,256.99,123.05
32,17,4.7013,26.735,236.74,115.33
32,17,6.4561,28.913,273.42,132.47
32,17,6.2869,28.182,263.87,128.31
32,17,5.7795,27.235,236.52,112.36
32,17,6.7155,28.974,260.42,117.56
32,17,4.804,27.01,244.64,120.47
32,17,5.8779,27.748,245.8,117.1
32,17,6.4709,28.114,251.57,119.53
32,17,5.8212,28.967,278.43,136.66
32,17,4.4109,27.759,253.87,123.99
32,17,6.1989,28.292,257.54,122.59
32,17,5.1372,27.17,233.66,109.1
32,17,6.0551,27.777,247.95,117.99
32,17,5.6776,28.145,267.37,133.46
32,17,5.2597,28.227,257.2,121.25
32,17,6.9698,28.163,259.51,125.51
32,17,5.1925,27.711,250.27,119.58
32,17,4.7388,27.476,238.33,111.47
32,17,5.7752,28.271,268.99,132.54
32,17,5.1785,26.836,225.08,102.87
32,17,5.1593,27.802,259.93,127.66
32,17,5.0001,26.555,229.01,109.27
32,17,4.3261,27.844,239.01,108.5
32,17,6.8113,27.334,250.86,123.62
32,17,5.4799,28.315,258.34,122.43
32,17,6.5114,27.865,247.78,115.38
32,17,4.7344,27.944,255.92,122.44
32,17,5.5563,28.023,256.07,124.38
32,17,5.4746,27.168,241.46,115.66
32,17,7.49,27.789,251.97,121.91
32,17,6.4713,27.221,240.32,114.39
32,17,5.4211,29.204,283.04,138.84
32,17,5.3355,26.79,231.38,109.79
32,17,4.5516,27.834,249.13,117.52
32,17,5.066,27.489,250.41,122.67
32,17,6.2649,27.844,258.79,128.3
32,17,6.4944,27.416,247.14,119.2
32,17,4.9496,27.597,245.98,115.55
32,17,4.9732,28.316,267.95,130.64
32,17,5.9523,28.246,261.19,126.45
32,17,5.5277,27.891,259.31,127.34
32,17,5.8649,27.795,248.59,118.71
32,17,4.2834,27.11,246.06,120.72
32,17,5.2484,27.915,260.03,125.63
32,17,4.7499,27.873,251.43,119.23
32,17,5.4787,28.325,255.79,120.89
32,17,6.251,28.991,267.3,127.12
32,17,6.6861,27.873,250.9,120.54
32,17,6.6551,28.959,276.06,133.07
32,17,7.0037,26.893,235.79,112.38
32,17,6.8555,28.856,274.8,134.54
32,17,4.7483,28.417,253.36,118.29
32,17,6.0293,28.388,269.02,134.77
32,17,6.854,26.947,235.86,111.2
32,17,4.7572,27.417,245.02,118.36
32,17,4.3755,27.905,248.7,116.86
32,17,6.9639,28.832,275.99,135.1
32,17,5.9183,28.065,265.82,132.14
32,17,5.237,28.014,264.43,131.23
32,17,6.4375,27.93,250.81,118.85
32,17,6.6161,27.705,244.01,113.3
32,17,5.7485,27.004,243.07,118.4
32,17,6.5773,29.294,275.54,129.85
32,17,10.31,28.166,255.5,121.51
32,17,5.8851,28.398,257.01,121.24
32,17,5.0501,29.487,289.78,142.08
32,17,5.016,27.016,237.97,113.71
32,17,6.5809,27.482,242.6,113.96
32,17,5.2851,28.262,262.96,129.09
32,17,5.2042,27.937,255.12,122.16
32,17,5.7598,28.252,254.6,119.25
32,17,6.4558,27.442,247.3,119.11
32,17,9.6793,27.73,253.28,122.53
32,17,5.931,27.71,248.15,118.43
32,17,6.7346,28.123,257.07,120.5
32,17,5.5492,28.587,266.45,128.33
32,17,5.6375,27.942,252.97,120.26
32,17,5.991,28.454,250.74,113.67
32,17,6.3929,27.272,237.58,111.94
32,17,5.895,27.902,243,111.95
32,17,5.1004,27.478,249.19,120.71
32,17,6.2381,27.236,242,118.28
32,17,5.3971,27.515,247.27,119.76
32,17,5.2112,29.073,279.75,139.96
32,17,4.8174,28.035,260.38,128.19
32,17,6.0157,28.971,268.92,126.37
32,17,6.4548,26.429,218.71,101.91
32,17,5.3054,26.897,226.86,104.81
32,17,6.4354,28.286,264.36,129.39
32,17,6.6029,27.268,235.58,109.75
32,17,5.6787,28.296,262.26,126.07
32,17,5.7328,28.421,263.99,126.83
32,17,6.156,27.649,258.42,128.44
32,17,7.1961,27.276,244.4,119.71
32,17,6.0075,27.519,250.02,122.91
32,17,6.0116,27.46,245.92,117.77
32,17,5.1112,27.217,247.89,122.88
32,17,5.8139,27.761,247.06,116.88
32,17,7.7943,27.316,241.4,115.04
32,17,4.5595,28.121,266.9,134.24
32,17,5.6578,27.578,256.92,127.48
32,17,7.3844,27.589,245.12,116.92
32,17,8.5609,28.529,269.74,134.41
32,17,5.4598,28.047,257.56,124.03
32,17,6.8157,29.158,274.54,130.14
32,17,4.6519,26.916,235.78,112.93
32,17,5.3,26.949,234.59,111.51
32,17,4.7908,28.305,256.06,120.74
32,17,5.5167,28.601,261.92,124.63
32,17,5.3927,28.888,272.27,132.02
32,17,4.5886,27.47,248.15,120.07
32,17,6.4347,27.339,239.65,112.71
32,17,4.7889,27.635,247.59,118.55
32,17,7.449,28.111,267.31,131.97
32,17,5.677,28.787,264.91,124.01
32,17,7.0956,28.064,256.59,125.34
32,17,5.0051,27.318,238.58,111.14
32,17,4.759,27.783,253.09,122.43
32,17,6.1554,28.247,244.33,112.76
32,17,6.2833,26.319,220.37,103.17
32,17,5.0716,28.138,268.05,135.52
32,17,7.8348,27.284,238.42,112.45
32,17,6.7101,27.471,234.94,108.84
32,17,7.4695,28.092,255.88,123.38
32,17,6.7561,27.947,260.35,128.24
32,17,4.6098,27.969,255.36,122.88
32,17,5.2754,27.164,243.09,117.24
32,17,5.2343,27.458,242.12,116.39
32,17,7.2915,26.926,226.6,104.06
32,17,5.6785,28.463,260.78,126.08
32,17,6.291,27.686,249.55,118.64
32,17,5.155,27.887,257.74,124.86
32,17,6.9741,28.518,270.44,135.01
32,17,6.5218,27.295,246.38,120.53
32,17,4.4239,28.819,272.55,133.58
32,17,5.3478,28.732,268.82,126.64
32,17,4.8046,27.751,252.81,120.68
32,17,5.5414,27.367,246.59,119.2
32,17,5.4142,29.659,277.78,129.22
32,17,5.7737,27.859,249.32,118.87
32,17,5.863,28.465,276.32,139.83
32,17,5.3758,27.353,238.24,113.5
32,17,4.1689,29.206,270.46,125.49
32,17,4.3877,28.349,268.04,131.12
32,17,6.9131,28.143,252.65,119.99
32,17,5.1097,27.018,235.46,109.55
32,17,5.2778,28.07,261.96,128.48
32,17,4.7923,28.116,267.96,134.3
32,17,5.5548,28.187,263.81,129.51
32,17,4.5492,27.929,251.62,118.84
32,17,5.6626,27.514,243.87,116.66
32,17,5.4903,27.813,245.04,113.93
32,17,6.0747,27.687,237.62,109.63
32,17,6.288,28.992,269.33,127.54
32,17,4.8299,29.005,275.03,132.79
32,17,5.5974,29.194,275.86,132.41
32,17,6.1778,28.094,260.96,127.22
32,17,6.083,29.081,278.17,135.8
32,17,5.6642,27.476,251.34,123.74
32,17,5.6517,28.569,270.19,131.52
32,17,5.216,27.835,253.51,124.07
32,17,6.2282,28.373,256.87,120.36
32,17,4.9283,28.322,262.85,127.22
32,17,8.3536,27.059,225.1,102.44
32,17,7.4752,28.571,268.78,129.63
32,17,4.8293,30.024,294.13,139.12
32,17,5.7453,27.56,256.13,128.35
32,17,4.7955,29.269,274.14,129.83
32,17,4.5354,27.519,246.56,118.16
32,17,5.0617,28.254,254,120.34
32,17,5.4402,27.922,248.16,118.37
32,17,5.2756,27.693,246.11,117.18
32,17,5.3169,28.848,272.06,130.89
32,17,9.2231,27.834,245.42,115.02
32,17,6.9753,29.482,278.79,131.51
32,17,4.7095,26.571,227.08,107.17
32,17,5.0281,26.962,232.54,109.13
32,17,4.9916,27.505,245.14,118.47
32,17,4.5108,29.322,293.56,149.02
32,17,7.4137,28.161,265.96,130.31
32,17,6.4202,28.339,248.87,116.46
32,17,6.2587,28.543,252.87,115.9
32,17,5.4894,27.403,237.7,110.91
32,17,4.836,28.191,255.83,121.5
32,17,4.9791,28.305,255.58,118.39
32,17,7.4787,27.11,240.12,118.74
32,17,5.0524,28.611,274.43,134.63
32,17,5.1553,28.121,266.93,133.25
32,17,8.2231,28.509,266.97,130.34
32,17,6.4723,28.307,258.95,122.96
32,17,6.307,28.148,253.22,120.27
32,17,4.7848,27.311,249.54,121.06
32,17,5.9307,28.407,263.08,129.03
32,17,5.2151,27.663,253.81,125.47
32,17,5.0536,27.796,248.82,117.43
32,17,4.8171,28.484,274.36,137.29
32,17,6.9555,26.563,235.42,115.85
32,17,7.131,29.01,268.89,126.64
32,17,5.5587,27.822,249.06,118.4
32,17,4.7973,26.565,222.95,102.19
32,17,5.2957,26.543,230.23,109.35
32,17,5.912,29.027,276.85,135.47
32,17,5.8102,27.216,239.51,113.74
32,17,5.8535,27.145,237.26,112.62
32,17,4.604,27.03,232.6,109.47
32,17,5.5262,28.125,265.03,131.13
32,17,5.9901,27.429,255.26,127.41
32,17,6.7336,27.578,242.65,114.27
32,17,8.2189,27.507,246.55,119.31
32,17,7.8593,28.153,253.91,118.6
32,17,6.0921,27.111,246.81,122.18
32,17,5.9418,27.818,249.49,119.43
32,17,4.9533,27.609,252.74,123.14
32,17,7.2328,27.672,255.82,125.34
32,17,5.454,27.954,259.43,124.84
32,17,4.9435,28.454,263.92,126.42
32,17,5.2198,27.937,262.26,129.41
32,17,6.0787,28.249,263.29,130.17
32,17,7.9546,28.053,246.26,114.94
32,17,6.3892,27.749,248.91,118.2
32,17,5.6963,27.732,243.86,115.7
32,17,5.3183,28.231,253.88,118.66
32,17,5.138,27.358,238.84,111.71
32,17,6.9556,27.821,251.84,121.81
32,17,5.8572,28.456,261.66,125.72
32,17,4.9574,28.597,276.34,137.98
32,17,5.8264,28.294,264.25,129.19
32,17,5.2457,28.019,253.23,119.59
32,17,7.7597,27.654,244.81,116.73
32,17,4.8364,27.736,248.28,119.19
32,17,5.8769,27.7,257.3,127.2
32,17,4.2767,27.78,260.15,130.25
32,17,5.4704,27.521,239.08,109.78
32,17,8.3665,28.056,249.27,115.44
32,17,5.317,27.482,242.48,114.39
32,17,6.1013,27.876,261.02,128.29
32,17,5.4725,27.044,244.42,118.09
32,17,5.4725,27.967,263.98,132.14
32,17,4.9277,28.759,266.85,126.17
32,17,5.1923,28.205,264.13,128.9
32,17,5.0291,27.555,250.52,123.17
32,17,5.2611,28.282,258.74,121.29
32,17,6.7572,28.017,250.67,119.42
32,17,5.388,27.621,244.24,116.05
32,17,6.2888,27.907,234.82,104.68
32,17,7.5836,26.903,226.05,104.41
32,17,7.3103,29.11,278.03,136.42
32,17,5.6935,27.404,245.25,117.71
32,17,5.9117,27.248,241.6,115.72
32,17,5.5605,27.622,242.54,113.56
32,17,6.2139,28.712,271.84,131.86
32,17,8.0327,28.436,253.25,116.88
32,17,7.6268,28.029,251.29,120.01
32,17,5.1935,28.18,260.87,126.69
32,17,8.1019,27.979,255.97,122.98
32,17,4.3869,28.104,253.11,114.63
32,17,5.5619,26.663,239.14,118.77
32,17,4.967,27.746,249.93,116.51
32,17,5.4302,27.866,251.41,120.63
32,17,7.1753,27.224,244.21,120.63
32,17,6.046,27.824,252.65,120.38
32,17,5.7041,28.131,260.8,128.25
32,17,6.1071,28.521,266.03,129.74
32,17,7.0278,28.198,259.63,126.65
32,17,4.9051,28.396,263.68,125.53
32,17,5.8733,28.446,272.19,132.47
32,17,5.446,28.275,257.84,121.86
32,17,4.9604,28.642,274.25,137.14
32,17,7.0555,27.959,257.25,125.48
32,17,5.7355,28.169,251.76,119.24
32,17,7.3854,28.549,261.71,124.04
32,17,5.3434,27.687,249.42,120.88
32,17,5.5963,29.155,278.55,134.98
32,17,5.5274,28.499,265.21,129.56
32,17,6.3297,28.086,246.54,114.94
32,17,5.8603,26.699,225.15,103.02
32,17,5.214,27.73,256.88,124.65
32,17,4.9289,26.941,238.17,115.09
32,17,5.4276,27.859,254.23,121.02
32,17,6.4503,28.109,248.09,113.05
32,17,5.5346,27.945,261.66,129.73
32,17,5.328,28.007,248.15,115.5
32,17,6.1424,28.113,254.79,120.7
32,17,7.4043,28.175,260.35,127.73
32,17,5.681,26.847,231.84,109.59
32,17,4.7649,27.991,258.03,123.5
32,17,5.4995,28.344,260.23,122.58
32,17,6.2514,27.828,250.45,121.13
32,17,7.0644,29.922,288.31,139.12
32,17,5.2743,28.672,273.34,135.98
32,17,5.2387,27.669,254.44,122.82
32,17,4.5884,28.174,268.01,133.63
32,17,5.1977,28.373,257.51,123.35
32,17,5.47,29.004,266.42,126.5
32,17,5.1929,28.097,273.34,137.24
32,17,4.3858,28.146,254.51,120.4
32,17,5.1662,28.447,272.66,134.93
32,17,4.722,27.14,237.57,112.03
32,17,5.2897,27.713,248.61,118.01
32,17,4.6104,28.578,257.59,121.58
32,17,5.3479,28.487,265.57,129.32
32,17,5.2133,27.383,251.48,122.84
32,17,5.859,28.286,260.02,126.3
32,17,5.3063,28.46,259.86,124.3
32,17,5.8702,27.715,247.81,117.78
32,17,6.3624,28.049,250.1,119.1
32,17,6.2353,26.755,229.53,108.88
32,17,4.8278,28.508,261.57,123.59
32,17,5.057,28.488,267.55,130.37
32,17,5.5257,28.844,268.78,127.04
32,17,6.3455,28.038,255.7,123.67
32,17,6.6823,26.999,238.07,114.65
32,17,4.9511,27.917,254.38,122.9
32,17,5.8602,27.343,248.26,122.45
32,17,6.2036,28.193,258.15,122.49
32,17,5.1031,28.359,261.14,125
32,17,6.286,27.713,250.58,120.08
32,17,7.4429,28.017,247.8,115.7
32,17,7.0571,27.666,246.94,115.39
32,17,6.396,29.071,276.32,132.94
32,17,5.4006,27.887,252.76,121.37
32,17,7.6213,27.424,248.44,121.18
32,17,8.4603,28.491,264.13,126.64
32,17,6.3538,28.459,271.41,135.57
32,17,6.8179,28.552,256,118.85
32,17,4.6438,27.836,259.31,127.89
32,17,9.3721,27.753,238.67,109.6
32,17,4.9873,28.103,260.97,127.52
32,17,5.1374,28.445,261.59,125.51
32,17,5.0291,28.518,266.88,127.7
32,17,7.0553,27.696,244.44,114.06
32,17,5.7576,27.428,244.1,116.88
32,17,4.5794,27.647,254.67,123.67
32,17,4.4732,26.976,230.91,106.84
32,17,5.7762,29.244,291.41,143.75
32,17,4.8947,27.448,238.2,111.71
32,17,5.5994,27.442,238.98,112.65
32,17,5.3039,29.505,283.48,136.66
32,17,5.0703,28.858,277.13,135.55
32,17,3.8161,27.665,252.65,122.49
32,17,5.84,28.461,265.52,128.88
32,17,7.6054,26.778,228.58,108.11
32,17,6.1957,26.981,236.69,113.12
32,17,6.0155,26.789,233.7,113.85
32,17,5.5326,28.306,264.37,127.65
32,17,4.7037,27.969,249.73,117.34
32,17,4.9691,27.806,250.96,121.79
32,17,7.9305,27.192,234.84,109.19
32,17,5.9551,28.428,254.29,117.85
32,17,4.7694,27.081,224.56,100.42
32,17,7.3658,27.117,240.59,117.06
32,17,5.217,27.849,254.66,124.77
32,17,8.2326,27.893,262.81,131.41
32,17,10.349,27.75,250.41,120.65
32,17,5.3636,29.226,282.08,138.39
32,17,5.5759,27.227,234.33,106.36
32,17,5.8136,26.749,221.16,101.17
32,17,7.9064,27.139,249.18,122.68
32,17,10.802,27.311,240.59,113.16
32,17,5.6799,27.781,250.33,122.82
32,17,5.0895,28.032,263.59,130.06
32,17,6.6944,29.483,277.96,132.92
32,17,5.0035,28.537,266.61,129.98
32,17,4.7129,27.809,258.86,125.39
32,17,5.4774,29.222,278.57,133.72
32,17,6.6161,28.736,262.66,124.97
32,17,5.4426,27.266,244.73,117.71
32,17,7.5735,26.941,234.98,112.81
32,17,4.79,28.298,249.4,114.2
32,17,5.404,27.954,254.74,123.62
32,17,6.217,26.751,235.57,113.35
32,17,5.2775,28.635,273.77,135.14
32,17,6.3661,27.432,245.38,118.15
32,17,6.0476,27.877,253.13,123.84
32,17,5.174,27.804,260.52,129.48
32,17,4.7273,27.361,236.88,109.52
32,17,5.2471,27.842,243.46,112.37
32,17,6.1466,27.789,261.25,128.76
32,17,4.2078,28.897,271.47,130.7
32,17,5.4581,27.298,242.03,114.92
32,17,6.0407,28.586,268.49,129.95
32,17,5.8203,27.726,256.51,124.81
32,17,6.4773,29.019,272.17,131.02
32,17,4.2196,26.997,236.63,114.27
32,17,7.4445,27.535,247.81,118.06
32,17,5.6908,27.617,240.69,114.81
32,17,5.4267,27.297,238.19,112.31
32,17,5.5558,26.916,227.33,105.22
32,17,5.8418,28.299,245.66,107.89
32,17,6.7145,28.109,250.67,117.4
32,17,5.5619,28.592,270.15,132.35
32,17,5.0024,28.472,259.18,124.82
32,17,6.5325,27.702,254.54,126.06
32,17,11.046,27.964,249.97,117.07
32,17,6.0721,27.685,248.34,118.15
32,17,5.5346,27.229,236.64,110.33
32,17,5.4185,28.357,260.74,127.28
32,17,6.3252,28.291,257.09,123.72
32,17,5.9768,28.759,274.84,135.14
32,17,7.9234,27.47,241.85,115.08
32,17,6.4407,27.973,262.02,130.55
32,17,6.9613,27.39,242.2,117.59
32,17,5.9184,29.002,274.25,132.8
32,17,5.3664,27.584,253.12,122.97
32,17,5.6275,27.959,246.67,116.53
32,17,6.3597,28.131,247.94,114.04
32,17,4.6288,27.793,248.59,118.78
32,17,4.8249,27.589,240.83,110.49
32,17,8.179,27.727,248,118.89
32,17,5.6479,26.934,228.67,105.92
32,17,5.5343,28.125,265.73,132.67
32,17,7.9425,28.513,264.39,127.19
32,17,5.5262,28.517,269.78,133.2
32,17,4.8725,28.749,273.17,133.35
32,17,5.1612,27.361,243.89,115.98
32,17,5.0602,27.771,249.38,117.66
32,17,6.0937,28.033,263.2,130.36
32,17,5.6977,26.979,235.1,112.25
32,17,6.6619,28.113,256.23,123.05
32,17,6.2428,28.087,257.24,124.46
32,17,5.1538,27.477,247.79,119.84
32,17,6.716,28.885,272.04,130.76
32,17,5.7213,28.144,263.91,128.68
32,17,5.6528,27.234,234.1,106.82
32,17,4.4312,26.885,230.17,107.82
32,17,5.8187,27.07,238.27,113.97
32,17,5.2569,28.364,258.63,125.13
32,17,5.4436,26.835,234.07,112.52
32,17,8.314,27.646,242.98,113.92
32,17,7.3756,28.308,261.86,128.35
32,17,8.6797,28.097,253.62,120.25
32,17,5.4245,28.126,261.99,127.94
32,17,5.4792,26.647,225.89,106.32
32,17,5.7178,28.213,261.88,126.56
32,17,5.2298,28.526,268.64,131.11
32,17,5.4316,27.95,256.5,124.68
32,17,7.6174,27.619,248.9,120.34
32,17,7.5062,28.4,262.02,127.77
32,17,4.4876,27.256,248.25,123.34
32,17,6.117,27.943,267.98,134.96
32,17,6.4947,27.581,254.08,125.17
32,17,5.8268,27.32,243.8,116.04
32,17,5.8666,28.83,264.44,123.88
32,17,5.638,27.555,245.14,116.04
32,17,5.68,27.79,246.97,116.27
32,17,6.2631,28.173,249.06,116.57
32,17,6.8291,28.966,267.94,125.89
32,17,5.6163,28.867,267.65,126.59
32,17,7.2361,27.529,242.16,114.73
32,17,5.8066,28.191,256.14,121.31
32,17,6.6141,27.131,238.72,115.99
32,17,6.792,28.491,256.53,119.13
32,17,6.0269,27.174,233.38,110.28
32,17,5.5937,27.552,242.79,115.14
32,17,5.0452,28.268,263.84,127.67
32,17,5.7913,27.239,242.31,116.07
32,17,5.5695,27.497,245.89,118.48
32,17,5.0348,28.158,258.89,123.85
32,17,5.3544,27.895,259.03,127.04
32,17,6.7153,27.46,248.91,120.94
32,17,4.8299,28.783,275.61,134.74
32,17,6.0508,28.38,267.59,131.48
32,17,4.4873,27.315,241.76,116.02
32,17,6.997,27.525,244.53,117.05
32,17,5.6705,28.326,259.19,122.89
32,17,5.244,27.282,244.06,117.5
32,17,7.7239,28.055,261.97,126
32,17,5.1396,28.007,254.56,121.67
32,17,5.7809,27.702,249.33,120.76
32,17,4.8144,28.554,267.12,130.19
32,17,5.1219,27.73,248.26,117.2
32,17,5.0813,27.77,254.49,123.62
32,17,7.8401,27.906,259.77,127.65
32,17,5.2039,27.635,246.85,117.4
32,17,5.0557,28.493,262.17,125.82
32,17,7.67,27.462,240.84,114.38
32,17,5.6658,28.554,269.34,130.94
32,17,4.6244,28.104,259.78,125.12
32,17,4.5319,28.365,264.05,127.6
32,17,4.2452,28.464,253.44,116.76
32,17,5.752,27.103,237.07,111.95
32,17,4.5043,28.26,267.15,131.57
32,17,9.7473,27.661,243.22,114.88
32,17,5.9134,27.449,243.4,115.4
32,17,6.5542,27.668,250.17,120.32
32,17,5.3295,26.694,227.6,107.1
32,17,5.8207,27.247,237.32,111.92
32,17,5.5867,26.149,221.66,106.97
32,17,5.615,28.076,252.66,118.05
32,17,4.1995,27.146,241.18,114.45
32,17,5.7555,27.795,256.51,125.72
32,17,4.8603,28.472,264.22,127.77
32,17,8.7492,27.14,232.14,108.58
32,17,7.8612,27.209,231.17,108.11
32,17,5.7235,28.211,250.09,113.39
32,17,5.3166,28.119,260.59,128.45
32,17,4.3379,28.668,268.94,132.3
32,17,6.6208,27.2,236.69,111.61
32,17,5.6089,28.289,258.02,124.15
32,17,5.409,27.555,250.58,122.25
32,17,5.7121,28.957,271.35,130.45
32,17,6.8199,28.15,258.93,124.8
32,17,8.6789,28.955,259.34,119.63
32,17,7.2793,28.961,280.66,140.59
32,17,5.6964,27.888,251.41,120.02
32,17,5.6349,27.654,237.76,106.41
32,17,6.0445,28.484,269.71,133.4
32,17,6.295,28.085,252.21,117.45
32,17,5.3145,27.27,236.05,110.23
32,17,4.7663,28.068,250.65,117.81
32,17,5.0206,27.244,242.43,115.44
32,17,6.5184,27.838,250.82,119.76
32,17,4.5202,27.506,252.8,125.49
32,17,5.9229,28.392,259.75,123.74
32,17,6.4343,28.831,265.59,125.5
32,17,6.5307,28.501,264.55,129.89
32,17,4.7954,28.832,268.5,126.58
32,17,7.0274,28.926,271.2,129.49
32,17,4.7885,28.024,253.42,120.4
32,17,9.0268,28.067,252.6,119.16
32,17,4.6029,28.015,259.19,126.05
32,17,5.9535,28.534,261.38,124.73
32,17,5.5052,26.902,237.27,115.23
32,17,4.6902,27.817,244,112
32,17,4.6963,27.669,252.87,123.9
32,17,6.2281,28.257,246.35,112.13
32,17,5.0886,28.719,271.75,133.27
32,17,4.9806,29.313,281.56,134.7
32,17,4.4674,27.609,256.17,125.91
32,17,5.9787,28.146,259.73,125.27
32,17,5.5887,28.318,262,128.29
32,17,6.8139,28.65,263.19,124.51
32,17,6.8709,27.513,244.48,116.06
32,17,5.1778,28.272,263.14,128.52
32,17,5.3557,28.092,249.37,119.21
32,17,7.179,28.173,260.73,126.52
32,17,5.4637,27.138,247.48,121.27
32,18,5.3775,27.901,252.15,119.04
32,18,4.6778,27.792,241.27,109.68
32,18,5.3568,27.624,253.26,124.68
32,18,5.1363,28.296,258.26,120.43
32,18,5.8045,28.88,277.92,135.81
32,18,6.3503,28.148,266.15,132.75
32,18,5.2762,28.526,263.99,124.87
32,18,5.9459,28.068,259.19,128.68
32,18,5.9503,26.705,232.95,113.17
32,18,6.471,28.167,270.65,134.44
32,18,5.4441,27.791,243.4,112.46
32,18,6.0505,27.723,247.08,115.86
32,18,7.4022,28.04,252.64,118.23
32,18,7.5676,28.193,261.26,127.54
32,18,7.2429,27.811,259.38,127.12
32,18,5.3892,27.622,248.75,118.05
32,18,5.2471,27.237,251.64,125.81
32,18,5.981,27.725,246.99,117.61
32,18,5.8698,26.52,229.86,110.31
32,18,6.4264,28.106,264.85,130.14
32,18,5.0173,27.545,250.29,121.92
32,18,7.741,27.965,260.44,127.78
32,18,4.329,28.23,264.56,127.77
32,18,5.429,28.521,274.52,135.31
32,18,6.9771,27.34,244.51,116.81
32,18,4.9242,28.432,253.73,115.9
32,18,5.53,28.375,270.15,132.81
32,18,5.4437,28.776,282.37,142.74
32,18,5.916,28.322,274.91,136.37
32,18,5.0835,28.179,262.82,128.87
32,18,6.3076,28.612,266.66,127.49
32,18,6.3699,27.729,248.2,117.32
32,18,4.4269,28.867,281.13,139.83
32,18,7.7036,28.787,266.47,127.11
32,18,6.6509,29.106,278.05,134.29
32,18,5.9112,28.544,262.93,123.72
32,18,5.5298,27.191,239.39,113.34
32,18,6.1853,27.924,249.79,117.62
32,18,6.6343,28.855,275.74,134.84
32,18,5.4668,28.796,267.66,128.01
32,18,5.9017,29.279,278.73,133.46
32,18,4.8333,27.683,255.66,122.83
32,18,4.6601,29.405,290.85,144.15
32,18,8.0866,26.323,226.32,107.56
32,18,5.8475,27.247,244.97,120.84
32,18,4.511,27.942,249.84,118.1
32,18,6.0148,28.389,268,131.42
32,18,6.544,27.889,244.64,112.48
32,18,5.634,28.681,272.2,132.71
32,18,6.5947,28.181,254.76,121.35
32,18,5.2331,28.792,272.81,131.41
32,18,6.5171,27.184,241.99,116.29
32,18,4.802,28.431,262.74,125.3
32,18,6.4326,28.573,270,129.28
32,18,6.3466,27.543,250.28,122.6
32,18,7.6282,28.201,263.53,129.04
32,18,5.386,27.657,257.08,126.58
32,18,6.8199,27.649,249.21,120.07
32,18,4.9492,28.228,264.4,129.31
32,18,5.7453,27.367,235.48,108.43
32,18,4.7828,27.704,256.36,127.66
32,18,5.5994,27.856,255.9,124.52
32,18,6.47,27.721,258.45,128.31
32,18,8.3065,29.617,280.22,132.66
32,18,5.04,28.136,253.92,121.6
32,18,5.6247,28.292,268.97,132.83
32,18,5.9779,27.295,246.44,120.46
32,18,8.6179,27.392,233.01,106.77
32,18,4.3903,28.616,275.49,136.25
32,18,5.7702,27.366,233.98,107.11
32,18,6.1931,27.752,253.35,123.47
32,18,5.8807,28.003,254.67,121.97
32,18,4.8159,28.695,264.93,127.43
32,18,5.3406,28.593,262.41,126.03
32,18,5.4015,28.193,261.06,127.47
32,18,5.3244,28.555,267.68,129.67
32,18,5.8609,28.314,260.82,124.91
32,18,4.9322,28.199,259.72,126.06
32,18,7.8945,27.837,257.57,125.36
32,18,7.287,27.561,242.81,116.28
32,18,5.0455,27.651,250.42,119.95
32,18,7.5002,29.058,272.34,131.42
32,18,5.8563,27.476,245.83,116.92
32,18,6.2187,28.551,263.86,125.32
32,18,4.974,28.68,274.18,135.21
32,18,6.8885,28.631,272.1,133.34
32,18,5.4023,28.299,262.4,127.67
32,18,5.7336,28.902,274.75,133.2
32,18,5.1866,28.284,261.51,128.32
32,18,5.8272,28.549,263.2,122.84
32,18,5.5654,27.552,243.31,113.65
32,18,8.7241,27.949,258.3,126.14
32,18,6.3608,27.884,248.88,116.42
32,18,5.6305,27.188,240.77,114.42
32,18,5.4971,28.014,266.92,131.35
32,18,5.4913,28.212,264.92,130.45
32,18,5.276,28.159,261.38,128.86
32,18,5.5835,27.867,249.69,116.33
32,18,5.4668,28.363,255.62,121.52
32,18,5.6981,28.919,273.29,133.31
32,18,5.5768,28.825,271.83,131.55
32,18,4.9921,29.587,280.32,132.09
32,18,4.9454,28.005,266.62,133.93
32,18,6.7275,29.256,270.88,124.48
32,18,6.9846,27.052,236.14,112.81
32,18,5.1448,28.659,274.15,135.32
32,18,5.1194,28.222,258.83,124.23
32,18,4.6956,27.416,248.15,119.44
32,18,7.4463,26.921,231.43,108.09
32,18,5.2337,27.248,239.68,112.48
32,18,5.7199,27.373,244.16,116.86
32,18,5.6397,28.471,263.6,125.73
32,18,5.8107,28.819,264.12,125.09
32,18,6.2798,28.314,265.31,129.56
32,18,4.6207,28.557,276.62,138.91
32,18,8.3542,29.405,284.93,139.24
32,18,5.2537,28.641,275.44,135.86
32,18,4.5834,28.792,267.82,129.03
32,18,8.3074,28.005,257.3,124.47
32,18,5.4798,28.018,259.54,127.14
32,18,9.9981,28.259,257.98,124.47
32,18,6.7915,27.102,240.25,116.46
32,18,4.8717,27.461,234.05,107.39
32,18,5.3967,28.215,270.96,135.07
32,18,6.3067,28.847,272.15,130.75
32,18,4.9692,27.84,246.98,114.9
32,18,6.0714,26.943,243.76,119.7
32,18,6.798,28.417,268.32,131.88
32,18,5.7805,28.175,261.82,126.76
32,18,7.9693,27.736,258.26,127.09
32,18,6.8928,27.327,241.95,115.44
32,18,7.2047,28.572,272.72,135.32
32,18,5.7521,29.128,285.03,141.26
32,18,5.227,27.763,247.38,116.34
32,18,5.2876,28.29,265.09,129.09
32,18,5.8897,27.972,261.24,128.93
32,18,4.6145,28.237,262.14,128.19
32,18,6.3224,27.854,248.53,115.79
32,18,5.4042,28.022,255.72,122.66
32,18,5.1221,28.161,248.07,114.37
32,18,7.2415,28.601,255.46,119.21
32,18,7.9728,28.47,260.16,125.1
32,18,5.6576,28.926,275.88,133.77
32,18,9.1093,28.293,263.57,127.59
32,18,6.4666,28.953,271,128.59
32,18,7.0425,28.424,264.77,127.39
32,18,6.1767,28.459,264.5,128.49
32,18,7.0981,28.585,262.05,122.63
32,18,4.6413,28.734,271.34,132.44
32,18,6.2592,28.605,265.3,128.74
32,18,6.0617,27.935,256.43,124.03
32,18,9.0367,28.687,261.17,123.13
32,18,4.6834,27.832,254.26,122.97
32,18,4.7715,28.851,276.4,135.24
32,18,6.0168,28.904,258.1,116.28
32,18,5.4798,28.236,266.54,130.12
32,18,6.0835,28.979,279.72,136.56
32,18,4.7436,28.258,270.13,134.52
32,18,4.8989,27.518,246.35,119.19
32,18,6.2109,27.631,234.96,104.6
32,18,5.6174,28.452,265.43,131.08
32,18,5.5106,29.019,274.08,132.85
32,18,5.5502,28.059,259.66,126.05
32,18,5.6985,28.778,264.36,126.55
32,18,5.2677,27.59,245.32,115.83
32,18,4.5358,27.041,233.9,109.4
32,18,4.6387,29.629,292.42,144.71
32,18,5.8415,28.517,259.74,122.51
32,18,7.3988,28.441,260.86,123.64
32,18,4.1385,28.718,273.96,134.1
32,18,5.1416,28.491,265.72,130.43
32,18,8.0422,28.778,267.18,127.31
32,18,5.2029,28.215,262.04,127.4
32,18,5.3967,28.968,283.25,138.24
32,18,5.7873,27.961,256.22,121.67
32,18,4.2919,29.926,287.27,137.85
32,18,5.8094,28.43,263.17,125.84
32,18,5.0795,27.824,250.78,120.64
32,18,5.3752,28.126,269.24,137.09
32,18,6.1707,28.289,264.7,129.83
32,18,5.8107,28.044,258.28,124.44
32,18,5.1817,27.743,257.58,125.39
32,18,4.598,27.374,244.81,116.52
32,18,5.5641,29.172,290.57,146.54
32,18,7.0747,28.905,268.15,126.12
32,18,5.0199,28.36,263.34,127.38
32,18,6.339,27.998,252.44,119.06
32,18,5.5559,28.671,267.25,126.17
32,18,4.8051,27.622,245.23,116.05
32,18,5.8934,27.632,247.98,118.74
32,18,5.9928,27.506,237.4,109.88
32,18,5.6936,27.855,253.3,120.85
32,18,6.9716,28.116,255.14,122.01
32,18,5.7748,29.126,276,133.14
32,18,4.9963,27.238,237.89,112.95
32,18,5.4877,28.268,261.7,122.65
32,18,5.6632,29.111,271.99,129.92
32,18,5.6291,27.38,245.16,118.89
32,18,6.0885,28.01,252.56,118.74
32,18,5.0629,27.838,255.28,125.48
32,18,5.3675,27.596,253.91,126.13
32,18,4.6343,28.546,270.56,132.15
32,18,6.0316,28.898,274.27,134.85
32,18,6.1678,27.111,234.33,111.51
32,18,6.865,28.633,271.36,129.22
32,18,4.5372,28.008,265.02,131.59
32,18,5.9621,27.317,230.61,105.67
32,18,5.9552,28.874,266.01,126.1
32,18,4.9423,27.306,250.11,122.8
32,18,6.2795,27.693,240.1,109.71
32,18,4.7468,27.148,240.84,114.84
32,18,6.0559,29.077,265.84,124.73
32,18,6.5784,29.08,281.51,137.08
32,18,4.7931,27.299,244.25,119.07
32,18,5.3882,28.657,265.81,128.35
32,18,6.2201,27.95,260.98,127.71
32,18,6.2224,28.458,261.69,124.51
32,18,5.875,30.092,296.24,145.24
32,18,9.015,27.292,246.79,121.11
32,18,9.743,27.249,242.85,115.34
32,18,7.9002,28.396,269.82,133.3
32,18,5.5993,28.763,270.9,131.26
32,18,8.5831,27.657,257.28,127.4
32,18,7.5951,27.545,249.71,120.17
32,18,4.6376,28.103,257.84,123.36
32,18,5.7963,28.998,268.21,125.33
32,18,5.4654,28.118,258.64,126.11
32,18,6.5735,27.266,246.69,119.97
32,18,5.4073,27.05,242.59,117.78
32,18,5.016,28.086,247.12,114.86
32,18,4.8633,28.213,258.87,124.04
32,18,6.0431,28.59,272.24,136.63
32,18,5.3092,28.597,268.04,129.71
32,18,7.722,27.72,249.49,120.5
32,18,7.7924,27.861,257.59,126.36
32,18,4.458,28.204,255.47,120.29
32,18,4.2944,27.744,255.43,124.54
32,18,5.91,27.917,249.81,116.05
32,18,6.2313,28.046,257.23,125.08
32,18,6.241,26.704,234.73,114.21
32,18,5.0554,27.445,244.12,118.17
32,18,5.1884,27.43,242.64,112.52
32,18,8.5042,29.469,288.01,141.27
32,18,5.6564,28.029,263.37,129.39
32,18,6.3484,28.368,267.58,130.75
32,18,5.1234,28.969,279.22,137.64
32,18,4.9886,28.402,271.86,134.04
32,18,5.2809,27.659,250.09,120.57
32,18,7.812,27.726,267.86,137.48
32,18,7.5195,28.618,257.81,120.9
32,18,5.0917,28.854,262.19,120.41
32,18,5.9814,27.975,260.93,127.29
32,18,5.3575,28.547,261.56,125.29
32,18,6.1238,27.353,252.31,124.58
32,18,6.3878,28.527,267.4,129.74
32,18,6.4656,28.208,257.92,121.16
32,18,7.2329,28.116,250.26,116.34
32,18,4.6741,26.909,238.24,113.76
32,18,6.3449,27.807,253.92,121.81
32,18,5.2848,28.877,265.04,122.28
32,18,5.6818,27.501,252.17,124.75
32,18,6.4265,28.129,262.42,127.14
32,18,6.1223,26.521,222.62,106.9
32,18,9.0997,27.692,255.42,124.9
32,18,5.8884,28.195,257.02,123.56
32,18,4.5478,27.706,246.51,117.47
32,18,6.2808,27.535,254.33,127.31
32,18,4.5747,28.212,262.91,126.74
32,18,5.5769,28.292,255.27,120.75
32,18,5.0796,27.839,260.34,128.1
32,18,5.8561,27.963,252.5,121.47
32,18,4.7455,27.643,250.77,122.15
32,18,6.865,27.775,252.96,121.63
32,18,5.6355,27.502,249.41,121.77
32,18,5.6148,29.169,276.5,130.42
32,18,5.6238,28.616,261.83,123.57
32,18,5.3283,28.138,254.87,122.62
32,18,6.4814,28.151,260.79,125.24
32,18,5.4204,28.547,262.84,123.98
32,18,5.315,27.646,250.37,121.02
32,18,5.14,28.724,267.68,127.05
32,18,7.6341,28.809,264.49,123.21
32,18,4.8001,27.783,252.69,121.48
32,18,5.5283,28.86,274.95,133.35
32,18,4.4363,27.345,246.28,119.43
32,18,5.2527,28.087,255.78,122.13
32,18,6.2175,28.733,265,126.44
32,18,3.9004,27.779,258.1,127.26
32,18,6.0253,28.263,261.36,126.46
32,18,5.9709,28.899,275.96,135.26
32,18,5.8764,26.874,227.19,105.91
32,18,6.1395,28.865,274.2,132.51
32,18,7.8134,28.13,258.94,126.65
32,18,6.2881,28.118,260.72,127.14
32,18,5.4522,28.747,268.7,130.24
32,18,7.6319,27.942,252.25,121.7
32,18,4.4945,27.611,245.24,117.36
32,18,4.7818,28.963,275.97,132.66
32,18,6.1381,28.28,259.39,124.45
32,18,5.6687,27.146,230.82,107.29
32,18,5.1918,27.487,251.23,123.66
32,18,5.6857,27.557,245.47,116.13
32,18,6.006,26.594,229.8,108.52
32,18,4.7626,27.727,245.42,117.75
32,18,4.447,27.794,251.72,120.37
32,18,5.9838,29.238,286.09,142.73
32,18,7.1627,27.979,266.85,134.12
32,18,4.5427,27.536,250.14,123.7
32,18,6.5932,28.469,258.61,121.9
32,18,4.6404,28.863,281.84,138.42
32,18,6.1595,28.29,257.75,121.45
32,18,6.2871,28.079,246.91,115.03
32,18,4.9481,28.403,263.21,126.36
32,18,4.4825,27.298,251.17,124.69
32,18,4.4163,28.439,271.34,134.25
32,18,4.8379,26.705,232.86,112.56
32,18,5.0733,27.989,259.6,127.76
32,18,4.868,29.03,275.09,131.61
32,18,5.9902,27.662,256.45,125.64
32,18,7.1039,27.902,259.37,127.45
32,18,6.6834,27.742,251.43,122.43
32,18,5.5523,28.904,265.45,124.53
32,18,5.6664,27.976,256.66,126.35
32,18,9.5836,29.481,280.04,134.02
32,18,7.0594,28.807,268.77,124.64
32,18,5.099,28.392,261.99,125.39
32,18,4.9844,26.488,227.29,107.33
32,18,6.0913,28.536,266.95,129.74
32,18,7.7032,27.637,244.19,113.2
32,18,4.9536,27.776,250.98,120.7
32,18,9.0236,28.674,263.69,124.57
32,18,5.0715,28.844,272.93,132.98
32,18,5.4423,29.414,287.75,142.44
32,18,4.368,27.898,253.73,120.8
32,18,4.1108,27.456,243.37,114.68
32,18,6.0648,28.132,261.8,126.42
32,18,7.0699,28.36,260.46,123.85
32,18,6.0208,28.593,270.51,133.19
32,18,6.0987,28.306,261.22,125.45
32,18,5.4997,28.069,266.61,133.2
32,18,7.3654,27.339,244.54,115.49
32,18,4.9527,27.88,257.16,126.07
32,18,6.1681,27.132,245.87,121.13
32,18,8.1118,28.153,261.17,128.47
32,18,5.0196,28.165,250.55,117.41
32,18,7.2854,27.913,247.33,115.33
32,18,5.5595,27.981,258.11,125.38
32,18,6.506,28.338,260.94,125.22
32,18,4.9809,26.855,239.13,117.37
32,18,6.0841,29.391,287.64,142.8
32,18,5.9554,27.818,265.89,135.16
32,18,5.943,28.435,270.09,132.34
32,18,4.4851,28.578,268.25,129.75
32,18,4.604,28.112,250.68,116.13
32,18,7.3923,28.688,270.99,131.64
32,18,6.2002,27.757,249.52,120.09
32,18,5.9545,28.778,265.25,126.57
32,18,5.5058,28.187,255.19,121.69
32,18,5.0622,28.478,257.78,122.05
32,18,6.3889,28.732,258.86,120.95
32,18,7.3694,27.414,244.35,117.76
32,18,4.9154,28.101,259.7,124.92
32,18,4.7981,27.983,258.98,125.54
32,18,6.9278,27.146,240.21,114.17
32,18,4.9719,27.439,241.82,115.96
32,18,7.2396,27.904,258.4,125.83
32,18,4.9627,27.256,234.95,109.53
32,18,5.9141,27.999,247.5,115.69
32,18,5.6444,28.189,264.09,129.25
32,18,6.2142,28.704,272.91,132.92
32,18,7.5216,27.986,255.54,122.52
32,18,6.2254,27.177,238.07,114.19
32,18,5.3091,28.705,269.56,131.85
32,18,5.7618,28.196,256.44,122.12
32,18,6.5246,27.906,253.74,121.94
32,18,6.4663,28.437,263.73,129.02
32,18,6.8044,28.045,255.89,123.21
32,18,5.3602,27.719,246.1,115.39
32,18,4.8773,28.515,264.19,127.73
32,18,7.1042,28.462,275.67,137.75
32,18,5.9057,27.836,260.49,130.18
32,18,5.2559,28.415,261.22,124.47
32,18,4.9687,27.037,241.65,118.17
32,18,7.3056,29.008,281.69,139.19
32,18,6.3626,27.493,247.65,119.03
32,18,5.567,27.7,254.98,125.17
32,18,4.8206,27.422,239.95,114.75
32,18,5.8769,28.627,270,131.66
32,18,5.948,26.424,223.64,105.67
32,18,4.6411,27.682,242.6,111.83
32,18,6.0253,27.859,252.03,119.29
32,18,5.677,27.258,244.87,118.62
32,18,5.4593,28.23,258.88,123.93
32,18,5.6421,28.219,244.4,109.46
32,18,5.7086,28.204,261.25,125.33
32,18,6.5199,28.486,269.76,132.73
32,18,6.2023,27.026,241.75,117.14
32,18,7.6921,27.367,230.62,104.9
32,18,5.0558,26.353,231.19,114.37
32,18,4.8458,28.319,262.47,126.44
32,18,6.514,27.195,248.12,120.18
32,18,4.4702,27.86,243.06,111.47
32,18,5.9321,27.99,256,123.92
32,18,8.247,27.727,248.31,117.25
32,18,5.9838,28.158,260.61,127.03
32,18,4.8125,27.647,266.37,136.08
32,18,5.3891,28.095,261.29,126.16
32,18,4.7317,28.083,266.49,133.13
32,18,8.0093,27.782,258.19,127.3
32,18,8.199,28.717,268.5,128.28
32,18,6.316,27.651,243.93,112.48
32,18,6.6766,28.114,259.08,124.94
32,18,5.5781,28.297,253.18,117.31
32,18,5.3043,28.708,263.83,122.62
32,18,5.1228,28.137,258.71,125.43
32,18,5.6331,26.973,230.86,107.15
32,18,5.8388,27.483,249.08,121.32
32,18,4.5364,28.189,263.79,129.28
32,18,5.5533,28.917,277.52,135.07
32,18,6.3144,27.655,247.22,117.12
32,18,5.4329,28.004,263.82,130.38
32,18,6.6029,27.458,237.58,110.58
32,18,6.5937,27.811,255.6,121.97
32,18,5.6051,28.289,269.86,134
32,18,4.2577,28.739,271.33,129.61
32,18,6.043,27.223,237.89,112.21
32,18,6.9023,27.658,247.11,116.89
32,18,5.3314,27.867,252.51,121.32
32,18,6.5606,28.345,273.8,137.25
32,18,5.1918,28.428,266.38,127.55
32,18,4.7413,29.269,286.31,139.5
32,18,6.4866,27.309,243.45,116.9
32,18,7.8156,27.831,256.53,124.87
32,18,6.2928,28.987,270.47,127.07
32,18,5.3139,28.146,249.51,116.44
32,18,4.3673,28.53,264.77,126.33
32,18,4.6535,27.875,255.34,122.84
32,18,6.2272,27.527,249.05,121.18
32,18,4.8636,27.978,251.16,119.1
32,18,5.2256,27.932,243.01,112.25
32,18,4.9422,27.824,251.05,118.68
32,18,6.4373,27.323,244.57,117.32
32,18,5.4666,27.754,252.17,122.26
32,18,5.5334,28.47,268.06,131.52
32,18,10.753,27.563,251.79,123.51
32,18,5.3712,27.386,245.39,119.74
32,18,4.5652,29.495,288.53,142.82
32,18,5.8258,26.814,228.96,109.63
32,18,5.3806,27.912,254.41,120.89
32,18,4.9499,28.111,253.29,120.44
32,18,8.4644,27.242,240.14,115.72
32,18,5.3555,27.11,240.17,115.9
32,18,5.7604,28.831,282.03,142.01
32,18,6.1554,28.546,251.2,115.06
32,18,4.8124,27.757,259.48,128.91
32,18,5.7513,27.206,239.85,113.62
32,18,6.3238,28.548,263.83,127.11
32,18,6.577,27.336,239.03,110.71
32,18,5.8677,28.601,268.47,126.87
32,18,4.5256,28.729,275.48,136.74
32,18,6.0971,27.795,242.85,113.45
32,18,4.4351,28.593,268.35,130.54
32,18,5.6753,29.24,273.71,129.46
32,18,5.8862,27.146,240.4,113.68
32,18,5.2876,27.98,254.79,120.62
32,18,5.2514,27.547,252.97,124.66
32,18,5.9001,27.814,255.08,123.93
32,18,5.4109,27.41,241.65,112.59
32,18,5.619,29.261,278.68,134.38
32,18,8.0452,28.452,261.33,122.98
32,18,7.3804,28.666,272.32,136.34
32,18,5.4988,30.185,304.13,149.45
32,18,6.3596,28.17,252.59,118.48
32,18,6.3685,28.228,259.64,123.57
32,18,7.6569,28.642,268.65,130.1
32,18,5.7975,27.107,239.54,115.07
32,18,4.987,27.347,255.7,127.53
32,18,5.6291,28.281,264.71,129.16
32,18,6.5502,28.266,260.64,125.21
32,18,4.6642,27.289,246.72,121.5
32,18,5.6507,27.588,247.56,118.8
32,18,6.0273,27.356,247.9,120.27
32,18,5.5113,27.881,255.1,124.7
32,18,4.8846,28.823,272.7,132.82
32,18,4.3289,28.072,248.43,116.18
32,18,5.5643,28.379,263.83,128.11
32,18,6.5396,28.401,264.47,129.66
32,18,4.6831,28.304,269.87,133.62
32,18,5.7091,29.027,279.4,136.17
32,18,6.5021,28.255,265.32,130.17
32,18,7.9277,28.425,265.66,127.08
32,18,6.0011,29.586,278.13,130.78
32,18,7.864,29.332,271.6,126.09
32,18,5.1657,27.782,254.71,123.66
32,18,6.435,27.965,265.45,134.19
32,18,4.5753,28.205,256.5,120.15
32,18,6.0116,27.79,241.02,109.83
32,18,6.1555,27.848,255.87,125.16
32,18,5.7742,26.918,235.37,111.56
32,18,5.2687,28.185,261.39,127.19
32,18,5.6885,27.963,260.48,127.27
32,18,5.7968,27.692,251.38,123.25
32,18,6.2578,27.619,248.56,120.42
32,18,4.8461,27.974,257.54,124.07
32,18,5.0972,26.648,240.19,119.68
32,18,6.4815,28.429,261.33,124.55
32,18,6.1294,29,279.77,137.82
32,18,5.9185,27.322,242.12,114.24
32,18,7.4057,27.233,238.61,111.56
32,18,5.3032,27.965,255.64,125.06
32,18,4.5042,28.214,261.44,127.75
32,18,5.1997,28.88,270.82,129.65
32,18,6.7749,28.131,258.41,124.76
32,18,5.0914,28.197,251.74,115.52
32,18,5.7981,26.977,221.13,100.95
32,18,5.2135,29.853,281.38,131.84
32,18,4.8277,27.339,242.99,115.1
32,18,5.0077,28.198,254.76,119.51
32,18,5.2217,26.995,235.86,114.38
32,18,5.0528,27.299,241.78,115.04
32,18,5.0339,28.092,264.49,129.55
32,18,5.1843,27.024,242.82,118.07
32,18,5.2036,28.718,269.1,129.49
32,18,5.6916,28.079,260.99,127.18
32,18,6.1286,27.219,236.53,110.6
32,18,5.8532,28.416,273.23,136.6
32,18,7.1892,28.25,260.67,127.05
32,18,4.9229,27.701,255.29,124.93
32,18,6.2909,28.569,267.63,128.62
32,18,5.2604,27.411,248.76,120.56
32,18,6.4043,27.408,232.62,107.13
32,18,6.0305,29.332,279.2,132.09
32,18,7.4707,27.368,238.65,113.36
32,18,5.9885,28.795,269.45,130.45
32,18,5.1127,28.062,262.5,128.8
32,18,4.808,28.666,268.28,129.08
32,18,5.1769,29.754,305.41,155.58
32,18,7.166,27.818,251.15,120.53
32,18,5.9738,28.331,259.63,124.08
32,18,4.3715,27.832,250.44,122.23
32,18,5.7001,27.653,251.86,123.24
32,18,5.6437,28.567,274.05,136.42
32,18,4.9538,28.317,258.56,123.62
32,18,6.6431,28.61,276.33,138.39
32,18,5.0774,27.441,248.53,120.6
32,18,7.277,27.787,254.74,125.11
32,18,6.6732,28.173,260.62,127.6
32,18,5.3225,28.777,280.99,142.25
32,18,5.1347,28.69,271.98,132.86
32,18,5.0772,28.422,262.65,127.64
32,18,6.0937,27.564,235.93,107.53
32,18,5.4734,28.09,264.47,132.21
32,18,7.4564,28.402,259.92,124.04
32,18,5.9283,27.362,236.82,109.88
32,18,5.8229,28.075,248.67,116.51
32,18,5.7785,28.748,283.67,142.51
32,18,6.0931,28.757,279.37,136.56
32,18,4.1942,28.614,268.75,131.82
32,18,5.4374,26.897,230.55,107.18
32,18,6.1584,27.33,246.75,118.17
32,18,6.3856,27.75,248.29,115.94
32,18,4.7736,28.974,272.21,129.37
32,18,6.6479,26.688,233.39,111.66
32,18,5.136,28.359,270.31,132.53
32,18,5.7492,28.517,267.78,129.18
32,18,5.2467,27.556,247.9,119.58
32,18,6.4716,27.931,255.36,124.34
32,18,6.2645,27.524,253.88,125.82
32,18,7.3361,28.084,258.83,124.94
32,18,5.6352,27.749,253.66,123.31
32,18,5.424,27.995,251.34,118.06
32,18,7.2755,28.856,269.21,128.35
32,18,7.5017,28.016,250.9,117.5
32,18,4.1581,28.237,261.69,125.67
32,18,5.0365,27.299,234.72,109.99
32,18,7.3071,28.624,268.73,129.38
32,18,5.7231,26.886,236.42,114.03
32,18,5.7912,27.651,246.66,117.56
32,18,5.5432,28.735,278.44,139.37
32,18,7.1707,27.318,245.14,118.7
32,18,6.5226,27.317,236.41,111.52
32,18,8.9336,28.089,252.22,118.32
32,18,6.2078,28.589,266.42,129.26
32,18,5.3049,29.068,283.33,138.89
32,18,5.4153,27.801,261.74,130.35
32,18,6.593,27.054,235.28,109.97
32,18,6.1381,27.895,250.49,119.71
32,18,5.6332,27.667,257.92,127.17
32,18,5.3168,28.078,264.18,129.75
32,18,4.6576,27.917,248.18,117.8
32,18,6.3637,27.711,249.01,119.16
32,18,6.2394,28.751,261.1,119.17
32,18,5.3188,27.641,241.95,111.72
32,18,6.4883,28.466,257.14,119.82
32,18,6.1825,27.057,239.19,114.86
32,18,5.0873,27.618,253.47,124.77
32,18,5.7415,27.898,258.28,125.64
32,18,4.5567,27.483,244.26,116.7
32,18,6.0536,27.491,248.33,121.32
32,18,7.302,28.491,257.46,123.54
32,18,5.6875,29.358,283.47,135.76
32,18,4.5382,27.962,256.64,123.88
32,18,6.8795,28.025,260.13,127.31
32,18,6.1449,27.24,234.28,109.94
32,18,5.5903,28.195,260.9,127.14
32,18,5.7732,27.041,232.77,108.76
32,18,5.5219,28.549,260.31,124.61
32,18,5.4436,28.571,270.98,132.54
32,18,5.7178,28.692,274.96,136.95
32,18,6.4668,28.486,267.47,128.43
32,18,4.9732,28.052,259.75,129.05
32,18,6.4546,28.58,267.63,131.34
32,18,5.6531,27.774,253.83,123.24
32,18,6.2711,26.885,231.75,109.33
32,18,5.4033,27.975,255.55,123.2
32,18,5.5551,28.18,273.08,138.19
32,18,6.3842,27.904,248.5,117.41
32,18,6.1564,28.888,274.88,136.23
32,18,6.1374,28.188,260.51,126.52
32,18,5.8762,28.512,255.1,119.53
32,18,6.6869,27.586,241.93,113.95
32,18,5.9757,28.153,266.17,132.68
32,18,6.2545,27.51,248.82,121.59
32,18,4.908,28.019,259.85,125.36
32,18,5.4447,28.426,271.75,136.42
32,18,5.7177,28.248,262.96,127.44
32,18,5.0378,28.154,252.85,119.14
32,18,3.9273,28.95,276.57,137.07
32,18,5.6223,28.722,273.75,134.74
32,18,5.9258,28.426,267.44,130.13
32,18,4.6914,27.974,256.75,123.34
32,18,4.4995,27.838,252.1,122.27
32,18,4.7828,27.494,248.6,122.05
32,18,5.4686,28.655,276.57,139.43
32,18,8.1994,28.539,265.34,127.81
32,18,7.1448,27.509,248.09,120.87
32,18,5.2643,28.011,252.52,120.82
32,18,6.7933,28.782,270.1,129.72
32,18,5.4864,28.231,259.84,124.7
32,18,6.3569,28.923,273.58,132.97
32,18,4.6023,29.292,265.49,119.02
32,18,5.3151,27.3,247.19,119.81
32,18,4.5431,29.159,280.15,134.59
32,18,5.439,28.697,273.19,134.11
32,18,5.2153,28.065,260.23,125.95
32,18,4.2614,27.32,248.73,120.89
32,18,5.8932,28.605,276.83,137.56
32,18,5.7812,27.423,249.39,121.73
32,18,4.7906,28.038,260.9,129.36
32,18,5.9663,28.177,266.27,130.53
32,18,5.3837,27.842,248.68,117.82
32,18,7.4845,26.837,225.92,105.32
32,18,4.0069,27.651,245.68,116
32,18,5.0433,28.648,266.65,127.89
32,18,4.9626,27.527,253.94,125.18
32,18,6.3193,28.153,266.56,132.08
32,18,6.1239,27.56,247.45,116.72
32,18,7.1198,27.974,253.92,121.56
32,18,6.4157,28.086,263.15,130.58
32,18,6.483,28.978,270.18,129.94
32,18,5.9581,28.283,257.19,123.07
32,18,7.2673,28.793,270.94,132.24
32,18,5.9541,28.427,265.44,127.34
32,18,5.4057,28.857,277.48,135.13
32,18,4.9308,27.749,248.43,118.01
32,18,6.5251,29.698,292.61,143.57
32,18,6.7794,28.28,258.82,123.5
32,18,6.7011,27.98,257.15,125.3
32,18,6.5618,29.457,285.08,137.48
32,18,5.5466,28.783,274.42,133.81
32,18,4.8568,27.44,252.57,123.85
32,18,8.4548,28.562,269.49,130.58
32,18,5.7966,29.952,298.16,145.61
32,18,8.4532,27.393,236.32,109.81
32,18,6.2268,27.551,247.8,118.79
32,18,5.4577,28.652,273.99,136.93
32,18,5.1955,28.73,269.75,129.74
32,18,6.9836,27.377,239.14,111.81
32,18,4.6262,27.384,247.93,120.1
32,18,6.208,27.635,250.02,120.49
32,18,5.3357,27.619,238.95,111.88
32,18,5.8841,28.173,246.97,114.82
32,18,6.7182,27.365,249.19,121.99
32,18,7.1662,28.436,255.2,120.93
32,18,6.1382,27.943,248.7,118.2
32,18,4.7384,27.597,251.01,122.96
32,18,7.497,27.919,245.1,114.67
32,18,5.63,28.008,257.47,125.23
32,18,4.9764,28.348,266.73,129.92
32,18,8.3506,28.781,266.57,126.81
32,18,4.9965,27.601,244.22,117.23
32,18,7.9106,28.129,261.12,125.46
32,18,5.5294,26.216,222.7,105.16
32,18,4.7188,27.546,241.58,113.07
32,18,4.9004,27.396,240.13,112.57
32,18,6.0595,28.979,278.65,135.67
32,18,8.0861,27.933,260.67,127.48
32,18,4.8702,26.745,230.79,109.39
32,18,5.0319,27.873,257.69,124.81
32,18,5.173,27.811,258.14,126.28
32,18,6.5245,28.369,269.56,132.85
32,18,6.1272,29.021,275.49,133.41
32,18,7.4032,28.688,267.75,129.24
32,18,8.4852,27.648,247.55,118.26
32,18,6.3975,27.028,231.24,109.02
32,18,10.196,28.668,266.88,128.95
32,18,5.1666,29,278.09,133.53
32,18,6.081,26.901,230.85,109.13
32,18,5.3096,28.283,260.51,125.79
32,18,5.0263,28.932,268.28,126.9
32,18,5.2057,27.732,255.14,123.29
32,18,6.1844,29.319,281.39,137.88
32,18,6.1419,28.814,269.96,129.48
32,18,5.0448,27.803,249.7,120
32,18,8.3296,27.767,246.8,114.72
32,18,5.798,28.464,259.56,122.9
32,18,4.6513,28.143,266.7,131.27
32,18,5.3146,27.567,246.32,118.52
32,18,5.7147,27.37,239.99,115.05
32,18,4.6714,27.958,257.58,122.77
32,18,5.8653,27.385,247.25,120.73
32,18,7.1742,29.75,286.57,139.68
32,18,7.0717,27.805,249.95,119.56
32,18,6.4316,28.433,266.54,128.01
32,18,5.4735,28.69,267.51,128.65
32,18,7.5458,27.389,236.12,108.74
32,18,5.4804,27.748,249.9,120.39
32,18,4.3929,28.673,281.09,141.79
32,18,4.7592,28.109,261.71,127.35
32,18,5.0001,27.157,239.04,112.99
32,18,5.8086,28.325,252.32,116.7
32,18,6.7927,27.619,251.14,123.93
32,18,6.2287,27.763,254.58,123.6
32,18,4.669,28.088,262.38,127.25
32,18,5.3957,26.725,234.82,112.46
32,18,6.0785,28.505,260.99,125.13
32,18,5.0709,28.519,256.96,121.64
32,18,4.3766,29,277.63,135.69
32,18,5.7251,27.666,254.43,123.56
32,18,7.0957,27.746,253.49,123.41
32,18,4.7324,27.967,264.48,130.18
32,18,5.245,28.543,273.69,134.77
32,18,6.1451,27.84,251.42,121.24
32,18,7.6982,27.958,262.36,127.22
32,18,9.0874,27.726,257.72,126.88
32,18,5.0164,29.463,278,131.9
32,18,5.6033,27.073,239.95,115.46
32,18,5.7894,27.738,254.69,122.61
32,18,5.3147,28.653,260.18,124.02
32,18,6.964,29.781,295.96,145.92
32,18,7.0452,28.335,269.62,133.35
32,18,6.0495,28.386,274.99,139.2
32,18,7.7231,26.862,232.86,110.77
32,18,4.4673,28.257,263.8,127.3
32,18,5.4348,27.628,250.16,120.7
32,18,5.5582,27.979,257.12,123.69
32,18,6.4076,27.012,232.5,108.05
32,18,8.4888,28.688,271.85,133.04
32,18,4.3148,27.645,257.76,125.84
32,18,4.7042,28.787,276.89,136.28
32,18,5.4388,28.409,271.23,134.8
32,18,4.4084,28.503,277.79,140.21
32,18,4.8515,28.145,258.13,123.01
32,18,5.1604,28.09,259.32,125.71
32,18,6.2622,28.625,270.92,132.87
32,18,7.5044,29.248,283.83,139.36
32,18,7.9783,27.996,251.48,119.89
32,18,4.6503,28.997,283.48,140.56
32,18,6.3601,28.426,270.95,134.01
32,18,6.8901,29.325,289.31,143.29
32,18,6.0667,28.842,273.98,134.61
32,18,5.2084,28.825,261.32,121.4
32,18,5.4708,27.496,253.48,123.76
32,18,6.4493,27.449,248.26,120.15
32,18,5.432,28.483,257.36,120.49
32,18,6.2813,27.755,255.1,123.89
32,18,8.0017,26.859,237.93,116.85
32,18,5.0558,27.358,248.1,119.78
32,18,6.1988,28.711,270.21,129
32,18,5.1643,29.201,273.52,126.69
32,18,7.3553,27.439,243.91,117.66
32,18,7.3041,26.907,238.13,116.34
32,18,5.7799,27.734,248.58,118.5
32,18,5.0577,28.476,264.26,126.66
32,18,5.0284,28.321,263.74,127.95
32,18,5.1856,28.255,267.2,127.73
32,18,5.2126,27.721,262.85,130.77
32,18,5.2015,27.317,249.72,123
32,18,5.812,27.475,250.28,118.67
32,18,6.071,27.823,251.06,121.29
32,18,6.7402,27.523,251.94,123.43
32,18,7.123,28.924,276.36,135.48
32,18,4.8469,26.929,237.57,116.61
32,18,6.1699,28.173,242.7,109.94
32,18,5.1278,27.123,246.03,121.08
32,18,5.6009,29.114,283.43,140.47
32,18,5.7057,28.172,264.11,128.81
32,18,5.1271,28.017,251.97,118.35
32,18,6.6291,28.168,260.37,126.55
32,18,5.5518,28.845,273.39,133.77
32,18,6.3186,27.502,248.94,121.08
32,18,5.8945,27.597,249.86,119.99
32,18,5.4598,27.093,241.51,114.77
32,18,4.377,27.252,246.18,119.86
32,18,6.6303,27.586,249.81,120.75
32,18,4.82,27.701,257.45,127.87
32,18,5.2413,27.636,249.35,121.77
32,18,5.8091,26.524,229.35,108.8
32,18,5.6661,28.716,259.32,118.84
32,18,4.4976,27.144,248.89,123.06
32,18,8.251,28.592,266.42,128.25
32,18,5.4711,27.163,244.48,119.59
32,18,5.3228,27.197,236.29,112.04
32,18,4.9816,28.522,266.51,129.55
32,18,6.6206,28.512,265.61,128.58
32,18,5.0027,27.593,248.51,117.63
32,18,5.5241,28.097,260.1,126.52
32,18,5.4813,27.763,240.16,110.48
32,18,6.1264,28.071,262.25,128.69
32,18,5.4133,27.741,243.83,112.08
32,18,7.4527,28.352,272.63,136.15
32,18,5.5691,27.67,244.63,113.48
32,18,5.78,28.645,271.84,133.75
32,18,6.516,27.483,248.58,119.92
32,18,7.1098,28.243,260.26,124.1
32,18,5.0364,27.216,240.53,114.46
32,18,5.8374,27.758,243.14,111.74
32,18,6.9682,28.264,263.82,129.63
32,18,5.5747,29.037,280.21,137.46
32,18,4.9094,27.14,244.42,119.38
32,18,5.0083,27.385,245.84,117.3
32,18,7.6018,27.857,258.46,127.24
32,18,5.5747,27.365,246.9,118.65
32,18,9.0698,28.276,268.14,132.25
32,18,5.3254,28.038,266.57,133.41
32,18,7.0782,29.222,286.09,142.76
32,18,5.5786,27.699,253.88,121.58
32,18,5.3703,29.29,276.55,133.78
32,18,5.5209,29.523,287.35,139.18
32,18,6.0964,27.973,242.26,111.27
32,18,6.0658,28.483,259.12,122.53
32,18,7.4773,28.417,261.61,125.93
32,18,5.3399,28.3,258.87,124.23
32,18,6.9849,28.395,264,128.93
32,18,5.648,27.799,257.73,128
32,18,5.9373,27.848,258.17,124.49
32,18,5.8944,26.841,239.64,119
32,18,5.3868,28.485,272.31,134.56
32,18,6.1596,28.64,269.01,130.38
32,18,5.4877,27.828,254.94,123.72
32,18,6.4179,26.917,234.67,111.26
32,18,6.6664,28.701,263.83,124.25
32,18,5.6975,28.148,256.65,121.47
32,18,4.5912,27.693,254.76,124.69
32,18,6.6981,28.302,256.19,122.07
32,18,4.9195,27.814,249.73,118.85
32,18,4.3911,29.772,287.13,138.25
32,18,6.919,28.894,271.67,130.76
32,18,5.6748,28.034,256.32,123.21
32,18,4.7434,28.016,258.86,125.99
32,18,6.3978,27.463,244.66,118.02
32,18,4.3147,28.902,269.24,126.53
32,18,6.2699,28.438,257.45,121.18
32,18,5.499,29.379,280.94,135.16
32,18,6.342,27.655,250.01,120.46
32,18,8.1083,28.594,261.44,122.39
32,18,4.7365,27.155,245.55,119.07
32,18,9.6155,26.774,233.53,111.14
32,18,5.5441,28.129,247.16,113.2
32,18,6.6662,29.319,281.28,136.27
32,18,4.8244,27.969,255.13,121.84
32,18,5.7149,27.211,240.18,115.39
32,18,8.2303,28.182,256.93,122.09
32,18,4.479,27.711,252.87,123.32
32,18,7.4035,27.725,251.14,121.65
32,18,4.5382,27.954,250.3,117.99
32,18,4.4318,27.026,242.7,117.17
32,18,5.8833,26.908,239.81,117.39
32,18,5.9824,28.022,257.39,124.58
32,18,5.8561,27.176,241.67,117.44
32,18,6.5537,29.518,284.73,139.12
32,18,5.7245,29.076,281.87,137.39
32,18,5.9614,28.407,255.07,120.02
32,18,6.0759,29.003,283.64,142.57
32,18,5.0576,27.072,237.96,111.76
32,18,5.7957,28.831,269.57,129.63
32,18,5.0918,28.083,263.67,130.46
32,18,5.3705,27.687,244.26,117.11
32,18,5.1299,28.859,269.07,129.89
32,18,7.9199,27.652,246.47,118.07
32,18,6.2468,28.288,261.23,126.8
32,18,5.121,28.822,278.82,139.54
32,18,6.2478,29.109,277.86,133.39
32,18,6.6954,28.365,270.17,133.11
32,18,4.2322,29.966,295.19,143.84
32,18,5.9989,28.708,279.76,140.73
32,18,5.8709,28.004,259.72,125.76
32,18,5.0023,28.012,253.06,119.94
32,18,5.4348,28.599,272.79,133.49
32,18,5.6332,28.796,269.8,130.28
32,18,5.0596,28.637,257.01,118.48
32,18,5.0027,28.914,281.44,140.09
32,18,5.8008,27.72,253.54,123.6
32,18,6.306,27.943,256.51,125.32
32,18,8.1947,27.188,247.38,121.25
32,18,8.0321,28.51,267.77,130.4
32,18,5.2408,27.275,231.46,106.53
32,18,5.6396,28.059,251.81,120.01
32,18,5.9051,28.19,257.23,123.77
32,18,5.9579,27.792,246.36,114.65
32,18,6.3483,28.301,264.49,128.38
32,18,5.6009,28.126,265.65,130.44
32,18,6.2431,29.192,278.91,137.35
32,18,5.8988,29.07,279.82,139.03
32,18,7.4895,28.306,251.33,114.59
32,18,6.8013,27.908,256.6,124.03
32,18,6.1956,28.368,268.99,131.11
32,18,5.3714,27.498,241.69,113.43
32,18,4.8986,27.377,243.83,117.09
32,18,4.7595,28.417,268.97,132.85
32,18,7.3264,28.656,262.33,123.13
32,18,4.4576,28.09,256.11,123.95
32,18,6.158,28.589,272.55,134.02
32,18,6.0642,26.845,233.68,112.16
32,18,9.4293,28.498,255.2,118.96
32,18,6.28,26.623,237.43,116.97
32,18,4.9043,27.324,248.55,120.99
32,18,7.6108,29.11,266.54,125.15
32,18,5.7824,27.37,243.46,116.99
32,18,10.021,27.065,234.72,109.99
32,18,5.4547,26.883,234.75,110.15
32,18,5.7572,28.121,262.1,128.72
32,18,5.3846,27.509,237.53,110.97
32,18,5.368,29.135,275.67,129.81
32,18,5.012,28.12,255.4,119.54
32,18,6.8277,27.209,233.57,109.82
32,18,4.6944,27.76,253.99,123.82
32,18,6.2993,30.11,291.9,139.92
32,18,6.5952,27.647,251.18,121.05
32,18,8.0432,26.985,239.96,115.31
32,18,5.2385,27.373,244.9,118.29
32,18,5.2198,28.844,272.25,131.52
32,18,4.7081,28.495,271.86,133.62
32,18,5.0932,27.86,256.42,125.62
32,18,5.1486,28.097,252.9,118.61
32,18,6.7096,29.013,265.64,122.79
32,18,8.4453,27.933,249.54,115.71
32,18,7.7133,28.435,269.81,134.09
32,18,7.0656,29.258,274.76,131.05
32,18,7.1186,28.249,262.13,127.86
32,18,5.7157,28.573,265.17,125.53
32,18,7.4976,27.942,249.18,114.15
32,18,5.7389,28.623,260.7,117.55
32,18,7.06,29.708,288.42,140.84
32,18,7.3423,28.939,274.79,133.34
32,18,7.3403,29.153,275.88,132.96
32,18,5.1064,28.108,263.95,130.96
32,18,5.3051,27.076,230.92,105.55
32,18,6.4885,27.458,250.81,124.2
32,18,5.4821,28.055,245.39,112.73
32,18,5.4124,26.515,234.74,117.27
32,18,7.3024,27.967,257.88,126.74
32,18,5.6447,28.133,248.57,113.62
32,18,5.8264,28.096,258.86,125.61
32,18,5.3424,27.627,253.15,125.07
32,18,5.8066,28.696,266.75,127.06
32,18,4.6866,28.544,265.75,124.79
32,18,7.8578,28.222,258.21,122.23
32,18,7.7514,28.094,252.18,119.33
32,18,8.3223,27.907,254.66,123.02
32,18,6.3055,30.095,286.17,133.98
32,18,5.4939,27.676,257.8,127.22
32,18,7.494,27.825,258.58,127.22
32,18,5.674,28.072,262.19,126.52
32,18,6.9054,28.554,265.18,127.57
32,18,5.6661,26.926,241.16,119.16
32,18,4.9329,27.665,256.83,126.89
32,18,5.5211,27.787,251.09,119.4
32,18,5.3586,28.36,268.72,132.39
32,18,6.0962,27.834,251.22,119.5
32,18,4.9644,27.75,251.52,121.3
32,18,4.7608,27.474,250.87,123.55
32,18,5.3848,28.288,263.49,129.5
32,18,6.7756,27.227,240.12,115.27
32,18,6.1816,27.897,260.38,130.21
32,18,5.0604,28.641,268.81,129.11
32,18,5.2945,27.93,251.83,119.9
32,18,7.5237,27.868,256.29,124.86
32,18,5.0897,27.483,241.54,113.3
32,18,6.3416,28.01,252.55,119.73
32,18,8.2145,27.273,241.32,114.19
32,18,7.0091,28.692,271.86,132.97
32,18,4.916,26.867,238.58,115.86
32,18,5.0609,26.891,223.42,102.66
32,18,4.6421,28.27,268.76,132.43
32,18,5.1655,28.439,267.05,129.73
32,18,5.6228,27.748,253.76,123.53
32,18,5.4728,28.157,259.27,125.53
32,18,5.97,28.463,263.56,129.14
32,18,5.5512,27.311,249.01,121.42
32,18,5.2984,27.443,240.55,111.94
32,18,4.9707,28.499,270.24,132.34
32,18,5.746,28.613,259.48,122.07
32,18,5.8457,27.781,258.94,127.83
32,18,4.4763,27.817,253.63,123.44
32,18,4.3802,28.874,260.2,119.96
32,18,6.8468,27.805,253.19,123.59
32,18,4.4396,27.844,257.39,126.35
32,18,5.0172,27.694,249.35,116.4
32,18,6.9812,27.789,248.11,117.28
32,18,6.1824,28.231,258.98,125.25
32,18,5.4259,28.218,260.49,125.74
32,18,4.986,28.051,251,116.98
32,18,5.9899,27.716,251.88,121.81
32,18,6.0361,27.99,253.09,121
32,18,5.2444,27.668,248.52,119.64
32,18,6.3936,29.226,266.92,124.91
32,18,6.5015,26.671,225.21,105.73
32,18,6.2475,28.494,269.4,132.56
32,18,5.5157,27.788,252.86,120.9
32,18,5.7358,28.878,282.18,140.42
32,18,6.5859,28.586,268.39,127.44
32,18,8.1239,28.662,271.1,130.78
32,18,6.4577,28.087,257.3,122.97
32,18,6.1782,27.279,245.95,119.17
32,18,4.929,27.389,249.21,120.75
32,18,5.5101,26.492,237.4,118.66
32,18,6.3336,27.264,248.28,120.44
32,18,6.4781,28.529,266.13,126.61
32,18,5.4539,27.336,244.91,116.72
32,18,7.2085,27.868,258.35,126.82
32,18,6.2997,27.978,258.87,124.87
32,18,7.4631,28.771,277.89,137.2
32,18,5.2246,28.104,251.67,120.62
32,18,7.1627,28.264,260.61,125.73
32,18,5.7885,27.694,245.03,114
32,18,4.5281,27.926,260.84,129.51
32,18,5.3736,29.004,274.3,131.29
32,18,5.6532,28.031,262.45,129.52
32,18,5.4752,27.892,249.49,117.52
32,18,5.6247,29.274,284.61,140.8
32,18,5.735,27.549,248.93,120.35
32,18,6.1295,28.434,264.76,126.38
32,18,7.3567,27.779,251.66,120.4
32,18,5.1092,28.02,263.28,130.66
32,18,4.9374,28.969,276.88,135.8
32,18,6.2653,27.843,251.78,119.77
32,18,6.3929,27.73,249.94,121.08
32,18,5.1777,28.825,275.3,134.1
32,18,5.0679,27.471,252.69,123.73
32,18,5.115,28.031,260.8,126.49
32,18,4.5268,28.024,252.39,118.19
32,18,6.8896,27.803,251.62,120.26
32,18,6.2388,28.578,265.29,126.45
32,18,5.5956,28.522,269.34,131.46
32,18,7.7391,27.517,248.98,121.16
32,18,6.3382,27.363,243.71,116.03
32,18,8.9516,27.894,238.45,108.46
32,18,5.4889,27.476,244.69,117.94
32,18,8.2945,28.622,269.1,131.47
32,18,5.8261,27.462,244.01,116.61
32,18,5.1599,27.524,235.47,109.15
32,18,6.2245,28.048,249.52,117.9
32,18,4.8217,26.753,236.97,115.3
32,18,4.9377,28.619,269.85,131.91
32,18,5.4683,28.53,271.13,135.86
32,18,5.0676,28.844,277.25,135.69
32,18,4.8561,28.556,271.4,132.74
32,18,5.2364,27.88,243.98,112.69
32,18,4.9154,27.34,237.22,110.5
32,18,6.4155,27.571,240.63,113.84
32,18,5.4912,27.362,243.31,113.88
32,18,6.3773,28.93,275.81,134.68
32,18,5.4913,27.768,267.47,135.99
32,18,5.6016,28.166,257.65,125.05
32,18,5.1595,28.155,258.11,123.96
32,18,4.7577,27.576,254.2,125.06
32,18,6.4744,28.244,269.54,134.32
32,18,5.0052,27.763,252.79,121.73
32,18,7.2932,27.676,247.35,118.75
32,19,5.6607,28.987,270.58,127.58
32,19,4.6644,28.182,261.85,125.23
32,19,4.6588,27.496,258.72,129.93
32,19,6.4121,27.133,237.77,112.36
32,19,5.8458,27.568,249.5,119.87
32,19,5.4226,28.144,264.92,130.61
32,19,5.7535,27.22,245.31,120.73
32,19,6.6868,28.005,253.42,120.31
32,19,4.758,27.792,254.04,120.66
32,19,4.4332,28.258,258.34,123.43
32,19,9.0393,29.263,279.32,136.8
32,19,5.6737,28.351,265.5,129.71
32,19,5.6799,27.941,251.02,117.34
32,19,7.4969,30.688,308.5,150.07
32,19,5.8455,27.664,261.22,130.99
32,19,5.3435,28.385,272.37,136.07
32,19,6.1988,28.829,268.43,131.14
32,19,5.4811,27.665,245.07,114.86
32,19,5.3946,28.62,280.55,141.61
32,19,6.0305,28.433,266.49,128.73
32,19,6.8945,27.554,252.17,125.13
32,19,5.9631,27.545,260.62,131.37
32,19,4.4498,28.542,261.49,123.7
32,19,6.4594,28.005,263.65,130.64
32,19,6.6274,28.436,261.78,124.37
32,19,5.3497,27.576,254.7,124.47
32,19,5.4393,28.343,274.83,133.04
32,19,6.7784,27.372,247.81,120.44
32,19,6.3078,27.637,255.02,123.65
32,19,4.8016,27.5,243.89,115.76
32,19,5.6695,27.87,249.24,115.62
32,19,6.5929,27.839,255.03,123.19
32,19,5.5951,27.052,245.86,122.25
32,19,5.9931,28.052,262.89,129.83
32,19,5.0365,28.219,269.34,135.66
32,19,4.9129,27.992,264.22,130.8
32,19,5.4113,28.943,280.23,136.76
32,19,6.4939,29.406,297.46,153.52
32,19,5.337,27.629,252.3,124.01
32,19,5.2896,26.802,245.57,124.7
32,19,5.3642,27.927,261.44,130.1
32,19,9.8633,26.961,239.18,115.04
32,19,4.1865,27.894,246.58,115.32
32,19,5.4403,28.226,260.24,122.48
32,19,6.5794,27.973,253.96,119.17
32,19,7.9226,29.042,286.63,143.92
32,19,5.4987,27.252,244.29,118.34
32,19,7.341,28.98,281.12,140.15
32,19,5.9747,26.891,227.56,104.81
32,19,5.1846,28.162,259.22,125.48
32,19,6.6509,28.029,255.64,123.49
32,19,4.7122,28.529,272.36,134.78
32,19,5.6274,27.554,254.55,126.16
32,19,6.8105,28.453,269.01,132.79
32,19,6.5162,28.399,261.98,125.16
32,19,5.2148,27.181,248.81,124.08
32,19,6.3857,28.784,277.63,137.9
32,19,4.9736,29.024,276.67,135.28
32,19,6.6014,28.233,257.47,124.21
32,19,5.4418,27.783,259.34,128.97
32,19,6.3913,27.472,243.85,115.7
32,19,6.4894,28.594,272.75,133.44
32,19,4.7929,28.793,271.15,130.86
32,19,5.9467,28.046,257.59,125.06
32,19,5.1346,28.434,265.66,129.57
32,19,4.7683,27.298,242.91,115.45
32,19,5.1198,28.567,265.53,128.24
32,19,4.9495,27.691,248.96,118.67
32,19,6.4414,29.351,280.76,136
32,19,5.7012,27.936,267.43,134.31
32,19,6.143,29.212,288.09,147.14
32,19,7.6701,28.061,255.28,120.07
32,19,5.6497,28.353,264.18,127.07
32,19,5.1373,29.251,281.17,135.36
32,19,5.2645,27.222,241.25,115.36
32,19,5.3732,29.09,271.61,127.54
32,19,5.3618,27.585,252.26,121.51
32,19,5.9797,29.156,277.57,135.54
32,19,6.118,27.786,256.39,126.34
32,19,5.3049,27.434,246.26,119.3
32,19,4.8111,28.929,270.92,126.98
32,19,5.4629,28.387,259.3,123.07
32,19,6.5471,28.928,279.47,134.42
32,19,4.8952,27.925,264.66,133.01
32,19,6.3685,27.4,242.03,114.04
32,19,5.4368,27.751,258.35,126.8
32,19,5.7226,28.945,278.75,135.77
32,19,4.4209,27.123,238.67,114.28
32,19,6.3378,28.84,277.18,135.2
32,19,5.6143,28.45,267.32,130.84
32,19,7.1841,28.058,257.87,124.73
32,19,6.4576,27.713,246.55,116.98
32,19,5.8235,28.186,255.05,118.88
32,19,5.6713,26.571,228.09,107.39
32,19,6.0396,27.119,237.47,113.33
32,19,4.9445,28.921,270.17,129.57
32,19,6.135,27.119,242.75,116.47
32,19,4.9366,27.46,244.89,117.15
32,19,7.1181,27.997,262.52,128.68
32,19,6.8722,28.483,273.24,136.62
32,19,5.9987,28.827,272.87,133.53
32,19,5.8208,27.178,245.17,122.24
32,19,6.0156,27.485,241.51,113.95
32,19,6.9737,28.276,262.87,127.6
32,19,7.9939,27.815,250.63,120.33
32,19,7.6933,28.272,261.37,123.36
32,19,5.6077,27.119,240.18,116.63
32,19,7.1355,27.632,246.56,115.03
32,19,5.6281,28.003,259.71,125.99
32,19,6.3606,29.451,283.46,137.1
32,19,4.9297,28.279,266.44,130.97
32,19,5.4687,28.402,256.06,118.85
32,19,7.1279,28.193,253.61,121.5
32,19,4.7172,28.376,261.06,124.63
32,19,6.0571,28.404,254.8,117.97
32,19,4.7502,28.039,247.72,115.3
32,19,5.7158,28.188,249.58,115.5
32,19,5.8843,29.106,276.81,131.99
32,19,5.7748,27.801,259.03,126.81
32,19,6.2933,28.142,251.01,116.09
32,19,7.9141,28.566,259.79,122.82
32,19,4.6535,27.934,257.34,124.94
32,19,5.373,28.327,269.23,133.84
32,19,6.0988,28.964,280.49,137.11
32,19,5.3254,28.565,269.11,131.13
32,19,5.7556,28.386,263.31,127.88
32,19,5.6306,28.21,258.98,124.85
32,19,5.6087,26.982,226.74,104.28
32,19,5.1036,28.914,279.57,137.96
32,19,5.8071,27.9,257.85,123.61
32,19,5.1345,28.76,277.37,135.81
32,19,6.9723,27.321,244.36,118.82
32,19,8.0079,28.051,244.1,109.85
32,19,5.7787,27.863,249.97,118.49
32,19,5.8661,27.437,240.49,112.86
32,19,5.9718,27.42,241.04,114.36
32,19,4.6259,27.497,247.25,117.26
32,19,5.6095,28.83,280.75,139.33
32,19,6.2274,28.353,270.33,135
32,19,6.1644,29.015,286.83,142.53
32,19,7.319,29.079,278.97,135.38
32,19,5.1052,28.612,269.05,130.83
32,19,5.906,28.778,277.07,137.43
32,19,6.288,28.398,261.07,125.3
32,19,6.1342,27.884,255.73,123.39
32,19,6.8683,28.24,255.84,120.41
32,19,5.8941,28.69,274.74,133.07
32,19,5.4014,28.119,262.66,131.09
32,19,11.811,28.586,263.42,126.31
32,19,6.6128,29.08,277.4,134.43
32,19,5.2604,28.354,267.68,131.95
32,19,8.3918,27.672,235.28,107.13
32,19,5.9193,27.542,243.7,115.18
32,19,5.2544,28.14,252.02,118.25
32,19,6.1176,29.091,272.62,131.09
32,19,4.557,27.272,248.92,123.02
32,19,9.0277,29.343,282.05,137.03
32,19,5.7935,27.691,251.38,123.18
32,19,6.2869,28.939,290.56,148.39
32,19,7.1792,28.643,268.25,129.63
32,19,5.962,27.66,248.14,118.96
32,19,7.4049,28.715,252.53,114.29
32,19,5.0827,28.398,266.41,130.97
32,19,7.3072,29.067,266.06,122.84
32,19,4.7281,27.68,250.46,118.94
32,19,6.4215,28.232,257.25,123.97
32,19,5.1925,27.664,254.69,124.83
32,19,5.1636,30.558,306.41,150.78
32,19,5.8411,29.229,271.6,127.98
32,19,7.0133,27.668,251.53,121.56
32,19,6.1564,28.354,256.66,123.51
32,19,4.4067,27.545,255.19,126.32
32,19,5.6728,27.744,258.97,129.2
32,19,5.821,28.87,273.09,135.16
32,19,6.2622,28.746,260.18,118.91
32,19,5.9195,29.338,281.27,135.62
32,19,5.1176,28.721,274.42,134.3
32,19,5.7293,28.232,265.61,131.05
32,19,4.6509,27.605,256.69,127.09
32,19,4.8964,28.875,273.95,133.35
32,19,4.1462,28.913,274.4,133.33
32,19,5.3709,28.726,267.5,127.75
32,19,4.6133,28.198,256.98,120.92
32,19,6.3461,28.262,262.69,126.8
32,19,7.2579,28.347,277.67,139.9
32,19,4.3561,28.01,259.81,126.85
32,19,5.9621,28.346,264.94,129.07
32,19,4.6022,27.398,245.99,118.4
32,19,5.1898,26.65,247.49,126.57
32,19,6.0759,28.43,266.41,129.42
32,19,6.859,27.993,250.93,117.56
32,19,5.5596,28.997,273.07,131.81
32,19,7.0397,28.63,271.58,133.57
32,19,9.4499,28,255.3,121.42
32,19,6.6295,27.772,257.27,125.77
32,19,4.9724,28.006,262.91,130.48
32,19,6.2506,27.965,264.22,131.19
32,19,5.4174,28.529,269.33,131.85
32,19,6.3767,28.212,268.62,134.28
32,19,6.3318,28.183,259.41,123.56
32,19,6.5768,28.255,270.2,134.55
32,19,5.4355,29.553,278.24,132.26
32,19,5.7448,28.252,265.76,131.24
32,19,4.7401,28.039,259.15,126.09
32,19,6.3032,29.443,290.98,141.35
32,19,5.2832,29.66,296.5,147.41
32,19,4.778,28.968,287.29,145.15
32,19,7.3496,28.657,265.2,125.51
32,19,5.511,28.417,261.45,122.43
32,19,5.9578,28.655,272.46,132.96
32,19,5.3906,27.276,240.28,114.08
32,19,5.6092,28.009,251.4,119.39
32,19,5.3465,27.945,255.88,123.32
32,19,5.0933,28.516,254.58,117.59
32,19,5.7961,27.753,252.71,122.16
32,19,7.5394,28.77,273.01,133.18
32,19,8.4597,28.429,264.97,128.3
32,19,4.8571,27.852,258.26,126
32,19,6.0426,27.356,241.67,116.87
32,19,5.037,27.73,255.03,124.65
32,19,4.7417,28.969,283.6,140.34
32,19,7.7777,27.499,246.66,120.84
32,19,5.072,28.716,272.36,133.72
32,19,6.2832,28.096,256.96,124.08
32,19,5.8942,29.27,291.07,144.59
32,19,4.687,28.488,264.3,127.44
32,19,6.3008,28.642,267.64,127.41
32,19,4.6306,28.076,253.25,121.12
32,19,6.3352,27.911,249.61,119.62
32,19,7.6309,27.315,252.73,127.06
32,19,7.6642,28.041,260.51,128.86
32,19,5.0168,28.116,254.55,118.89
32,19,5.9003,29.01,274.71,133.31
32,19,6.5816,28.074,260.1,127.27
32,19,5.4639,28.905,273.87,131.72
32,19,5.8654,27.633,250.35,122.11
32,19,5.2358,27.878,258.49,126.85
32,19,6.9872,27.91,262.46,130.47
32,19,6.2725,28.512,273.11,133.75
32,19,7.2132,28.317,261.15,124.83
32,19,5.9571,27.669,247.37,115.62
32,19,4.6636,27.716,255.22,124.63
32,19,5.9181,28.078,256.45,122.93
32,19,6.0048,28.064,264.65,130.71
32,19,6.5085,28.251,263.17,130.24
32,19,5.2285,29.098,276.19,131.31
32,19,7.2596,27.324,238.82,110.65
32,19,5.7102,28.379,271.98,135.54
32,19,5.6249,28.28,257.06,121.41
32,19,7.4003,27.916,245.1,114.72
32,19,5.1084,28.372,259.76,124.17
32,19,4.8222,28.13,269.65,135.54
32,19,7.4631,28.734,272.15,131.8
32,19,5.5205,29.214,273.84,129.83
32,19,5.8232,28.86,270.65,130.32
32,19,5.3811,27.765,249.96,119.46
32,19,5.6838,28.533,267.22,128.54
32,19,6.776,28.826,272.32,130.68
32,19,4.8803,27.853,256.98,126.6
32,19,5.3457,28.403,261.3,125.23
32,19,9.5877,28.5,261.82,125.63
32,19,5.8097,27.583,247.2,118.47
32,19,5.609,28.104,253.79,121.43
32,19,7.5804,28.573,275.9,136.13
32,19,7.5953,28.299,266.38,131.32
32,19,5.4302,29.662,283.44,136.59
32,19,6.5684,29.346,277.69,133.13
32,19,5.1037,27.513,255.35,126.55
32,19,8.1074,28.22,263.85,127.95
32,19,4.6265,28.948,276.52,134.55
32,19,5.2832,28.187,266.75,132.32
32,19,7.7271,28.913,276.18,135.91
32,19,5.8486,27.668,244.06,115.2
32,19,5.5388,28.836,277.26,136.86
32,19,8.0022,27.453,238.52,110.51
32,19,6.4928,28.017,256.92,123.72
32,19,5.0924,28.178,267.35,133.72
32,19,5.222,28.47,258.68,120.93
32,19,5.1933,28.705,277.22,136.79
32,19,5.615,27.526,253.14,124.51
32,19,4.9653,28.03,253.1,122.33
32,19,4.9174,28.867,265.38,125.63
32,19,5.9726,28.158,259.69,127.11
32,19,4.769,29.399,280.21,136.48
32,19,5.6492,28.804,275.55,135.55
32,19,6.0562,28.724,271.87,132.34
32,19,6.2523,28.741,264.79,126.06
32,19,5.6944,28.44,257.93,121.01
32,19,6.7245,28.038,254.4,120.35
32,19,6.9698,29.05,268.23,127.93
32,19,5.9243,26.816,231.91,109.33
32,19,6.1364,28.727,266.14,126.57
32,19,6.0386,28.608,276.89,137.88
32,19,4.8325,27.794,247.62,114.35
32,19,6.9718,29.349,285.31,138.5
32,19,5.2437,27.078,252.17,127.69
32,19,5.1,26.681,222.72,104.65
32,19,7.9452,27.608,257.9,128.79
32,19,5.2436,27.454,244.68,117.14
32,19,5.626,27.073,243,119.06
32,19,5.2567,27.662,245.45,115.64
32,19,5.9796,27.087,243.1,118.67
32,19,5.7349,29.037,274.37,130.73
32,19,7.0696,29.423,287.42,141.79
32,19,5.8432,28.077,265.55,132.44
32,19,4.8647,28.254,258.48,121.92
32,19,5.0185,28.019,252.58,116.47
32,19,7.0863,28.899,275.72,132.74
32,19,7.2404,28.768,270.2,132.21
32,19,5.4917,27.473,239.68,112.11
32,19,6.6086,28.703,273.74,134.71
32,19,5.2092,28.469,254.41,117.27
32,19,5.3331,28.776,273.9,132.92
32,19,5.3362,28.763,272.65,133.36
32,19,5.8039,27.74,260.69,130.63
32,19,4.9634,27.396,244.12,116.96
32,19,5.6797,26.986,239.15,114.12
32,19,4.9765,27.529,241.57,112.9
32,19,5.7052,28.718,275.01,134.6
32,19,9.1173,29.015,272.46,129.89
32,19,5.3527,27.431,253.93,126.22
32,19,5.6705,27.263,252.74,126.14
32,19,5.0713,29.286,280.3,136.95
32,19,6.4612,28.563,260.92,123.49
32,19,4.1893,27.46,251.2,123.37
32,19,7.9669,27.527,241.91,114.71
32,19,4.8407,27.659,246.74,117.25
32,19,5.8243,28.696,265.08,126
32,19,5.7116,28.074,257.21,123.19
32,19,6.39,27.932,262.64,130.57
32,19,5.5621,27.829,253.83,123.02
32,19,5.4561,27.614,252.61,124.09
32,19,4.6892,27.486,251.33,122.81
32,19,5.7232,28.495,269.06,132.81
32,19,7.6919,28.749,270.82,131.23
32,19,5.1393,27.597,256.54,128.24
32,19,6.2637,28.489,269.49,132.69
32,19,6.3086,27.82,252.83,123.08
32,19,5.3522,27.671,243.98,116.22
32,19,5.4923,27.297,249.19,123.72
32,19,4.92,27.775,256.97,125.91
32,19,4.5044,28.243,254.54,120.09
32,19,6.0309,27.217,238.99,114.3
32,19,5.6937,28.714,262.99,122.05
32,19,6.5956,28.285,252.44,117.19
32,19,5.7584,29.012,276.91,134.19
32,19,6.1641,29.504,289.27,140.51
32,19,5.2497,28.216,258.83,122.96
32,19,4.714,27.677,249.69,119.57
32,19,5.367,27.296,239.15,112.23
32,19,6.1086,27.688,248.8,119.18
32,19,4.7917,28.012,261.27,127.99
32,19,7.9936,28.216,259.41,124.95
32,19,6.2975,29.184,293.62,148.4
32,19,4.9064,28.723,265.47,126.49
32,19,5.8412,29.143,282.3,138.11
32,19,7.588,27.1,246.52,120.86
32,19,5.594,28.449,258.34,121.57
32,19,5.9188,29.354,283.85,136.77
32,19,5.3114,28.551,264.77,123.22
32,19,6.989,27.706,253.35,123.43
32,19,6.7203,28.209,254.08,118.63
32,19,6.7625,28.606,276.94,138.28
32,19,6.468,28.397,263.22,127.49
32,19,4.7584,28.508,266.87,129.23
32,19,7.2591,27.233,245.19,119.07
32,19,6.2472,27.878,255.31,124.34
32,19,5.7935,27.248,245.03,118.64
32,19,4.3295,29.504,281.53,135.07
32,19,4.4242,28.569,264.36,124.04
32,19,6.7768,28.133,253.89,119.72
32,19,6.4732,27.869,256.21,121.78
32,19,5.6649,27.502,243.62,113.68
32,19,5.4823,28.147,254.08,117.43
32,19,4.9768,27.677,259.53,129.6
32,19,5.0591,28.001,255.16,123.16
32,19,5.2503,28.091,254.61,121.51
32,19,5.3354,28.264,264.32,128.59
32,19,5.6117,28.184,267.33,133.47
32,19,5.8321,28.897,271.94,130.17
32,19,5.1259,27.99,261.75,128.2
32,19,6.0964,29.177,274.44,129.97
32,19,6.0492,27.661,257.9,128.83
32,19,5.246,28.574,276.69,137.47
32,19,4.725,28.315,252.02,116.7
32,19,5.969,29.102,274.89,131.07
32,19,7.3157,28.982,269.25,127.56
32,19,4.7544,28.273,268.78,133.55
32,19,6.7712,29.125,280.03,137.1
32,19,4.7384,29.433,295.08,149.05
32,19,6.0387,29.514,290.26,142.86
32,19,5.008,28.5,264.62,129.13
32,19,6.8507,28.622,280.36,141.32
32,19,5.3907,28.859,270.6,130.7
32,19,5.7934,27.37,234.55,108.51
32,19,6.4183,28.957,276.82,133.42
32,19,6.9081,27.406,249.02,121.18
32,19,4.6052,28.033,263.55,130.34
32,19,6.3967,28.008,255.57,123.71
32,19,6.6778,29.286,286.36,141.03
32,19,5.1687,28.44,265.22,128.84
32,19,4.9124,28.305,262.04,126
32,19,5.2711,27.079,240.52,116.57
32,19,5.4101,26.738,232.58,112.25
32,19,5.6805,27.726,257.9,127.87
32,19,7.0142,28.156,251.54,119.89
32,19,5.0238,27.763,248.1,119.25
32,19,5.5989,27.629,244.15,114.5
32,19,5.3706,28.738,275.9,136.44
32,19,5.3643,28.209,265.47,129.3
32,19,5.5698,29.144,278.34,133.84
32,19,6.3153,28.731,274.42,134.31
32,19,4.798,29.1,279.97,137.89
32,19,6.9517,28.159,260.14,126.69
32,19,7.1423,27.671,243.27,111.83
32,19,6.4035,27.713,239.7,111.09
32,19,6.4745,29.513,284.11,139.47
32,19,8.1381,27.883,248.92,118.01
32,19,5.7209,28.65,275.59,135.84
32,19,5.8125,27.763,260.37,129.77
32,19,6.0372,28.531,262.93,123.99
32,19,5.1166,30.373,310.2,156.34
32,19,5.863,27.745,259.98,129.93
32,19,5.1799,28.786,274.44,133.38
32,19,6.5825,27.919,258.76,125.69
32,19,5.9269,28.763,265.32,126.85
32,19,5.5252,28.889,275.15,134.27
32,19,6.0623,27.22,242.76,117.58
32,19,5.3212,29.086,277,134.86
32,19,5.5645,27.265,239.07,114.36
32,19,4.7378,28.346,257.46,122.81
32,19,6.57,27.508,256.18,127.14
32,19,5.9054,28.195,257.76,123.56
32,19,5.5807,27.602,249.27,119.99
32,19,6.9057,27.798,258.38,127.26
32,19,6.2666,26.999,242.39,117.21
32,19,5.8454,28.755,274.45,135.22
32,19,4.1242,28.157,270.06,133.43
32,19,5.7391,27.772,261.91,130.65
32,19,6.4088,27.959,252.86,119.74
32,19,4.9102,29.08,271.82,128.66
32,19,6.8042,27.404,247.71,123.18
32,19,5.8872,27.427,238.77,111.82
32,19,7.7722,28.199,255.81,119.66
32,19,4.8274,28.066,252.76,121.09
32,19,5.7016,28.433,268.24,131.65
32,19,5.4742,28.161,251.92,117.63
32,19,8.4134,28.878,266.95,127.23
32,19,6.8392,28.046,249.4,118.12
32,19,4.9253,28.652,269.41,131.12
32,19,5.3171,28.289,266.79,129.69
32,19,6.2784,28.613,260.57,123.02
32,19,5.1827,28.03,261.06,127.6
32,19,5.9306,27.845,255.06,123.07
32,19,4.8852,27.127,238.26,113.92
32,19,5.2671,27.468,251.86,122.04
32,19,5.4939,28.162,259.72,124.39
32,19,5.8497,27.227,255.33,128.04
32,19,8.9278,28.487,268.52,133.13
32,19,6.802,28.821,280.22,137.89
32,19,6.7671,28.586,274.12,133.7
32,19,5.1711,28.807,272.63,131.48
32,19,4.7024,28.497,265.44,126.83
32,19,4.8302,27.942,261.45,127.83
32,19,5.3757,28.47,258.57,120.39
32,19,5.236,28.498,265.92,127.39
32,19,4.913,28.016,272.25,139.9
32,19,7.8954,27.994,250.31,120.03
32,19,6.7389,29.058,278.96,137.95
32,19,6.9253,28.493,269.94,133.2
32,19,5.6602,28.914,273.81,131.77
32,19,5.5205,28.28,262.43,128.22
32,19,5.7106,28.166,263.13,129.39
32,19,6.5472,27.996,252.64,120.29
32,19,6.9477,29.4,282.83,137.19
32,19,6.5793,27.703,246.54,118.33
32,19,6.2809,27.944,249.31,118.48
32,19,8.4092,27.748,257.94,127.26
32,19,5.2824,28.288,260.69,126.71
32,19,6.1077,27.977,257.88,126.23
32,19,5.7613,28.157,265.56,130.5
32,19,6.6182,27.528,250.95,122.79
32,19,5.2742,27.627,250.05,121.64
32,19,6.3007,28.56,270.22,130.64
32,19,5.2667,27.731,250.45,122.65
32,19,5.269,28.553,262.95,126.35
32,19,4.8052,28.341,266.78,132.3
32,19,5.7727,27.985,255.36,123.8
32,19,5.9769,29.353,274.1,130.27
32,19,9.3478,28.742,271.8,131.28
32,19,6.8059,28.745,269.96,129.23
32,19,5.4018,27.391,245.59,117.96
32,19,8.1307,28.464,262.19,124.39
32,19,6.3661,29.159,275.52,131.67
32,19,6.0057,28.168,265.38,129.17
32,19,4.9094,28.148,253.62,119.69
32,19,7.155,28.731,269.05,128.44
32,19,5.6957,27.789,258.84,128.48
32,19,5.7022,28.126,260.46,127.26
32,19,5.9459,29.968,294.18,142.5
32,19,5.2261,27.618,259.24,127.34
32,19,8.6099,28.244,272.53,134.37
32,19,4.9589,29.115,278.16,135.59
32,19,7.8697,27.348,239.39,113.43
32,19,9.4551,29.512,282.93,135.64
32,19,5.8196,28.934,273.77,129.5
32,19,5.4095,27.879,264.78,133.22
32,19,5.4213,28.47,267.32,130.4
32,19,6.3724,29.111,280.92,138.26
32,19,6.2302,29.157,282.44,138.09
32,19,5.2949,28.881,276,135.9
32,19,5.911,28.076,242.21,108.22
32,19,5.4477,29.076,279.84,135.19
32,19,4.9726,28.753,274.03,135.46
32,19,4.8101,28.47,271.73,135.43
32,19,6.1338,28.51,263.61,127.73
32,19,6.4231,27.701,246,116.36
32,19,8.9304,27.557,250.67,119.34
32,19,5.4981,27.909,262.73,129.12
32,19,5.6434,28.562,274.01,135.44
32,19,5.1955,28.347,258.26,120.82
32,19,4.5561,28.268,257.63,123.81
32,19,5.282,28.164,269.52,135.17
32,19,6.2229,28.351,263.45,127.41
32,19,4.7413,27.562,254.12,126.61
32,19,6.9201,28.577,264.22,128.54
32,19,7.7534,28.031,258.33,124.49
32,19,6.1893,28.32,263.09,126.11
32,19,7.3795,27.774,247.27,117.18
32,19,6.5082,26.977,247.4,123.41
32,19,5.8059,28.307,260.8,123.93
32,19,4.6362,28.665,264.87,126.54
32,19,5.0592,28.231,255.44,121.68
32,19,7.3828,28.72,267.3,128.99
32,19,6.6526,27.836,250.37,119.84
32,19,5.5302,27.195,232.28,107.94
32,19,4.672,28.55,273.32,135.13
32,19,6.7432,27.864,261.89,127.24
32,19,6.3961,27.869,251.08,118.87
32,19,5.3308,28.838,278.05,137.14
32,19,5.7339,28.477,274.51,136.97
32,19,5.3025,27.859,264.17,131.67
32,19,5.8681,27.981,246.97,113.88
32,19,6.0688,28.852,260.37,118.72
32,19,6.4558,27.875,249.13,116.61
32,19,5.4096,28.113,259.15,124.96
32,19,4.9478,29.17,283.17,139.7
32,19,6.9573,28.334,257.19,121.51
32,19,5.4413,28.192,252.81,119.5
32,19,7.8838,28.177,259.22,124.15
32,19,5.3655,28.858,272.71,134.36
32,19,4.8381,28.821,276.13,136.34
32,19,7.5699,28.662,271.26,132.7
32,19,6.7418,27.971,256.51,121.19
32,19,5.0996,28.097,261.1,125.58
32,19,5.0205,27.837,254.81,124.53
32,19,4.4679,27.474,245.38,116.56
32,19,5.5449,29.604,288.86,139.71
32,19,6.6301,27.999,267.82,133.66
32,19,5.7191,29.042,279.68,135.83
32,19,4.4996,29.136,290.25,146.2
32,19,9.0459,27.216,242.56,118.56
32,19,4.8901,27.392,250.69,123.31
32,19,6.165,28.784,280.45,139.15
32,19,5.7688,28.411,263.3,127.42
32,19,5.0989,28.876,276.56,132.81
32,19,6.8069,28.346,265.02,128.32
32,19,7.0032,28.519,274.26,135.38
32,19,6.0376,27.699,258.39,127.61
32,19,5.4047,27.994,256.93,124.06
32,19,5.081,28.558,267.53,128.21
32,19,5.7317,29.382,285.1,140.04
32,19,9.6203,28.131,267.41,132.61
32,19,5.6599,28.84,272.7,132.35
32,19,5.8393,28.462,253.71,114.61
32,19,5.0242,27.736,253.14,123.56
32,19,5.8872,28.261,263.26,128.03
32,19,6.4607,28.728,276.17,136.92
32,19,6.3726,29.089,286.98,144.03
32,19,4.9027,28.434,268.64,132.23
32,19,5.4892,28.869,270.8,128.97
32,19,5.4233,28.475,261.34,124.62
32,19,5.4996,27.391,251.74,123.96
32,19,5.7706,27.817,257.78,125.85
32,19,5.1196,28.371,262.97,125.1
32,19,5.0807,28.356,267.26,130.82
32,19,4.7049,27.878,248.79,117
32,19,6.0586,27.168,237.39,113.66
32,19,6.5659,27.481,243.87,116.79
32,19,5.8627,26.569,237.02,116.7
32,19,7.9167,28.1,248.71,116.46
32,19,5.7246,27.569,243.43,113.87
32,19,5.9532,28.309,258.85,124.14
32,19,6.1214,27.561,251.15,121.55
32,19,5.9413,28.575,263.9,124.99
32,19,4.7405,27.826,251.9,118.71
32,19,8.3416,28.457,270.43,132.22
32,19,6.1395,27.7,258.64,126.01
32,19,5.3975,28.608,268.84,131.29
32,19,4.3076,27.234,245.78,118.44
32,19,5.9441,29.406,283.39,136.39
32,19,5.265,28.884,272.84,132.53
32,19,5.8802,26.956,239.33,115.48
32,19,6.3185,28.848,273.74,132.96
32,19,4.8382,28.768,274.06,134.47
32,19,5.196,29.492,282.72,135.05
32,19,5.8892,27.737,258.9,129.29
32,19,5.1059,28.65,268.9,130
32,19,7.1589,28.266,263.76,129.79
32,19,4.96,28.18,260.87,128.01
32,19,4.7563,29.714,307.57,156.22
32,19,8.4961,28.816,280.28,137.91
32,19,5.3113,28.296,259.61,124.56
32,19,5.9125,28.621,256.67,117.33
32,19,5.0117,28.545,263.72,123.47
32,19,5.7381,29.44,285.63,140.44
32,19,5.5796,28.172,251.69,118.85
32,19,4.2875,28.54,267.92,130.7
32,19,6.3903,28.132,253.14,119.34
32,19,8.2955,28.785,281.58,141.52
32,19,5.515,26.761,239.79,119.03
32,19,5.8484,27.669,254.21,124.02
32,19,5.0236,27.616,255.94,127
32,19,6.8734,28.129,257.69,123.84
32,19,5.0865,28.54,268.84,130.76
32,19,7.4174,28.074,262.59,127.85
32,19,5.4007,28.358,273.78,137.03
32,19,6.1276,28.263,264.79,131.03
32,19,6.4907,27.909,245.77,115.09
32,19,6.7287,28.367,267.47,129.52
32,19,7.4574,29.009,276.01,134.43
32,19,6.3957,29.132,285.05,140.82
32,19,4.4532,28.237,257.99,122.6
32,19,6.7137,28.514,265.37,127.21
32,19,5.8069,30.496,300.5,144.59
32,19,6.6155,28.456,261.51,123
32,19,8.1988,27.253,243.32,118.07
32,19,5.3774,29.431,274.96,126.92
32,19,5.9442,28.984,277.06,134.35
32,19,6.2264,27.801,267.25,135.22
32,19,4.3356,26.015,222.47,107.41
32,19,4.7487,28.248,266.12,130.76
32,19,4.7876,27.478,251.29,122.37
32,19,5.1012,28.622,264.35,125.81
32,19,4.7121,28.058,261.18,124.18
32,19,5.8755,27.818,252.53,121.63
32,19,4.5174,28.141,255.16,120.87
32,19,5.9065,27.99,258.72,125.13
32,19,6.7484,27.827,248.55,118.73
32,19,5.4506,28.239,257.82,123
32,19,6.136,27.683,247.49,118.97
32,19,6.8935,29.329,288.74,143.11
32,19,5.2984,27.153,251.34,126.22
32,19,6.2266,29.287,279.89,135.74
32,19,5.3228,29.09,282.3,137.19
32,19,5.9364,27.877,257.5,124.42
32,19,5.0173,26.803,238.2,116.4
32,19,4.4294,28.758,268.79,126.96
32,19,6.3155,28.113,258.26,123.84
32,19,6.8935,28.522,268.58,131.9
32,19,4.3987,27.964,249.61,117.46
32,19,6.7924,28.796,270.39,130.49
32,19,5.8212,27.836,250.79,119.43
32,19,4.7751,28.972,271.27,128.57
32,19,6.8487,28.953,274.02,133.68
32,19,6.3956,28.122,259.34,125.9
32,19,4.546,28.656,276.9,137.36
32,19,5.3395,28.005,250.02,114.97
32,19,5.6502,28.991,266.24,124.54
32,19,4.9444,27.988,262.35,129.82
32,19,5.6642,29.418,286.76,140.18
32,19,5.8803,27.349,246.94,119.68
32,19,6.0496,28.243,265.93,128.61
32,19,5.3266,27.531,245.07,116.11
32,19,7.1285,28.762,274.21,134.78
32,19,5.8398,28.322,266.95,130.54
32,19,6.7515,28.088,264.17,129.43
32,19,5.6599,28.232,253.38,117.06
32,19,6.142,28.136,264.45,129.79
32,19,5.7067,27.441,244.06,117.97
32,19,6.6208,29.128,276.76,135.4
32,19,5.6087,28.37,264.2,128.48
32,19,6.4477,28.341,258.28,123.91
32,19,5.9487,28.608,264.48,128.19
32,19,5.6559,28.391,269.16,132.46
32,19,5.0284,27.961,253.41,122.62
32,19,5.8238,27.333,250.57,122.71
32,19,4.6418,29.094,288.21,143.57
32,19,6.8434,27.398,245.39,118.37
32,19,5.6843,27.969,260.41,127.62
32,19,5.5119,27.693,249.64,120.88
32,19,5.9493,28.503,273.92,136.14
32,19,5.9742,28.398,254.92,120.18
32,19,6.9654,28.395,265.28,128.48
32,19,6.6886,26.745,227.07,106.95
32,19,5.5815,28.275,257.96,120.3
32,19,6.0558,28.493,272.86,135.28
32,19,5.4042,28.854,271.38,129.69
32,19,5.6905,28.884,281.4,139.69
32,19,6.6599,29.227,279.3,135.61
32,19,6.139,28.445,263.57,127.69
32,19,5.3281,30.332,309,149.81
32,19,6.1277,27.687,254.19,124.34
32,19,4.4579,28.691,275.62,135.99
32,19,5.1749,27.102,237.5,112.06
32,19,4.9345,27.42,248,120.7
32,19,5.933,28.682,271.07,130.78
32,19,5.5413,27.669,257.12,126.5
32,19,7.0452,28.115,250.85,116.8
32,19,7.1539,28.526,265.57,126.79
32,19,6.8809,28.289,263.22,126.75
32,19,6.4792,27.338,236.87,109.74
32,19,5.5705,28.3,263.28,127.9
32,19,5.4692,28.812,276.78,136.17
32,19,6.9224,27.024,243.43,119.24
32,19,6.8903,29.459,286.88,139.14
32,19,7.2049,27.625,261.75,130.95
32,19,6.512,29.749,299.5,150.21
32,19,6.294,27.806,254.45,124.49
32,19,5.5423,28.335,256.37,119.62
32,19,4.9298,28.409,262.38,125.22
32,19,6.4214,27.874,259.58,127.11
32,19,5.6908,27.503,243.5,113.85
32,19,6.2343,28.656,271.45,133.27
32,19,5.6792,28.379,257.54,120.38
32,19,6.6861,28.497,263.46,127.35
32,19,6.7309,28.162,258.81,126.68
32,19,6.742,28.51,274.61,136.12
32,19,8.9092,29.235,286.84,139.76
32,19,6.5736,28.775,274.86,132.05
32,19,4.943,28.335,264.03,128.09
32,19,6.1059,27.795,247.45,117.71
32,19,4.9407,28.45,267.62,129.76
32,19,5.4606,28.429,265.13,128.23
32,19,5.0968,28.987,281.14,138.36
32,19,6.6431,28.439,255.23,120.22
32,19,7.4473,29.101,271.96,130.93
32,19,7.0449,27.417,242.18,112.67
32,19,5.9596,27.672,244.33,115.08
32,19,6.1422,28.877,265.04,123.22
32,19,9.2328,28.615,272.75,135.31
32,19,6.5565,28.379,275.63,137.53
32,19,6.2346,28.532,259.57,122.38
32,19,5.3216,29.036,277.61,134.92
32,19,8.1718,27.887,255.71,124.34
32,19,4.8029,27.002,232.79,109.2
32,19,6.2043,27.089,234.76,111.74
32,19,5.831,27.444,241.09,114.04
32,19,5.7539,28.113,262.31,128.45
32,19,6.8304,27.634,249.14,119.61
32,19,5.2917,27.929,260.75,128.51
32,19,6.3325,28.593,273.34,135.75
32,19,5.7618,27.968,266.63,133.46
32,19,7.0182,27.907,254.6,122.38
32,19,6.2709,27.777,251.11,119.33
32,19,4.5787,28.778,267.37,125.91
32,19,5.5963,27.304,237.67,112.14
32,19,6.4557,27.624,245.54,116
32,19,7.6386,27.71,253.78,123.8
32,19,8.6202,28.57,272.4,134.34
32,19,6.1883,27.276,239.67,112.72
32,19,6.5318,28.546,269.46,132.56
32,19,4.7612,28.292,254.44,119.83
32,19,5.2814,27.745,262.35,131.74
32,19,5.2827,28.991,275.69,133.66
32,19,5.4858,28.272,254.26,119.55
32,19,4.3995,28.303,267.55,132.12
32,19,5.7084,28.965,283.1,140.56
32,19,7.8189,28.108,262.23,129.01
32,19,7.5804,27.422,244.46,116.95
32,19,5.4438,27.431,243.3,114.69
32,19,5.5994,27.989,260.19,125.94
32,19,7.3805,28.18,267.14,132.46
32,19,5.3865,28.447,256.07,118.54
32,19,5.4005,26.667,231.78,109.3
32,19,6.3004,27.536,239.83,111.92
32,19,4.9249,28.844,268.64,127.39
32,19,6.8274,29.443,282.17,136.82
32,19,5.8457,28.682,271.83,132.53
32,19,7.5041,28.185,253.14,120.89
32,19,5.9078,28.654,271.6,131.96
32,19,5.6242,28.353,263.12,125.62
32,19,5.56,28.563,269.34,130.13
32,19,7.4644,27.262,244.17,117.93
32,19,5.082,28.509,273.99,135
32,19,5.7212,27.108,235.88,113.37
32,19,5.8594,29.613,291.36,143.65
32,19,8.0426,28.703,266.82,126.79
32,19,7.5295,28.022,258.54,125.57
32,19,5.7327,27.705,247.79,117.35
32,19,6.4391,27.106,241.65,117.19
32,19,5.4976,28.068,264.38,131.52
32,19,6.5556,29.125,285.37,140.68
32,19,5.5744,28.822,279.87,140.11
32,19,8.9029,28.616,265.72,128.24
32,19,6.6964,27.718,252.93,124.05
32,19,6.8823,28.335,266.92,131.42
32,19,5.426,29.068,278.49,133.83
32,19,4.5976,27.552,249.1,119.56
32,19,7.459,29.139,285.26,142.16
32,19,6.0686,28.861,279.22,138.58
32,19,4.7801,28.077,259.74,125.53
32,19,5.6251,27.926,253.59,122.35
32,19,5.7049,29.541,281.76,135.03
32,19,5.1411,28.182,258.06,122.7
32,19,4.8211,26.634,234.56,115.24
32,19,5.8032,27.842,262.96,133.78
32,19,5.4011,28.856,272.6,133.71
32,19,7.5629,27.939,258,125.68
32,19,4.8442,27.31,245.15,119.42
32,19,6.5135,27.679,254.81,124.29
32,19,6.0846,28.167,257.73,123.85
32,19,6.9555,28.414,256.25,120.44
32,19,6.8319,27.239,243.21,116.96
32,19,5.8154,29.067,275.07,131.39
32,19,5.4902,27.847,249.81,117.49
32,19,6.9568,28.551,265.55,127.38
32,19,4.4099,29.087,285.51,142.56
32,19,5.2944,27.845,250.51,118.86
32,19,6.2309,28.346,265.05,127.52
32,19,6.9077,28.305,266.44,129.8
32,19,4.3865,29.549,288.94,141.45
32,19,7.3943,27.683,252.4,122.55
32,19,7.7429,29.035,270.68,127.86
32,19,5.3265,26.523,236.03,115.88
32,19,6.9766,28.931,272.89,131.48
32,19,5.1637,27.818,259.3,128.46
32,19,4.5698,28.565,271.68,133.04
32,19,6.4754,28.56,268.39,130.67
32,19,6.3346,27.48,254.56,127.31
32,19,5.8312,27.83,258.22,127.01
32,19,4.1991,27.971,250.91,120.73
32,19,6.3542,27.497,243.5,116.11
32,19,5.4082,29.196,289.08,144.68
32,19,4.7194,27.913,263.18,130.58
32,19,5.7805,28.835,279.34,137.11
32,19,7.7068,27.875,252.2,120.89
32,19,5.3987,27.647,246.43,117.49
32,19,3.8834,27.65,262.02,131.21
32,19,5.1723,27.861,251.97,122.05
32,19,5.4759,28.364,271.21,133.24
32,19,5.9423,28.807,271.58,129.64
32,19,6.061,28.976,276.24,131.23
32,19,7.1407,27.93,263.07,129.43
32,19,6.6213,27.282,235.98,108.74
32,19,5.0531,28.072,260.39,126.84
32,19,4.7882,28.256,275.6,139.12
32,19,5.701,29.655,287.98,141.63
32,19,6.1601,27.202,247.92,122.96
32,19,6.0636,28.101,257.01,124.13
32,19,5.7095,27.921,257.32,124.94
32,19,8.351,27.788,247.86,117.81
32,19,6.2827,28.419,270.61,135.93
32,19,5.6452,27.24,234.85,109.3
32,19,6.5603,27.656,256.13,126.4
32,19,5.4785,27.349,234.34,108.69
32,19,6.0276,28.364,265.39,130.1
32,19,5.9233,29.003,275.91,131.17
32,19,6.0996,27.988,257.93,126.75
32,19,6.076,29.043,274.4,133.7
32,19,5.9553,27.898,261.89,128.78
32,19,5.4258,29.435,285.68,140.1
32,19,5.5455,28.777,269.74,130.75
32,19,5.8707,27.07,241.52,116.66
32,19,4.9069,28.555,267.23,126.91
32,19,4.4571,27.717,257.42,127.49
32,19,6.0332,27.788,240.47,110.53
32,19,7.8467,27.365,241.58,116.41
32,19,4.9671,27.794,247.36,115.39
32,19,7.2173,28.138,260.64,126.73
32,19,5.5016,27.383,246.4,119.45
32,19,6.2671,27.4,246.21,119.09
32,19,5.8351,27.378,236.04,110.63
32,19,7.3302,28.59,280.61,139.84
32,19,5.2274,27.886,252.35,120.19
32,19,4.5632,28.709,271.68,131.53
32,19,4.6298,29.03,286.3,143.57
32,19,6.4873,29.745,290.57,140.31
32,19,5.065,28.697,262.08,123.76
32,19,6.3,28.681,273.5,134.17
32,19,6.0609,28.742,275.62,137.05
32,19,6.3054,27.905,255.97,125.23
32,19,5.7705,27.889,259.08,126.31
32,19,5.9405,27.488,249.75,120.5
32,19,5.8762,28.591,259.97,122.18
32,19,8.4411,28.371,265.02,129.84
32,19,8.8431,28.302,260.83,125.29
32,19,5.51,27.507,241.35,114.67
32,19,5.4591,29.258,287.77,143.19
32,19,5.5595,27.626,241.6,114.68
32,19,5.9161,27.904,257.65,125.02
32,19,6.3432,26.501,235.24,113.58
32,19,5.1895,28.529,273.4,136.44
32,19,5.3135,27.641,249.98,118.55
32,19,6.2395,28.666,269.53,130.55
32,19,5.1144,28.007,268.82,133.27
32,19,5.5836,26.607,225.27,105.71
32,19,5.2998,27.684,256.57,127.24
32,19,6.0321,29.036,275.2,133.48
32,19,5.9221,28.631,267.96,132.16
32,19,5.4374,27.356,233.98,107.29
32,19,5.3439,28.629,270.8,130.82
32,19,5.3149,27.841,264.56,134.21
32,19,5.1588,28.319,255.12,120.21
32,19,5.5407,28.411,261.9,127.32
32,19,5.4201,28.402,256.6,121.02
32,19,4.7369,28.872,273.16,132.01
32,19,5.1837,27.954,261.66,129.76
32,19,5.828,29.542,276.99,129.27
32,19,5.4349,28.405,260.64,125.46
32,19,7.6896,27.485,248.46,120.6
32,19,5.6737,28.912,280.37,139.67
32,19,5.6574,27.544,249.86,120.17
32,19,7.4151,27.391,245.38,119.68
32,19,5.3293,28.244,264.65,128.05
32,19,5.3852,29.674,288.42,140.2
32,19,4.7882,28.326,263.7,128.47
32,19,5.7375,28.421,268.6,133.05
32,19,5.5145,28.652,267.25,129.12
32,19,6.8925,28.521,262.25,123.4
32,19,5.7361,27.549,247.61,118.43
32,19,6.7051,28.084,262.18,128.08
32,19,5.2675,27.664,250.68,120.44
32,19,5.2119,28.355,264.54,129.37
32,19,5.6955,28.339,263.53,125.22
32,19,6.9216,29.002,282.12,140.9
32,19,5.4587,27.42,243.8,116.52
32,19,5.5461,28.165,264.47,130.63
32,19,3.9613,28.355,257.13,121.99
32,19,4.8425,26.881,234.11,110.48
32,19,5.7335,28.072,254.04,121.33
32,19,7.3589,27.762,252.88,121.94
32,19,8.7885,27.314,247.18,120.58
32,19,5.2417,28.234,259.27,121.99
32,19,4.4637,28.623,281.68,141.22
32,19,4.8936,27.592,250.64,122.66
32,19,5.0711,28.435,268.7,130.34
32,19,6.6611,28.385,260.45,122.8
32,19,7.8853,29.016,271.94,129.53
32,19,6.1164,27.569,256.81,126.15
32,19,6.7531,27.156,242.51,117.67
32,19,5.0144,28.737,275.17,135.11
32,19,5.3793,27.335,253.5,126.26
32,19,5.2951,28.83,266.5,126.63
32,19,5.4088,27.494,254.76,126.93
32,19,5.0715,27.796,252.66,121.47
32,19,4.8418,27.726,253.88,124.86
32,19,5.9378,28.129,261.75,127.82
32,19,6.0439,27.557,239.82,110.33
32,19,6.4031,29.14,284.2,139.66
32,19,5.6617,28.272,266.34,131.45
32,19,5.7878,28.586,269.58,130.47
32,19,6.1728,28.752,269.27,130.79
32,19,5.164,28.929,271.65,130.39
32,19,5.5518,27.765,260.75,127.74
32,19,6.543,28.877,269.53,127.95
32,19,6.8579,27.928,250.03,117.74
32,19,6.6046,28.929,274.81,133.27
32,19,5.1469,29.204,279.82,136.18
32,19,6.5048,29.108,279.35,136.41
32,19,6.1969,29.291,287.61,140.8
32,19,5.7285,28.774,278.82,138.78
32,19,9.0585,28.01,261.13,126.95
32,19,6.8383,27.897,269.71,138.23
32,19,6.734,27.385,240.02,114.13
32,19,5.2844,27.467,243.93,117.42
32,19,6.7168,27.337,252.49,125.64
32,19,5.5405,29.555,284.81,139.4
32,19,5.6988,28.682,258.85,120.88
32,19,8.0735,28.367,274.33,137.84
32,19,6.063,28.983,278.96,136.21
32,19,4.8484,28.38,261.96,125.69
32,19,4.9065,26.595,235.68,113.71
32,19,6.3238,28.587,270.96,134.34
32,19,6.5642,29.239,273.83,128.58
32,19,5.5574,27.654,242.79,112.05
32,19,6.9798,28.322,266.59,129.44
32,19,4.8712,27.22,256.56,129.42
32,19,5.594,27.796,248.53,117.32
32,19,5.5457,28.545,271.96,131.69
32,19,5.4523,27.905,261.6,126.91
32,19,6.517,27.348,242.27,114.23
32,19,5.4731,27.826,254.22,123.43
32,19,5.6385,27.609,251.41,121.23
32,19,4.4939,27.562,249.47,121.27
32,19,5.9925,27.546,249.33,120.49
32,19,5.9976,28.092,261.6,126.16
32,19,8.2405,28.099,257.92,122.94
32,19,4.9953,26.821,233.32,112.08
32,19,5.1392,28.441,271.18,133.22
32,19,8.1506,28.476,272.41,136.53
32,19,5.7989,28.321,261.45,125.98
32,19,6.0856,27.531,250.08,121.37
32,19,4.7573,28.381,261.37,125.63
32,19,6.3489,28.792,268.83,129.05
32,19,5.9143,28.066,257.68,124.39
32,19,5.3643,28.95,276.32,137.4
32,19,4.7646,29.003,278.31,136.27
32,19,5.9995,28.117,259.97,126.22
32,19,5.5052,27.42,247.53,121.27
32,19,5.3181,27.738,239.54,111.35
32,19,4.7762,28.175,263.74,130.24
32,19,5.4109,28.669,264.02,125.15
32,19,4.9229,27.739,252.22,122.39
32,19,4.5408,28.554,272.15,133.55
32,19,4.7016,27.737,256.92,126.52
32,19,4.7625,29.486,285.53,136.46
32,19,4.7519,28.246,262.85,127.54
32,19,5.8864,27.748,244.86,116.03
32,19,6.1279,29.388,286.57,137.81
32,19,6.5305,27.738,259.36,128.26
32,19,6.047,28.905,270.46,131.19
32,19,6.8444,28.116,253.06,120.14
32,19,4.4644,27.504,256.15,127.43
32,19,5.3545,28.116,263.2,128.8
32,19,7.3051,28.868,277.04,137.13
32,19,5.2358,28.71,276.53,137.57
32,19,5.6339,28.311,269.38,133.53
32,19,5.973,27.797,249.57,117.81
32,19,5.8122,28.275,261.22,126.94
32,19,4.8262,27.835,250.58,119.62
32,19,5.1361,29.818,282.41,132.15
32,19,5.9164,28.203,253.22,118.47
32,19,4.8358,27.683,258.65,129.57
32,19,8.6091,27.922,261,127.38
32,19,5.2372,28.304,263.81,127.66
32,19,4.5401,27.684,257.12,126.37
32,19,6.6232,27.764,251.49,120.62
32,19,7.5325,27.746,249.66,117.84
32,19,4.7099,27.622,247.47,117.83
32,19,6.0932,28.119,248.86,114.96
32,19,5.2858,28.348,263.23,127.29
32,19,6.4941,27.969,265.38,129.83
32,19,8.2112,28.425,261.74,127.19
32,19,8.7789,27.592,248.65,122.4
32,19,5.2791,28.165,258.76,123.87
32,19,4.9465,28.072,254.85,118.42
32,19,6.4687,27.586,239.7,111.37
32,19,5.5518,27.759,251.28,120.56
32,19,5.6664,28.673,270.58,130.89
32,19,4.9013,27.428,244.98,117.59
32,19,4.3952,28.142,249.59,115.56
32,19,5.3295,27.527,250.12,121.33
32,19,5.0185,28.694,280.99,138.6
32,19,7.0135,28.77,271.43,132.08
32,19,5.594,27.862,260.5,127.75
32,19,5.536,27.435,246.79,120.46
32,19,4.7736,28.922,270.58,128.55
32,19,4.9452,27.767,257.74,127.45
32,19,5.3209,27.669,241.11,111.1
32,19,7.7373,28.127,261.64,128.17
32,19,5.041,29.268,288.62,143
32,19,6.9428,30.279,312.2,156.28
32,19,6.0127,27.072,243.91,118.64
32,19,5.5231,28.802,266.01,126.28
32,19,5.6207,27.836,262.05,128.68
32,19,7.3264,27.439,245.01,117.23
32,19,8.7908,27.404,241.77,115.28
32,19,5.4357,28.144,247.85,114.6
32,19,5.1761,27.714,249.23,119.96
32,19,6.9123,28.608,266.8,128.44
32,19,5.774,28.265,262.67,127.65
32,19,5.2068,28.611,262.04,124.42
32,19,5.9193,28.887,272.04,131.17
32,19,4.9289,28.498,268.46,132.32
32,19,4.768,28.214,269.14,132.84
32,19,5.5241,27.425,241.31,115.04
32,19,4.8109,27.731,256.67,125.63
32,19,4.8612,27.545,251.12,122.47
32,19,5.4836,28.391,258.94,125.33
32,19,7.2062,28.68,268.39,128.34
32,19,7.2827,28.343,260.26,123.47
32,19,4.9314,27.527,242.89,113.13
32,19,6.4518,29.001,279.21,134.69
32,19,5.4476,27.735,251.84,121.62
32,19,6.7778,27.851,259.75,126.89
32,19,6.9696,27.37,237.64,110.62
32,19,5.0295,28.762,281.07,140.94
32,19,6.3079,28.847,269.92,128.4
32,19,8.9145,28.114,248.58,117.57
32,20,6.6108,28.343,269.74,132.72
32,20,5.6032,28.02,246.41,113.35
32,20,6.154,28.991,276.16,131.85
32,20,5.0552,28.192,266.23,129.36
32,20,5.8931,26.99,242.7,117.54
32,20,5.6185,27.664,251.66,121.45
32,20,5.2472,28.47,261.66,125.72
32,20,6.1109,28.128,259.87,127.16
32,20,5.5148,28.295,271.54,136.72
32,20,6.9049,28.931,276.49,134.39
32,20,7.1659,27.93,259.07,127.56
32,20,5.8128,28.736,273.79,133.9
32,20,6.3434,28.55,261.27,123.18
32,20,5.9021,28.505,268.42,130.82
32,20,6.3435,29.588,291.06,143.43
32,20,5.1161,28.625,276.14,134.93
32,20,5.9246,28.174,268.25,131.97
32,20,8.7619,29.438,282.62,136.67
32,20,4.3934,28.072,258.72,123.35
32,20,4.9589,27.936,258.5,124.8
32,20,5.5076,28.34,263.5,125.37
32,20,5.5684,28.599,265.79,125.72
32,20,5.0182,28.846,270.99,130.97
32,20,5.9719,28.396,266.42,130.61
32,20,5.7864,27.509,250.44,122.86
32,20,5.9928,29.477,279.02,131.18
32,20,6.154,28.426,269.75,131.34
32,20,6.9238,27.587,249.22,119.62
32,20,5.8071,28.596,275.65,135.79
32,20,6.2796,27.161,241.68,115.1
32,20,6.0582,28.03,253.84,120.53
32,20,6.995,28.635,266.65,126.69
32,20,5.3327,28.89,266.22,126.7
32,20,5.3707,28.101,259.87,126.53
32,20,6.0605,27.667,264.74,135.23
32,20,7.3007,28.648,276.91,136.94
32,20,6.6144,28.845,276.85,136.88
32,20,6.1469,28.435,269.5,132.85
32,20,5.153,28.504,275.4,137.04
32,20,6.9277,28.005,256.66,125.97
32,20,5.5769,27.978,254.66,121.79
32,20,6.5897,27.929,256.84,125.96
32,20,6.1504,27.553,250.73,123.03
32,20,7.1269,28.911,276.45,136.16
32,20,6.0404,27.496,247.95,117.58
32,20,5.1861,28.333,252.69,116.15
32,20,7.1656,28.708,279.93,141.95
32,20,5.5043,29.668,292.53,143.67
32,20,5.7415,28.488,258.7,123.08
32,20,5.3683,27.19,245.8,119.73
32,20,5.7786,29.421,285.78,139.95
32,20,6.3576,28.488,274.24,136.91
32,20,6.0377,27.807,252.66,121.69
32,20,5.5744,27.856,255.85,124.4
32,20,5.7196,28.424,258.13,123.79
32,20,6.1026,27.67,243.13,109.89
32,20,7.3982,28.822,271.21,130.66
32,20,5.6342,28.236,267.32,133.84
32,20,6.4384,28.074,259.33,122.72
32,20,7.6809,29.319,275.86,133.05
32,20,5.8166,27.871,252.04,121.06
32,20,5.4188,27.389,245.01,117.99
32,20,6.2384,28.416,277.87,141.5
32,20,5.0651,28.463,266.93,130.96
32,20,5.6873,28.205,265.58,128.81
32,20,6.1298,29.265,282.22,137.49
32,20,5.1126,28.275,257.63,122.36
32,20,4.8785,28.847,267.1,126.99
32,20,8.0213,28.411,274.15,136.01
32,20,6.0815,28.544,278.66,140.03
32,20,6.1316,28.687,268.37,127.26
32,20,5.6913,30.06,297.06,145.18
32,20,6.1819,28.048,264.34,131.51
32,20,6.6624,27.562,249.26,118.54
32,20,4.6833,28.426,265.35,126.28
32,20,6.4348,28.866,269.89,127.44
32,20,6.6695,27.851,253.09,122.04
32,20,7.2576,29.113,270.55,129.15
32,20,5.9929,28.021,260.29,127.7
32,20,6.9576,27.667,245.42,115.23
32,20,6.2685,29.317,289.18,143.67
32,20,5.8236,29.582,282.11,133.41
32,20,5.2006,27.36,247.02,120.35
32,20,9.1208,27.978,258.44,125.35
32,20,6.0678,28.294,261.99,126.37
32,20,7.1217,28.243,261.62,126.62
32,20,4.5759,28.23,263.81,127.81
32,20,6.9817,27.498,252.82,124.75
32,20,5.4182,28.068,254.69,119.81
32,20,6.3388,28.957,273.1,131.65
32,20,5.546,27.14,253.54,128.07
32,20,5.8241,28.904,267.72,126.05
32,20,7.1949,28.171,258.01,125.98
32,20,5.7767,29.366,284.11,137.72
32,20,7.3703,27.975,261.88,129.85
32,20,5.3896,27.774,246.56,116.4
32,20,5.6754,28.529,269.94,131.96
32,20,5.4234,27.5,249.2,119.16
32,20,5.8779,28.663,270.35,129.75
32,20,6.1191,28.515,267.22,129.58
32,20,9.4618,27.386,249.37,118.72
32,20,5.851,27.678,256.12,125.4
32,20,4.9959,29.015,279.08,138.1
32,20,5.8192,29.117,277.82,132.68
32,20,9.8585,28.513,261.56,121.89
32,20,5.1322,29.136,283.52,141.33
32,20,6.6144,29.062,272.16,129.68
32,20,5.217,29.653,288.18,139.57
32,20,5.8966,29.52,277.91,131.61
32,20,5.0555,30.309,310.9,155.64
32,20,4.7782,28.743,278.41,138.12
32,20,5.663,28.689,272.56,130.87
32,20,5.7689,28.964,281.17,137.87
32,20,5.5831,28.415,271.47,136.24
32,20,4.7122,27.874,250.45,118.55
32,20,6.2873,28.392,271.71,134.35
32,20,5.7391,28.189,260.13,127.2
32,20,5.4589,27.735,255.66,125.98
32,20,5.4679,28.321,253.35,118.88
32,20,5.3689,28.528,257.02,120.13
32,20,6.4959,28.286,267.09,129.42
32,20,7.2671,28.791,271.61,132.38
32,20,5.132,28.455,263.94,127.13
32,20,6.8506,28.685,274.05,136.76
32,20,5.2086,29.151,292.43,148.25
32,20,5.5885,28.681,260.89,121.05
32,20,4.6472,28.052,257.52,124.41
32,20,6.1564,29.283,289.12,143.8
32,20,6.2351,28.294,265.72,129.41
32,20,5.3864,28.294,275.04,138.89
32,20,4.7046,27.538,241.19,110.47
32,20,4.8912,28.387,255.02,118.69
32,20,5.2792,28.78,272.14,132.46
32,20,5.2485,27.458,249.76,121.41
32,20,6.0116,28.794,264.42,123.72
32,20,6.1169,27.12,241.02,117.94
32,20,5.2,28.188,257.15,122.72
32,20,6.2011,28.488,264.76,126.8
32,20,6.395,30.37,301.82,147.39
32,20,6.5212,28.368,259.45,121.25
32,20,4.9403,28.701,269.35,131.65
32,20,6.6931,27.732,258.76,129.26
32,20,5.9659,28.449,275.06,136.78
32,20,5.601,28.458,267.13,127.27
32,20,5.064,28.534,269.99,131.78
32,20,4.4185,28.716,267.28,128.43
32,20,5.2102,28.931,273.91,133.73
32,20,6.5833,28.184,266.24,131.95
32,20,5.1811,28.721,268.63,129.33
32,20,6.6335,28.347,261.62,125.64
32,20,5.1081,27.61,263.6,134.64
32,20,6.2734,29.146,270.75,128.41
32,20,5.7453,28.681,273.54,133.01
32,20,5.9658,30.057,290.23,139.55
32,20,6.8671,27.036,242.5,118.02
32,20,5.3154,27.722,251.7,121.29
32,20,5.1375,29.018,287.84,146.56
32,20,6.4952,27.834,247.46,117.76
32,20,5.7702,26.974,235.34,113.96
32,20,9.4756,29.14,280.95,138.58
32,20,5.1407,27.72,253.54,121.15
32,20,6.4578,27.82,253.34,123.18
32,20,6.5951,27.536,249.37,120.61
32,20,6.073,27.661,244.74,113.95
32,20,6.0464,27.287,246.61,120.88
32,20,5.3653,28.448,269.03,131.1
32,20,5.8397,28.426,259.02,122.81
32,20,7.068,28.155,261.97,127.16
32,20,6.1281,28.47,269.18,131.35
32,20,5.8136,28.931,279.71,138.23
32,20,6.9287,28.177,258.85,123.45
32,20,7.1773,29.161,273.75,130.86
32,20,4.6343,28.312,264.02,129.7
32,20,5.6753,28.464,266.9,129.54
32,20,6.8526,28.03,265.65,132.2
32,20,8.5329,28.342,265.18,128.44
32,20,5.1065,28.242,262.54,128.4
32,20,5.7461,28.023,254.86,121.24
32,20,5.6279,29.384,285.26,139.72
32,20,5.4719,28.738,269.18,129.88
32,20,4.8626,27.887,251.21,120.93
32,20,5.4179,28.335,265.44,129.09
32,20,4.7441,28.629,271.97,133.72
32,20,5.9851,28.074,246.37,113.74
32,20,5.3588,27.324,256.03,131.07
32,20,4.3848,28.244,265.92,130.88
32,20,5.6439,28.773,273.65,132.82
32,20,4.4348,27.862,249.42,118.26
32,20,6.952,27.784,247.98,117.38
32,20,6.186,28.201,261.86,126.98
32,20,6.8101,28.596,262.41,123.68
32,20,5.4202,28.428,262.9,127.94
32,20,5.9827,28.353,263.96,127.71
32,20,5.6087,28.346,255.88,120.46
32,20,4.8407,27.731,258.93,130.02
32,20,6.4786,28.872,279.73,140.21
32,20,6.707,28.555,271.31,131.78
32,20,6.165,27.378,251.6,124.62
32,20,4.9376,30.094,298.26,143.93
32,20,5.6583,27.756,259.72,130.1
32,20,5.8874,28.748,277.77,135.5
32,20,6.2464,28.517,257.01,119.31
32,20,4.2986,28.66,278.1,138.87
32,20,5.8305,27.081,235.82,111.74
32,20,6.5246,29.668,292.7,144.38
32,20,5.5252,28.544,268.52,130.05
32,20,4.9819,28.219,250.91,119.62
32,20,4.9337,28.427,274.69,136.49
32,20,5.0977,27.739,256.87,125.01
32,20,4.6061,27.57,250.62,121.04
32,20,5.2448,29.178,282.67,138.5
32,20,5.7527,28.836,274.86,134.57
32,20,5.668,29.112,269,125.41
32,20,5.5409,28.297,271.02,135.12
32,20,6.1322,29.861,287.15,135.54
32,20,6.504,27.201,244.42,120.24
32,20,4.9788,28.788,271.48,131.54
32,20,7.2909,28.447,267.49,131.62
32,20,5.3188,29.021,275.44,132.5
32,20,5.4287,28.378,266.24,130.53
32,20,6.8435,27.433,242.82,115.71
32,20,5.4165,28.077,249.62,115.19
32,20,4.7789,27.753,253.01,122.56
32,20,5.4715,28.247,257.31,122.16
32,20,5.2709,28.997,273.54,132.72
32,20,5.3356,27.549,251.87,122.25
32,20,8.4621,27.812,256.89,125.6
32,20,5.5834,27.716,240.66,111.34
32,20,4.4606,27.595,263.42,133.97
32,20,4.593,27.429,255.13,127.1
32,20,5.6821,28.142,255.67,121.45
32,20,5.5069,28.75,269.16,127.78
32,20,5.5617,28.017,255.43,122.43
32,20,5.4697,26.968,238.44,115.3
32,20,6.2402,28.581,271.2,133.31
32,20,7.571,27.906,250.13,119.6
32,20,6.3939,27.99,255.33,124.69
32,20,6.7922,28.868,284.27,141.36
32,20,4.7023,28.679,258.83,119.41
32,20,5.0309,28.256,263.3,127.56
32,20,6.1611,28.425,271.23,135.16
32,20,5.0027,28.407,273.64,137.78
32,20,6.3556,27.557,245.06,115.24
32,20,5.8437,28.73,270.79,131.25
32,20,5.1838,29.29,282.21,132.69
32,20,5.2688,27.882,257.04,124.84
32,20,8.5434,28.38,262.7,126.17
32,20,5.2359,28.421,268.5,133.54
32,20,6.8805,27.608,255.73,127.64
32,20,7.573,27.409,244.58,118.54
32,20,6.7295,28.035,261.72,127.8
32,20,5.71,28.25,270.34,134.16
32,20,5.6723,28.526,272.59,134.18
32,20,5.2018,28.558,266.17,129.84
32,20,5.0858,27.687,252.04,121.58
32,20,5.5728,28.548,275.14,135.6
32,20,5.7364,29.022,286.21,143.21
32,20,5.0107,27.882,256.26,123.92
32,20,4.7106,27.345,245.89,118.28
32,20,8.7388,28.105,269.69,134.96
32,20,7.5276,29.345,283.43,138.09
32,20,4.8853,28.147,252.26,118.44
32,20,6.3577,27.882,262.43,129.67
32,20,5.9732,28.106,255.84,121.05
32,20,5.9094,27.873,258.48,126.96
32,20,5.466,28.344,271.28,135.09
32,20,4.7121,28.733,266.76,128.97
32,20,5.7451,28.134,256.3,122.84
32,20,5.1651,29.118,282.09,137.28
32,20,6.5849,27.55,260.94,130.59
32,20,5.7312,27.656,256.17,124.88
32,20,7.7015,28.452,265.7,129.64
32,20,6.0872,28.076,266.02,130.81
32,20,5.0804,27.675,253.35,123.55
32,20,6.089,29.243,286.78,139.79
32,20,5.3804,27.868,261.73,129.06
32,20,8.3903,28.498,269.13,132.88
32,20,6.2761,27.839,252.85,122.43
32,20,7.7939,29.39,287.2,140.89
32,20,5.0242,27.366,247.39,121.21
32,20,6.6121,27.882,249.25,116.9
32,20,7.0501,26.897,234.77,110.75
32,20,4.5036,29.905,294.44,142.08
32,20,5.2838,29.082,277.51,134.28
32,20,6.6581,28.601,276.49,138.4
32,20,5.8306,28.36,258.61,123.06
32,20,6.0181,28.551,270.61,130.86
32,20,6.2748,28.523,250.05,115.31
32,20,7.918,28.487,267.41,127.37
32,20,6.2014,27.617,249.71,120.5
32,20,5.1233,28.664,254.26,117.39
32,20,5.6422,27.998,256.25,122.3
32,20,8.1125,28.217,257.71,121.91
32,20,5.3978,28.461,272.64,135.57
32,20,4.7474,28.895,280.19,138.97
32,20,8.2275,27.628,245.13,114.91
32,20,5.9708,28.253,264.06,130.86
32,20,5.0712,29.104,282.79,138.56
32,20,5.7492,29.336,288.82,143.97
32,20,7.2719,27.116,235.29,110.96
32,20,5.3882,27.995,259.88,128.28
32,20,6.0293,28.353,278.61,141.27
32,20,6.5308,28.449,266.06,130.79
32,20,6.2854,28.432,261.24,123.83
32,20,4.2731,27.977,269.61,135.94
32,20,4.9568,29.584,294.15,145.43
32,20,6.0985,27.895,254.82,123.5
32,20,6.0117,28.853,273.97,134.09
32,20,6.739,29.129,276.9,133.29
32,20,5.6515,28.545,267.87,130.7
32,20,5.9712,28.394,264.84,126.93
32,20,5.9535,28.732,258.69,117.69
32,20,4.7114,28.011,253.44,119.78
32,20,5.2944,28.304,257.55,121.75
32,20,10.193,27.994,256.83,124.6
32,20,6.229,28.381,273.67,136.71
32,20,5.5329,27.113,241.53,117.24
32,20,5.1492,29.461,276.42,129.55
32,20,7.9905,28.143,266.98,132.16
32,20,5.9804,29.312,270.93,126.1
32,20,4.8669,28.152,256.79,122.18
32,20,5.6693,27.448,251.28,123.67
32,20,5.9206,28.518,268.8,132.01
32,20,6.0466,27.97,260.1,127.71
32,20,7.6648,27.757,245.25,117.08
32,20,4.5773,29.181,277.12,132.55
32,20,7.596,28.878,273.48,132.46
32,20,5.6517,28.119,257.56,122.94
32,20,5.2038,29.024,276.84,135.56
32,20,5.9202,28.354,276.15,137.93
32,20,5.358,28.619,270.75,132.02
32,20,4.7079,27.334,241.25,114.92
32,20,6.8586,28.785,259.47,120.02
32,20,6.6537,28.397,265.69,128.9
32,20,5.5782,28.07,257.09,122.78
32,20,6.2617,28.383,271.91,134.83
32,20,6.2039,28.136,274.79,137.75
32,20,6.8148,28.069,255.44,121.29
32,20,5.4364,28.308,256.94,121.38
32,20,5.547,28.236,262.71,126.17
32,20,4.884,28.254,247.06,112.31
32,20,6.4377,28.469,258.13,118.65
32,20,4.858,28.126,256.52,123.24
32,20,5.0713,28.778,276.06,136.5
32,20,4.7061,28.327,273.01,135.94
32,20,5.8943,27.99,250.97,119.39
32,20,5.4286,28.81,272.8,132.47
32,20,6.8829,28.29,268.32,131.8
32,20,6.1937,28.221,268.41,131.26
32,20,5.9063,27.631,245.17,113.65
32,20,7.5424,27.882,257.18,127.34
32,20,4.5592,27.869,252.56,119.57
32,20,6.3886,28.426,275.84,136.77
32,20,6.4042,29.139,277.92,136.35
32,20,5.4814,27.44,247.64,119.5
32,20,5.5941,28.191,262.8,129.36
32,20,7.3129,28.802,265.98,127.83
32,20,6.1915,26.956,235.08,112.87
32,20,6.1134,28.676,276.78,139.29
32,20,5.2064,28.245,258.61,123.93
32,20,5.4914,28.181,266.11,131.56
32,20,7.7477,28.663,276.96,137.48
32,20,5.6492,27.143,246.85,121.84
32,20,5.7418,28.173,257.04,123.62
32,20,4.5418,29.96,300.56,149.34
32,20,5.1001,28.363,266.2,130.38
32,20,5.8851,28.447,264.63,128.9
32,20,6.5991,28.875,273.53,129.91
32,20,5.9411,28.303,256.95,119.3
32,20,4.9328,29.133,279.18,135.81
32,20,7.3875,29.292,283.97,138.1
32,20,6.447,29.355,289.04,143.19
32,20,5.2174,28.231,264.52,130.82
32,20,6.2229,27.125,247,121.81
32,20,5.9535,28.79,281.37,140.89
32,20,5.517,27.497,254.13,124.58
32,20,4.8624,28.489,265.16,126.72
32,20,4.9142,28.905,277.55,135.8
32,20,5.2654,27.987,269,134.8
32,20,5.3131,29.692,298.27,148.81
32,20,6.0407,27.629,253.32,123.55
32,20,5.8953,28.138,261.15,127.19
32,20,6.4656,28.103,260.23,126.27
32,20,5.709,28.012,265.23,131.15
32,20,5.0468,28.747,273.45,131.85
32,20,4.974,27.619,250.09,121.13
32,20,4.7867,29.923,300.29,148.08
32,20,6.5211,27.7,253.19,124.75
32,20,5.4578,28.233,266.3,130.63
32,20,4.5211,28.535,270.43,134.04
32,20,5.8123,27.687,253.02,122
32,20,6.2713,28.691,273.22,134.71
32,20,5.7579,28.101,260.83,126.83
32,20,7.4041,28.481,265.07,127.28
32,20,5.5212,29.157,280.18,136.33
32,20,5.0434,27.757,262.56,131.32
32,20,5.885,28.053,254.3,123.08
32,20,5.9515,28.687,265.84,128.96
32,20,6.4329,27.935,248.14,117.05
32,20,6.2288,27.607,250.01,120.36
32,20,7.0262,29.934,291.33,141.95
32,20,6.2056,27.091,235.69,111.36
32,20,8.4283,27.918,259.84,127.89
32,20,4.6084,28.129,250.63,117.84
32,20,6.4304,28.648,259.07,118.55
32,20,6.9692,28.374,270.25,132.32
32,20,6.463,28.772,264.11,126.26
32,20,5.2152,29.558,298.18,151.26
32,20,6.5394,29.24,277.67,134.25
32,20,5.2058,28.745,275.5,136.87
32,20,5.4807,28.468,262.86,126.57
32,20,6.2743,28.797,274.04,134.03
32,20,6.1098,27.738,251.89,121.12
32,20,6.4398,27.724,257.48,124.53
32,20,5.04,28.338,261.78,125.43
32,20,7.3021,28.28,262.97,128.08
32,20,6.4713,28.089,269.02,137.18
32,20,5.8714,29.405,285.41,138.94
32,20,6.7164,27.985,250.86,118.05
32,20,7.7347,27.39,249.68,122.8
32,20,4.7568,27.523,244.37,115.6
32,20,4.8012,27.92,252.81,120.83
32,20,7.582,29.658,292.43,144.63
32,20,4.8434,28.886,275.36,132.15
32,20,5.1874,28.159,268.15,133.09
32,20,7.3531,28.447,263.17,125.99
32,20,5.4108,28.358,268.91,134.89
32,20,5.5525,28.652,280.25,140.13
32,20,6.7829,27.32,253.74,126.23
32,20,5.7848,29.348,284.09,138.65
32,20,5.3556,28.93,271.75,131.53
32,20,5.9926,27.792,255.15,124.62
32,20,6.0969,28.184,255.88,121.73
32,20,7.5124,28.055,265.36,131.25
32,20,5.7544,28.092,262.14,128.02
32,20,5.3108,28.172,259.66,125.47
32,20,6.2781,29.024,276.1,131.08
32,20,6.1138,28.689,275.54,138.44
32,20,7.8152,26.946,240.82,118.65
32,20,6.4689,28.366,275.09,140.09
32,20,4.4293,27.581,249.93,120.15
32,20,7.0107,28.572,266.1,128.7
32,20,7.5303,28.624,278.96,141.15
32,20,4.7086,26.768,243.66,120.25
32,20,8.8534,28.615,265.29,125.83
32,20,5.1217,28.492,266.83,130.27
32,20,6.626,28.47,260.64,124.3
32,20,5.4749,28.912,263.94,124.43
32,20,4.8841,27.253,244.57,119.25
32,20,6.1564,28.084,263.64,130.81
32,20,5.2361,28.973,274.91,132.01
32,20,6.8254,27.713,248.59,120.69
32,20,5.3055,29.174,281.76,137.65
32,20,7.1827,28.123,267.36,134.52
32,20,7.0123,28.473,266.74,131.9
32,20,5.5607,28.311,265.04,127.33
32,20,6.9303,27.143,243.35,117.93
32,20,5.3361,29.142,280.95,134.15
32,20,4.662,28.251,258.16,122.25
32,20,6.0676,28.975,275,134.91
32,20,4.6937,27.677,254.1,125.08
32,20,6.1773,27.527,250.55,123.8
32,20,5.2846,28.335,270.27,128.86
32,20,4.9646,28.127,259.57,125.67
32,20,5.2207,28.721,273.16,134.04
32,20,6.694,28.765,264.54,125.08
32,20,5.5368,29.486,279.92,134.9
32,20,6.907,28.317,264.4,127.9
32,20,9.9475,28.795,266.94,125.99
32,20,4.6477,28.577,273.37,135.15
32,20,5.353,28.888,268.48,126.53
32,20,4.4686,28.233,265.3,129.84
32,20,5.1583,27.012,232.95,107.38
32,20,6.1873,28.575,268.97,130.18
32,20,6.4662,28.177,263.01,127.5
32,20,7.3449,27.798,243.31,109.94
32,20,5.601,27.368,245.35,117.62
32,20,6.4771,28.32,263.5,128.31
32,20,4.6104,28.7,269.93,130.17
32,20,7.2363,27.659,244.52,114.24
32,20,7.3414,27.721,253.16,122.34
32,20,4.5998,28.476,273.04,135.9
32,20,4.3507,28.329,260.36,121.07
32,20,5.0126,28.036,258.99,125.87
32,20,4.2889,27.193,254.08,127.97
32,20,5.4301,27.975,253.24,121.11
32,20,5.1366,27.541,256.8,128.16
32,20,5.9103,28.66,270.72,132.89
32,20,6.2746,27.152,234.6,109.1
32,20,5.286,28.539,256.13,118.5
32,20,5.6884,29.245,289.23,144.59
32,20,5.0637,28.764,275.01,134.23
32,20,6.1396,28.164,264.32,129.67
32,20,7.2544,29.371,292.21,144.62
32,20,5.2286,28.351,262.37,126.61
32,20,4.6899,27.534,248.32,119.78
32,20,6.241,28.753,278.06,138.2
32,20,6.1061,28.471,272.07,134.71
32,20,5.5272,27.927,255.46,122.75
32,20,7.8502,28.538,265.62,127.91
32,20,5.4561,28.017,265.9,132.51
32,20,5.0415,27.294,250.48,124.56
32,20,5.8206,28.594,272.31,133.6
32,20,7.36,28.568,275.71,138
32,20,5.4788,27.462,246.24,117.22
32,20,8.975,28.854,264.4,125.27
32,20,5.006,28.742,272.6,131.74
32,20,6.8132,29.213,280.28,136.05
32,20,8.1518,27.766,263.55,132.5
32,20,7.658,28.872,274.05,133.03
32,20,5.6114,28.149,263.21,128.76
32,20,7.0763,28.102,246.57,112.38
32,20,5.3458,27.87,245.8,114.12
32,20,6.3466,28.413,267.57,131.75
32,20,4.7523,27.431,257.26,129.62
32,20,5.3992,28.1,253,119.13
32,20,6.5922,28.057,248.31,118.64
32,20,5.4377,27.67,249.78,120.66
32,20,5.3388,29.359,281.49,135.07
32,20,5.2474,28.497,270.03,132.55
32,20,5.4108,28.486,263.13,128.86
32,20,6.5807,27.863,249.49,117.03
32,20,6.2873,28.563,282.1,141.28
32,20,6.7836,30.283,299.61,144.24
32,20,5.7645,28.666,270.09,130.11
32,20,5.3972,27.892,250.46,119.79
32,20,5.0061,28.228,260.06,121.99
32,20,6.9877,29.21,292.45,146.59
32,20,4.9599,29.36,286.24,140.31
32,20,5.9583,28.292,263.09,126.33
32,20,6.5471,27.504,243.38,113.99
32,20,5.2519,28.122,260.2,127.33
32,20,6.0176,29.054,277.31,133.99
32,20,5.5054,28.703,280.48,139.09
32,20,5.4468,27.961,246.8,112.13
32,20,4.8038,28.19,260.33,128.16
32,20,8.1487,27.847,253.47,120.82
32,20,5.244,27.9,263.1,129.55
32,20,5.2257,28.268,272.37,135.16
32,20,13.798,27.342,236.68,109.57
32,20,5.4326,27.96,256.39,124.14
32,20,5.2915,27.534,254.43,124.82
32,20,5.5583,28.867,280.79,139.42
32,20,6.8012,28.279,263.39,129.13
32,20,4.5029,28.141,258.17,123.64
32,20,5.1596,28.422,272.3,134.97
32,20,5.0476,28.16,257.86,122.23
32,20,5.2195,28.56,263.5,127.04
32,20,5.2994,28.512,260.5,122.67
32,20,5.8356,27.654,253.65,124.32
32,20,6.843,27.447,239.26,112.63
32,20,7.063,28.039,260.61,128.75
32,20,4.9861,27.717,253.9,123.78
32,20,4.8038,28.826,271.91,132.44
32,20,4.4734,27.766,251.98,121.75
32,20,5.4789,27.13,240.9,113.3
32,20,4.4859,28.524,262.43,120.7
32,20,6.2232,28.593,256.18,119.06
32,20,6.8251,28.558,262.54,122.56
32,20,6.9196,28.75,273.79,134.83
32,20,6.4898,29.136,277.09,135.71
32,20,5.6349,28.571,276.02,138.34
32,20,5.0235,30.074,302.15,150.65
32,20,5.5204,27.857,249.11,118.25
32,20,4.8317,27.463,252.19,122.31
32,20,4.5736,29.483,288.22,141.06
32,20,7.0213,27.381,251.74,125.53
32,20,4.9049,27.442,241.95,115.99
32,20,7.6594,29.428,299.59,152.08
32,20,6.2163,28.596,269.14,130.25
32,20,8.3002,27.659,256.33,127.51
32,20,4.8802,27.803,253.01,120.95
32,20,6.0096,27.539,261.04,132.16
32,20,5.8435,28.003,268.05,132.64
32,20,4.9883,27.975,258.28,127.08
32,20,9.3298,27.838,257.02,126.01
32,20,6.0207,28.525,269.96,129.79
32,20,6.9662,28.176,265.82,132.57
32,20,5.3428,29.185,287.31,141.33
32,20,5.982,27.883,259.17,129.29
32,20,4.926,27.687,259.6,128.56
32,20,6.8017,28.361,254.23,118.8
32,20,5.3433,27.595,250.14,121.91
32,20,5.4994,27.561,248.12,120.4
32,20,7.8517,28.132,254.36,120.05
32,20,5.6221,29.338,293.2,149.79
32,20,5.2521,27.498,249.44,122.94
32,20,9.8298,28.164,261.91,128.65
32,20,5.4622,27.356,243.04,118.15
32,20,5.4925,28.472,258.65,121.49
32,20,4.8615,28.613,276.77,139.03
32,20,4.8592,28.012,261.57,128.34
32,20,6.5102,27.981,251.24,117.14
32,20,6.6021,29.486,278.74,131.01
32,20,4.9679,27.07,242.16,116.74
32,20,5.9845,28.547,260.68,124.9
32,20,5.0698,29.03,271.06,128.66
32,20,6.8617,28.765,284.2,143
32,20,5.161,28.616,272.73,134.22
32,20,5.7036,28.207,265.35,130.89
32,20,4.4917,28.409,266.6,130.07
32,20,4.8275,28.93,271.06,130.55
32,20,6.0631,28.965,279.87,136.93
32,20,7.4344,29.668,287.67,141.63
32,20,6.0548,28.84,274.5,135.31
32,20,6.7984,28.751,278.66,135.87
32,20,6.346,27.497,237.56,110.23
32,20,6.0329,28.033,266.89,132.67
32,20,6.0364,28.127,264.88,130.37
32,20,5.2138,29.254,293.29,148.21
32,20,5.3337,28.897,271.65,129.03
32,20,6.2,28.986,281.8,139.21
32,20,5.8912,28.009,257.34,124.83
32,20,5.4934,28.187,266.39,132.15
32,20,6.3345,28.08,251.05,119.34
32,20,5.0282,28.53,276,138.1
32,20,5.6124,27.373,248.58,120.43
32,20,6.2917,27.884,263.03,130.58
32,20,6.01,28.255,258.78,122.81
32,20,5.8337,27.621,257.59,126.15
32,20,6.0051,29.248,276.3,129.28
32,20,6.0572,27.803,252.33,120.72
32,20,4.9928,27.573,251.93,124.75
32,20,5.8522,28.395,268.58,130.64
32,20,7.4853,28.154,262.57,125.7
32,20,7.1127,29.584,297.47,146.84
32,20,5.6733,28.261,264.61,130.56
32,20,5.8663,28.878,279.88,140.33
32,20,6.4489,28.576,271.06,130.53
32,20,10.238,29.251,285.12,140.61
32,20,5.0994,28.581,270.04,132.33
32,20,5.9345,28.275,260.26,125.78
32,20,5.6221,29.08,271.32,127.87
32,20,6.9026,28.793,274.77,134.61
32,20,6.3865,28.248,263.2,126.23
32,20,6.6916,28.015,251.01,118.94
32,20,5.8329,28.449,257.68,123.16
32,20,5.5854,28.495,273.77,134.43
32,20,6.77,28.015,263.37,130.27
32,20,6.7241,30.13,290.62,136.4
32,20,6.0821,29.718,288.37,137.63
32,20,5.8389,28.97,277.41,135.57
32,20,7.8497,28.175,253.46,121.02
32,20,7.4246,28.609,256.37,117.93
32,20,5.8198,28.104,265.75,132.14
32,20,5.7024,28.585,265.38,125.86
32,20,6.39,28.013,244.49,111.85
32,20,4.7815,28.649,270.17,130.55
32,20,6.642,27.35,239.62,112.11
32,20,7.6808,28.4,269.7,134.04
32,20,5.6338,27.959,258.47,126.11
32,20,7.5915,28.465,270.27,131.48
32,20,6.628,28.81,273.62,133.7
32,20,5.4699,28.499,270.71,130.85
32,20,6.322,28.225,266.54,130.45
32,20,7.4637,27.559,244.37,117.05
32,20,5.7297,27.702,255.71,124.75
32,20,6.3635,28.345,265.59,129.49
32,20,5.4842,29.009,274.36,130.75
32,20,5.449,27.358,240.8,113.69
32,20,7.2561,28.173,264.08,129.99
32,20,5.6271,29.805,289.42,139.71
32,20,5.9331,27.178,244.98,119.4
32,20,5.6,28.002,254.15,121.01
32,20,5.5136,28.4,274.67,137.29
32,20,5.126,28.726,265.72,125.15
32,20,6.3813,28.336,267.47,130.34
32,20,5.326,28.635,272.45,132.45
32,20,5.7553,27.686,243.5,114.73
32,20,4.6362,29.139,284.66,140.34
32,20,4.6307,27.93,256.52,124.31
32,20,6.9838,28.909,266.97,128.34
32,20,8.917,27.665,254.42,123
32,20,4.7877,28.212,257.84,121.96
32,20,5.323,28.264,257.17,122.93
32,20,6.7053,28.481,265.4,129.5
32,20,7.1354,28.344,262.52,125.98
32,20,5.2628,27.841,255.45,124.62
32,20,5.3009,27.536,249.07,120.74
32,20,6.6936,28.347,260.99,124.75
32,20,5.6546,28.51,279.99,142.82
32,20,4.8957,28.983,283.37,140.96
32,20,4.9177,28.017,261.69,128.57
32,20,4.9688,29.131,278.41,134.48
32,20,6.8349,29.426,285.58,140.17
32,20,5.7372,29.183,276.61,131.42
32,20,5.799,28.645,274.45,134.69
32,20,7.9441,27.964,258.77,125.1
32,20,5.9622,27.952,247.32,115.8
32,20,4.9178,27.911,267.9,134.17
32,20,5.1868,28.364,266.8,131.25
32,20,5.4136,29.191,288.25,145.04
32,20,6.8846,28.133,257.59,124.54
32,20,5.2404,27.731,261.08,130.67
32,20,5.0193,28.338,264.88,128.24
32,20,7.3858,28.352,269.01,131.34
32,20,5.1011,28.918,282.54,140.88
32,20,5.518,29.266,283.06,137.99
32,20,4.2917,29.696,296.93,145.67
32,20,4.4869,29.129,280.82,135.99
32,20,6.3305,27.992,262.6,130.51
32,20,7.4597,28.458,269.63,128.09
32,20,4.8346,30.374,308.61,151.91
32,20,5.4775,29,284.35,139.73
32,20,4.8901,28.805,267.78,127.76
32,20,5.8011,28.845,274.25,133.54
32,20,5.1939,29.348,270.16,125.31
32,20,6.3656,28.328,266.81,131.17
32,20,5.4127,27.53,246.55,118.1
32,20,5.7914,27.578,243.21,111.02
32,20,4.8449,28.561,264.14,124.91
32,20,5.253,28.317,268.58,132.99
32,20,5.7606,30.011,294.81,143.4
32,20,5.3939,27.727,250.22,120.95
32,20,6.5791,28.883,273.98,133.79
32,20,4.5498,29.302,271.09,126.32
32,20,6.7158,28.07,258.79,125.8
32,20,6.9356,28.311,259.42,123.2
32,20,5.5674,27.8,246.59,114.74
32,20,6.1901,27.854,245.1,113.81
32,20,6.5696,28.6,263.82,127.54
32,20,6.3612,27.931,252.81,120.55
32,20,6.2776,27.647,246.82,116.66
32,20,5.212,28.559,257.29,121.35
32,20,5.8852,28.311,256.82,121.67
32,20,5.8474,28.58,261.26,122.63
32,20,5.2779,27.872,261.35,130.12
32,20,5.759,27.872,252.27,120.2
32,20,5.0288,29.125,279.49,133.6
32,20,6.5594,29.074,281.09,137.13
32,20,4.6259,28.113,261.7,126.73
32,20,7.3435,29.364,281.57,135.62
32,20,5.307,28.982,273.57,130.18
32,20,5.4099,28.333,267.74,131.97
32,20,5.9158,28.5,262.49,124.25
32,20,6.9357,29.608,282.98,136.01
32,20,6.4323,28.089,252.89,117.63
32,20,5.0055,27.861,250.43,117.62
32,20,5.4237,29.521,283.89,137.52
32,20,4.9018,28.573,269.25,131.58
32,20,5.3265,28.556,270.83,131.97
32,20,5.2177,27.28,239.57,112.44
32,20,5.6058,28.326,262.14,125.42
32,20,5.5627,27.065,237.93,109.46
32,20,5.2833,28.964,274.97,135.13
32,20,7.0314,28.799,273.18,131.62
32,20,7.3667,28.217,265.23,129.41
32,20,5.3446,29.202,278.36,134.92
32,20,5.356,28.388,268.01,130.84
32,20,5.273,28.402,263.35,128.16
32,20,9.2901,28.614,262.78,125.21
32,20,4.8876,28.814,261.62,121.48
32,20,5.3947,28.633,269.18,130.67
32,20,4.1765,26.977,249.02,126.36
32,20,8.2938,29.441,292.68,144.54
32,20,5.7547,29.398,272.31,124.45
32,20,5.126,28.102,250.05,115.61
32,20,5.368,28.202,272.34,136.82
32,20,4.7133,27.777,250.49,118.46
32,20,5.9824,27.941,256.37,123.13
32,20,6.8365,28.082,256.76,123.97
32,20,5.9959,28.359,258.88,121.86
32,20,4.934,28.46,257.08,121.48
32,20,6.0287,28.268,257.4,120.65
32,20,5.6436,27.718,261.2,128.31
32,20,5.9967,28.168,255.8,122.13
32,20,4.9791,28.125,257.69,123.8
32,20,5.3293,28.087,254.96,121.75
32,20,7.1021,28.789,277.66,136.22
32,20,9.8944,28.019,261.1,127.73
32,20,5.9938,29.187,281.56,136.62
32,20,6.2854,28.024,256.53,125.71
32,20,6.7682,29.432,280.44,134.12
32,20,6.1914,28.874,271.27,131.32
32,20,4.569,28.986,285.65,142.05
32,20,5.3326,28.346,266.51,128.94
32,20,6.5304,27.464,250.69,122.93
32,20,6.4277,28.516,272.77,135.71
32,20,7.1962,28.635,274.12,136.03
32,20,5.6888,28.933,275.75,134.16
32,20,6.696,28.769,284.53,140.05
32,20,5.9425,27.746,254.15,123.92
32,20,5.9022,28.383,265.86,128.47
32,20,8.1253,29.935,287.33,136.02
32,20,5.4584,27.92,259.3,125.75
32,20,6.0844,28.501,263.54,126.32
32,20,6.0842,27.991,266.57,131.62
32,20,7.9574,28.736,273.1,133.35
32,20,7.7618,29.152,282.15,138.4
32,20,7.1806,27.788,248.9,118.66
32,20,5.8407,27.945,261.92,127.9
32,20,5.7265,29.031,275.05,134.26
32,20,5.5246,27.872,261.81,126.98
32,20,5.4654,28.789,275.01,132.74
32,20,5.8389,28.05,259.13,124.21
32,20,7.4526,27.729,258.24,127.39
32,20,5.0397,28.504,261.13,122.23
32,20,6.7036,28.55,272.98,134.04
32,20,5.3531,28.628,277.76,139.72
32,20,6.1592,27.052,241.26,116.21
32,20,7.2776,28.519,274.05,136.13
32,20,4.4716,27.26,254.92,127.86
32,20,5.3996,27.69,252.56,123.54
32,20,5.4046,28.244,253.72,116.72
32,20,7.8929,28.443,267.57,130.47
32,20,5.7983,27.184,243.66,117.99
32,20,6.3938,27.972,253.47,121
32,20,5.3186,29.177,273.33,127.64
32,20,4.6227,27.078,243.52,120.11
32,20,7.1412,29.728,297.18,146.41
32,20,4.496,27.627,242.96,116.2
32,20,6.4312,29.592,286.65,140.24
32,20,6.1019,28.662,261.28,123.24
32,20,5.037,27.75,251.67,122.96
32,20,6.7933,27.72,244.84,115.38
32,20,5.63,28.044,258.5,124.36
32,20,5.0436,28.424,267.92,132.37
32,20,5.6103,28.668,272.46,134.59
32,20,5.7137,29.366,281.39,134.53
32,20,4.6486,28.309,262.38,126.29
32,20,5.9738,28.545,265.71,127.98
32,20,5.248,28.044,261.89,127.61
32,20,5.7662,28.564,274.56,136.92
32,20,6.1482,27.579,252.08,122.05
32,20,5.7626,27.809,261.24,129.57
32,20,4.7484,28.424,263.39,125.67
32,20,7.2434,29.133,275.93,131.08
32,20,5.3443,28.524,267.94,129
32,20,6.2391,27.801,257.38,126.09
32,20,5.0421,28.019,261.97,128.83
32,20,5.3315,28.348,261.89,127.52
32,20,4.9075,28.662,269.33,129.88
32,20,4.8963,28.249,276.69,142.53
32,20,5.0427,27.845,262.5,132.03
32,20,5.8915,28.034,254.33,121.25
32,20,6.3253,29.328,282.87,138.74
32,20,9.3048,28.113,256.26,121.22
32,20,6.8662,28.047,255.12,120.85
32,20,5.1114,28.189,256.13,120.55
32,20,5.1113,27.902,254.22,122.17
32,20,6.604,28.63,270.04,129.92
32,20,5.4305,28.524,263.9,127.13
32,20,7.1272,27.992,258.52,125.77
32,20,4.7217,28.244,265.66,128.7
32,20,6.5207,27.814,256.04,123.45
32,20,5.4695,27.484,255.98,127.62
32,20,5.3751,27.855,254.89,123.78
32,20,5.6449,28.165,264.91,129.68
32,20,5.5258,27.581,253.65,124.26
32,20,5.5271,28.837,274.57,134.83
32,20,6.1116,28.992,284.8,141.88
32,20,6.1016,26.86,229.13,107.08
32,20,7.136,28.499,259.4,121.22
32,20,5.2445,29.245,293.93,150.45
32,20,7.807,27.821,251.03,120.57
32,20,5.8448,27.676,253.19,123.43
32,20,5.7427,28.9,269.06,130.19
32,20,6.359,28.465,269.69,132.31
32,20,4.8533,28.451,275.27,139.53
32,20,6.0295,28.445,270.92,133.86
32,20,9.9553,27.439,246.8,121.65
32,20,5.3821,27.515,249.3,120.79
32,20,5.2896,28.536,271.68,133.43
32,20,7.0758,28.861,277.24,137.74
32,20,5.0581,27.441,234.74,107.13
32,20,6.4059,28.703,280.23,139.01
32,20,6.5333,28.386,254.5,122.38
32,20,6.9283,28.492,258.36,123.06
32,20,5.866,29.534,292.22,143.9
32,20,7.5461,28.578,275.25,136.42
32,20,5.4322,29.31,297.92,154.62
32,20,5.8979,27.75,258.1,127.48
32,20,5.9449,28.06,259.64,124.26
32,20,5.276,29.25,281.86,137.2
32,20,6.7134,28.905,279.25,137.51
32,20,5.3829,27.518,249.04,122.35
32,20,6.85,27.409,242.91,114.9
32,20,5.8942,28.321,261.47,123.48
32,20,4.7984,28.886,278.83,135.96
32,20,6.2888,28.533,272.08,133.67
32,20,5.7976,27.795,255.87,124.58
32,20,4.6528,27.357,246.76,120.87
32,20,5.5057,28.978,280.43,137.55
32,20,5.1795,29.292,288.05,142.01
32,20,6.6796,28.258,260.87,125.6
32,20,6.7076,28.554,262.8,124.71
32,20,5.5386,27.622,263.96,134.37
32,20,5.4941,29.363,276.97,131.29
32,20,6.2517,28.713,273.17,135.02
32,20,6.9436,28.298,266.48,130.16
32,20,4.309,27.966,259.78,123.95
32,20,4.0163,27.859,246.1,113.97
32,20,6.5848,27.774,247.32,115.51
32,20,4.8933,29.294,288.07,141.58
32,20,5.7446,28.497,271.33,132.5
32,20,4.8685,27.328,242.65,115.9
32,20,6.7823,27.773,255.73,125.15
32,20,5.234,28.073,255.69,120.91
32,20,5.6215,28.529,272.14,133.04
32,20,5.6208,28.362,260.5,124.41
32,20,5.755,28.56,265.42,127.14
32,20,5.4341,28.036,265.22,131.34
32,20,4.8592,29.003,270.72,129.6
32,20,7.1978,28.023,273.27,140.06
32,20,5.9095,27.868,246.73,114.8
32,20,6.6319,28.051,258.15,125.98
32,20,4.4737,28.828,274.49,132.1
32,20,5.1125,29.148,273.65,131.21
32,20,6.8692,28.257,269.16,134.61
32,20,4.5085,27.89,260.43,126.83
32,20,5.0704,28.848,269.76,129.15
32,20,6.1458,28.622,275.23,136.61
32,20,5.8743,28.703,267.91,126.91
32,20,4.9138,28.286,258.79,123.63
32,20,5.6249,27.875,252.92,120.96
32,20,5.9047,28.373,267.51,131.62
32,20,5.8692,27.364,249.46,121.81
32,20,6.0956,28.138,269.44,135.1
32,20,6.1677,28.147,252.2,117.81
32,20,5.6758,28.281,261.04,125.82
32,20,6.4752,28.577,265.28,127.51
32,20,6.3256,29.175,283.84,142.27
32,20,6.597,28.449,276.7,138.62
32,20,7.4528,28.286,260.42,124.26
32,20,4.4875,27.5,255.22,124.43
32,20,6.2628,28.63,270.87,131.21
32,20,6.1548,27.425,246.25,119.46
32,20,6.1467,28.189,261.5,127.17
32,20,6.4684,28.587,264.48,124.88
32,20,5.8149,27.567,249.59,121.08
32,20,4.933,28.003,260.01,126.99
32,20,6.0476,27.774,253.09,121.84
32,20,5.8158,28.709,273.5,134.13
32,20,6.637,27.084,243.28,116.79
32,20,4.3093,28.694,275.11,135.1
32,20,5.4939,28.237,263.24,128.04
32,20,6.0506,28.856,268.7,128.09
32,20,4.903,27.94,264.46,131.48
32,20,7.2262,28.827,270.4,130.79
32,20,5.1477,27.631,250.06,118.6
32,20,5.8182,27.955,257.74,124.43
32,20,5.974,28.52,276.51,138.47
32,20,5.2326,28.414,265.56,128.98
32,20,5.035,28.75,275.11,134.74
32,20,6.289,28.29,264.91,129.06
32,20,5.2481,28.319,260.55,124.83
32,20,5.0817,28.146,261.8,126.83
32,20,5.9527,27.217,242.2,117.52
32,20,5.1343,28.186,258.49,124.39
32,20,5.1327,27.468,245.17,117.51
32,20,5.0273,28.216,262.57,127.26
32,20,4.5297,28.216,261.22,128.45
32,20,5.6157,27.338,242.14,117.59
32,20,5.4067,28.531,265.37,123.7
32,20,6.129,29.128,284.26,140.52
32,20,5.5457,29.158,281.93,138.07
32,20,4.6988,28.634,266.3,128.67
32,20,6.0471,28.458,262.66,125.35
32,20,6.1193,28.892,273.84,132.2
32,20,6.3413,27.557,254.49,125.02
32,20,5.1592,28.12,259.64,126.85
32,20,7.4267,27.626,250.48,122.67
32,20,5.7494,27.982,253.61,121.24
32,20,6.2141,28.312,252.15,115.05
32,20,6.545,27.715,257.05,127.11
32,20,6.3765,27.572,258.1,126.2
32,20,7.1679,29.075,283.01,139.95
32,20,8.9323,27.997,257.16,125.37
32,20,6.0236,29.315,273.41,129.88
32,20,6.6965,27.52,239.26,110.93
32,20,5.8762,28.035,247.73,114.19
32,20,4.6434,27.076,236.32,111.47
32,20,6.4101,27.614,259.41,129.09
32,20,5.7446,28.708,268.37,129.96
32,20,6.8437,27.823,257.29,123.56
32,20,5.4395,28.616,271.99,133.94
32,20,5.7927,29.099,275.34,132.41
32,20,7.8451,27.518,250.28,122.33
32,20,5.9034,27.33,240.75,114.16
32,20,5.0787,28.405,263.04,125.63
32,20,6.6134,28.103,262.55,125.52
32,20,5.7686,28.577,269.62,130.19
32,20,5.5058,29.373,285.92,139.59
32,20,5.9835,27.719,250.86,120.84
32,20,5.2045,27.785,255.74,123.59
32,20,5.8592,28.727,277.93,137.32
32,20,4.6753,28.216,263.11,127.16
32,20,4.9268,27.814,253.7,122.25
32,20,9.3341,28.096,265.61,132.29
32,20,5.1,28.711,271.79,131.63
32,20,6.0089,28.342,264.09,128.11
32,20,6.2172,28.539,272.13,135.23
32,20,5.6902,28.236,259.42,125.85
32,20,6.7419,27.875,259.34,125.6
32,20,4.7963,28.26,258.32,123.94
32,20,5.4542,27.413,251.77,122.86
32,20,4.8049,27.888,261.77,129.38
32,20,5.3779,28.735,265.08,126.14
32,20,5.0355,28.298,269.98,130.41
32,20,5.4608,29.103,284.76,141.23
32,20,5.5492,28.393,255.06,119.6
32,20,6.2369,28.713,267.28,127.35
32,20,7.3941,27.554,243.57,115.66
32,20,6.0327,28.55,270.7,133.12
32,20,5.5654,28.931,279.07,135.76
32,20,5.4997,28.56,278.06,137.19
32,20,7.5156,27.769,254,124.05
32,20,5.3182,29.012,281.36,137.22
32,20,4.6934,27.805,259.14,125.72
32,20,5.7141,28.166,255.45,121.18
32,20,6.8294,27.342,246.83,120.55
32,20,4.8927,29.078,276.93,133.11
32,20,4.998,28.874,282.42,141.55
32,20,5.7378,27.449,247.43,117.61
32,20,6.0029,28.507,262.79,125.91
32,20,6.3502,27.898,260.61,127.09
32,20,5.8748,28.329,270.86,133.53
32,20,5.3227,29.019,271.13,130.31
32,20,4.7616,28.116,261.88,126.73
32,20,7.8692,30.199,303.81,149.77
32,20,7.4088,29.324,273.94,130.2
32,20,7.243,28.218,262.1,126.42
32,20,6.494,28.883,268.02,126.55
32,20,4.6814,27.179,242.8,116.21
32,20,5.209,28.903,274.7,132.62
32,20,6.13,28.031,254.65,120
32,20,8.1602,27.706,247.31,115.69
32,20,4.6318,27.478,249.86,121.15
32,20,5.3902,29.033,281.48,141.14
32,20,4.7294,28.27,268.77,133.07
32,20,5.392,27.622,249.22,119.42
32,20,4.7806,28.315,258.18,121.82
32,20,6.7386,28.08,260.39,127.85
32,20,6.5448,28.445,268.08,130.3
32,20,7.3573,27.994,255.94,123.99
32,20,5.7878,27.56,243.76,115.49
32,20,5.3974,28.38,272.16,135.54
32,20,4.416,29.898,296.28,143.18
32,20,5.8832,28.203,258.74,124.51
32,20,6.7098,28.016,255.79,122.83
32,20,8.7515,26.85,242.63,121.42
32,20,8.9254,27.388,247.72,120.2
32,20,4.8534,27.114,242.52,116.65
32,20,4.7619,27.558,250.33,121.29
32,20,6.8609,28.856,275.28,134.25
32,20,7.3608,27.979,243.62,111.84
32,20,5.0378,28.181,261.12,126.51
32,20,4.4179,28.999,268.99,128.21
32,20,4.9107,28.79,284.84,143.61
32,20,6.5549,27.644,245.8,115.79
32,20,4.814,28.221,261.32,126.66
32,20,7.0373,28.446,255.95,118.98
32,20,5.9894,28.295,256.06,120.48
32,20,4.7844,28.091,261.63,126.56
32,20,5.4987,29.295,279.48,133.49
32,20,7.2809,27.98,251.61,114.55
32,20,4.8179,29.306,285.65,140.84
32,20,5.4218,27.553,251.5,123.04
32,20,4.9173,29.196,275.36,133.02
32,20,9.856,29.553,277.95,129.11
32,20,5.6776,28.797,277.03,136.09
32,20,6.2389,27.655,250.78,118.44
32,20,4.9589,28.653,262.28,124.12
32,20,4.3224,28.115,266.67,131.19
32,20,5.1654,28.359,268.91,131.4
32,20,4.7541,28.524,267.16,128.62
32,20,6.2385,28.827,278.14,137.99
32,20,5.6589,28.548,264.96,125.8
32,20,6.6495,28.087,252.62,120.69
32,20,8.3612,27.341,243.72,118.76
32,20,5.9308,28.213,253.08,120.06
32,20,6.2663,27.555,253.36,124.33
32,20,7.6014,28.598,269.91,131.39
32,20,7.1972,28.268,266.85,131.98
32,20,6.4824,27.151,238.25,113.52
32,20,5.0737,28.616,270.54,131
32,20,6.1823,28.167,261.27,125.86
32,20,4.7126,28.305,261.96,126.5
32,20,4.5287,28.034,255.09,122.04
32,20,4.922,28.477,263.88,127.7
64,0,3.6612,15.805,54.513,17.333
64,0,2.9618,16.087,60.102,20.627
64,0,3.2064,15.787,54.3,17.324
64,0,3.4044,16.409,58.406,18.462
64,0,3.6206,15.992,55.771,17.958
64,0,3.6342,15.302,50.189,15.428
64,0,3.0763,16.23,55.28,16.903
64,0,3.3182,16.501,60.999,20.961
64,0,3.2214,14.84,50.042,17.502
64,0,3.6761,16.532,59.866,19.094
64,0,3.3158,16.22,56.978,17.842
64,0,2.8129,15.828,57.835,19.917
64,0,3.467,16.514,60.334,19.907
64,0,2.8916,16.61,61.848,20.852
64,0,3.3013,15.836,56.193,18.962
64,0,3.1403,16.754,62.918,21.199
64,0,2.9848,16.424,63.325,22.09
64,0,4.1131,16.449,57.251,18.25
64,0,2.8741,15.83,51.103,15.524
64,0,4.0198,15.606,54.08,17.164
64,0,3.7386,15.651,52.925,17.186
64,0,3.4193,15.819,55.277,17.731
64,0,4.6271,16.859,64.831,21.927
64,0,4.0619,15.825,54.916,17.904
64,0,2.457,16.611,62.729,21.25
64,0,3.0407,17.138,64.674,21.3
64,0,3.3603,15.596,52.787,16.614
64,0,3.6368,15.972,56.193,18.642
64,0,3.0671,15.524,52.009,16.482
64,0,3.1226,15.607,54.379,18.285
64,0,2.8322,15.432,50.475,15.715
64,0,3.559,16.919,63.969,20.607
64,0,3.8001,16.321,63.562,22.328
64,0,4.1712,15.588,55.127,18.577
64,0,4.1619,14.711,45.757,14.072
64,0,3.5642,15.835,53.898,16.931
64,0,4.2194,14.939,49.209,15.463
64,0,3.3851,16.276,53.568,15.331
64,0,2.7603,15.679,57.586,20.358
64,0,5.616,16.613,64.381,22.679
64,0,3.1959,15.407,53.552,18.365
64,0,3.456,16.096,59.481,20.356
64,0,4.1651,15.499,53.393,17.883
64,0,3.6817,15.944,54.834,17.374
64,0,4.2689,15.927,50.405,14.36
64,0,3.1144,15.041,51.221,17.306
64,0,3.7303,15.811,52.627,16.87
64,0,2.5543,16.419,58.075,18.014
64,0,3.66,17.31,68.015,22.507
64,0,3.1384,15.889,58.017,20.289
64,0,3.1644,16.822,60.686,19.678
64,0,2.8034,16.486,58.422,17.589
64,0,3.1095,17.608,69.785,23.208
64,0,3.4147,16.459,61.083,19.775
64,0,2.6605,17.143,67.294,22.542
64,0,2.8652,15.822,52.705,14.734
64,0,3.5652,15.555,51.997,16.135
64,0,3.2536,15.951,51.923,14.881
64,0,2.8874,16.305,57.337,17.526
64,0,2.5431,15.708,54.9,18.102
64,0,3.2658,15.043,46.542,12.987
64,0,3.0083,16.12,54.967,16.814
64,0,3.8817,14.973,53.068,18.824
64,0,2.5148,15.731,51.303,15.787
64,0,3.4492,15.882,54.595,17.751
64,0,2.968,16.929,64.555,21.462
64,0,3.4908,16.119,57.604,18.779
64,0,3.0867,16.287,55.056,16.47
64,0,3.7294,17.162,68.872,24.763
64,0,2.584,16.311,57.384,18.608
64,0,2.9097,15.908,53.506,16.406
64,0,2.5681,15.648,55.197,18.205
64,0,3.0943,16.433,61.905,20.886
64,0,2.8596,15.243,52.026,17.252
64,0,3.6397,15.374,50.055,15.52
64,0,3.4378,15.621,53.014,16.745
64,0,3.2108,16.214,58.291,19.304
64,0,2.7619,17.144,66.914,22.832
64,0,2.7066,15.547,48.604,14.451
64,0,3.1419,15.655,50.183,15.07
64,0,3.7276,14.541,46.265,14.854
64,0,3.2968,16.34,56.815,17.389
64,0,4.591,15.693,53.689,16.923
64,0,3.2135,16.598,60.739,19.346
64,0,3.3601,17.145,66.264,22.731
64,0,3.2975,16.569,61.117,19.968
64,0,3.51,15.913,54.735,17.492
64,0,3.3135,15.128,51.072,16.469
64,0,3.1968,16.561,60.326,19.527
64,0,2.538,15.3,51.882,17.657
64,0,2.9856,15.786,55.009,17.953
64,0,4.7624,15.806,55.567,18.42
64,0,3.646,15.747,53.581,17.478
64,0,3.7186,14.98,48.97,15.688
64,0,4.435,16.129,54.156,16.085
64,0,3.9677,16.615,63.327,22.021
64,0,3.2511,15.75,51.722,15.576
64,0,3.4971,16.198,58.599,19.258
64,0,2.8206,16.489,59.981,19.331
64,0,2.7785,16.516,62.398,20.82
64,0,3.867,15.465,50.818,16.188
64,0,4.2228,16.3,58.988,19.172
64,0,3.1836,16.307,56.473,17.178
64,0,3.3239,15.746,54.505,17.106
64,0,3.5676,16.388,57.709,18.317
64,0,3.623,17.119,63.274,20.481
64,0,3.1536,16.271,56.972,18.182
64,0,2.5928,16.871,63.927,21.121
64,0,3.5744,15.788,53.723,16.419
64,0,3.2571,16.678,64.187,21.423
64,0,3.9454,15.517,53.446,18.165
64,0,3.3982,17.001,63.795,20.446
64,0,3.138,15.839,56.071,17.894
64,0,2.9969,15.99,57.879,19.31
64,0,3.1078,15.415,50.594,15.134
64,0,4.7551,16.666,60.824,19.771
64,0,3.1454,14.823,47.227,15.122
64,0,3.3014,15.711,56.333,18.984
64,0,2.5778,15.42,53.763,17.483
64,0,2.4812,16.209,61.499,21.421
64,0,5.7809,15.641,52.123,16.376
64,0,2.7543,16.412,56.996,16.968
64,0,2.9956,15.091,48.577,15.096
64,0,5.5149,15.587,50.531,15.086
64,0,4.3528,16.802,59.64,17.965
64,0,3.2343,15.602,55.034,18.128
64,0,2.7203,15.877,54.736,17.12
64,0,3.5035,14.95,48.683,15.737
64,0,2.9389,15.82,52.605,16.315
64,0,3.615,15.653,55.747,19.296
64,0,2.8265,16.453,60.516,20.196
64,0,3.3644,15.58,51.415,16.364
64,0,4.5264,15.498,53.323,17.359
64,0,2.4193,16.089,58.409,19.642
64,0,3.8138,15.426,55.318,19.043
64,0,3.5983,16.71,67.176,23.834
64,0,3.6096,16.201,59.216,20.389
64,0,2.8963,15.996,58.73,20.216
64,0,3.6538,16.008,54.243,17.048
64,0,3.2789,16.818,63.22,21.19
64,0,3.0831,16.524,58.806,18.459
64,0,4.582,16.18,60.587,21.341
64,0,3.2181,16.003,57.313,19.056
64,0,3.398,14.881,47.314,14.897
64,0,3.3005,16.446,58.182,18.422
64,0,2.4971,15.949,54.471,16.657
64,0,2.7844,15.885,57.333,19.695
64,0,2.5472,15.49,53.658,16.729
64,0,3.2051,16.29,56.963,18.468
64,0,2.7942,15.789,52.913,16.822
64,0,3.451,16.023,57.551,18.771
64,0,3.8484,16.068,56.132,18.434
64,0,4.0539,15.957,55.78,18.141
64,0,3.1034,15.744,53.269,16.773
64,0,3.1099,15.941,55.731,17.824
64,0,3.1267,16.208,59.636,20.172
64,0,3.0657,15.329,50.204,15.407
64,0,2.6689,16.029,52.833,15.14
64,0,2.9353,15.719,53.247,16.493
64,0,4.2244,16.043,53.74,15.168
64,0,3.4798,15.84,52.468,16.21
64,0,3.3158,15.748,53.499,17.029
64,0,3.02,16.602,58.199,17.968
64,0,3.134,17.067,59.388,17.073
64,0,4.7571,16.396,58.825,18.665
64,0,3.8256,15.748,53.172,16.974
64,0,3.3351,16.072,55.028,17.436
64,0,3.9191,16.366,56.997,17.762
64,0,2.8603,14.792,46.074,14.212
64,0,2.7027,15.331,48.685,14.093
64,0,2.4545,16.172,57.989,18.893
64,0,4.5871,15.644,54.96,17.829
64,0,2.7622,15.759,54.921,18.324
64,0,3.2926,15.149,49.377,16.035
64,0,2.8606,16.329,59.794,19.375
64,0,4.265,15.399,52.559,16.895
64,0,3.2057,15.001,49.739,16.62
64,0,3.2006,16.442,62.425,20.984
64,0,3.3741,17.127,63.751,20.674
64,0,2.6972,14.746,43.338,12.42
64,0,3.3717,15.378,50.933,16.283
64,0,2.2123,15.283,53.813,18.568
64,0,3.8705,16.17,54.265,16.964
64,0,3.2162,17.029,61.353,18.763
64,0,3.5608,17.062,64.172,20.694
64,0,2.8844,17.184,70.567,24.982
64,0,4.4301,15.587,53.878,17.536
64,0,3.476,16.082,56.87,18.559
64,0,3.4306,15.876,55.429,18.054
64,0,2.6147,15.696,55.836,18.531
64,0,2.8466,15.702,50.831,13.362
64,0,4.4739,16.067,54.433,16.798
64,0,3.7732,15.909,54.06,16.859
64,0,3.5189,16.049,55.279,16.393
64,0,3.5975,15.82,54.064,17.44
64,0,3.2601,15.306,50.334,16.3
64,0,3.9587,15.966,55.663,17.73
64,0,3.9499,16.036,56.195,17.968
64,0,3.2696,15.301,54.839,19.349
64,0,3.6233,15.38,51.982,17.085
64,0,3.1117,15.671,54.853,18.167
64,0,2.7792,15.221,50.878,16.395
64,0,3.0867,15.998,57.791,18.999
64,0,3.1531,16.455,56.724,17.154
64,0,4.1656,17.001,65.246,22.078
64,0,3.609,15.598,52.396,17.076
64,0,2.817,15.611,53.018,17.67
64,0,3.4379,16.786,60.283,19.257
64,0,4.6288,16.368,60.228,20.343
64,0,3.1944,16.027,55.274,17.598
64,0,3.0143,16.271,56.34,17.286
64,0,2.9923,15.704,55.24,18.56
64,0,3.071,16.002,57.842,19.381
64,0,3.862,15.791,53.173,16.9
64,0,3.1091,14.984,48.304,14.865
64,0,3.2759,15.899,54.651,17.354
64,0,3.8846,15.121,50.63,16.749
64,0,3.4232,15.798,56.655,19.212
64,0,2.9258,14.835,48.244,15.583
64,0,3.7301,16.283,58.719,19.558
64,0,2.6554,16.515,62.595,20.877
64,0,3.0213,16.519,61.519,20.176
64,0,2.8039,15.577,51.976,16.665
64,0,3.0814,15.303,50.254,15.948
64,0,3.3338,16.429,58.94,18.793
64,0,3.6809,16.438,61.227,19.877
64,0,4.9739,14.918,46.872,14.679
64,0,2.9674,15.368,49.576,14.751
64,0,2.9875,16.453,60.761,19.952
64,0,2.8096,15.737,55.477,18.968
64,0,3.1585,17.236,69.203,23.672
64,0,3.142,16.002,57.926,19.343
64,0,2.8268,16.677,64.377,21.8
64,0,3.1469,16.894,61.603,19.157
64,0,5.3673,15.296,51.987,17.57
64,0,3.272,16.833,56.061,15.552
64,0,2.8757,15.404,52.167,17.342
64,0,3.4637,16.667,59.514,18.647
64,0,3.4575,16.08,54.672,16.956
64,0,3.5276,17.281,65.883,21.114
64,0,2.9726,17.363,65.121,20.967
64,0,2.6597,15.836,56.012,18.148
64,0,2.8949,14.831,48.29,15.667
64,0,3.3638,14.57,46.924,15.495
64,0,6.2529,15.312,52.863,17.501
64,0,3.1586,15.808,55.501,18.06
64,0,2.8023,15.667,51.578,16.146
64,0,2.9849,16.058,54.311,16.926
64,0,3.4395,16.149,54.394,16.717
64,0,3.515,15.014,46.82,14.343
64,0,2.7756,15.553,51.59,15.591
64,0,2.9107,15.49,52.573,16.891
64,0,3.0514,16.246,60.35,20.114
64,0,3.1461,16.932,61.229,18.982
64,0,3.3172,15.125,50.09,16.336
64,0,2.5244,14.822,46.793,13.758
64,0,2.478,15.075,49.415,16.144
64,0,3.3743,16.361,56.843,17.461
64,0,3.4623,16.551,60.457,20.331
64,0,2.8214,16.212,60.067,20.263
64,0,3.3186,15.069,50.198,16.255
64,0,3.056,15.093,45.055,11.649
64,0,3.0288,15.86,56.194,19.015
64,0,3.7157,15.384,51.345,16.144
64,0,3.1721,16.127,58.713,19.451
64,0,5.823,15.957,53.631,17.089
64,0,2.5047,15.99,55.174,18.108
64,0,2.6224,16.141,58.956,19.974
64,0,3.2506,15.891,52.82,16.257
64,0,3.7293,15.098,49.4,16.07
64,0,2.952,16.119,56.975,18.194
64,0,2.8762,15.512,53.648,17.627
64,0,4.4554,16.652,59.735,19.548
64,0,2.6486,16.751,60.351,18.898
64,0,2.618,15.593,52.266,15.683
64,0,2.5085,16.781,61.775,19.027
64,0,4.0116,15.824,56.258,18.967
64,0,3.6946,15.684,54.827,18.499
64,0,2.3018,16.328,59.442,19.403
64,0,2.8062,16.433,61.473,20.779
64,0,3.1882,15.507,52.876,17.519
64,0,3.4874,16.832,63.073,20.372
64,0,3.7933,15.54,54.11,17.137
64,0,3.7328,16.033,55.275,17.442
64,0,2.721,16.16,53.434,15.409
64,0,3.2132,15.142,45.319,12.878
64,0,3.0814,16.685,64.783,22.146
64,0,3.1494,16.017,54,17.071
64,0,3.2229,16.154,58.147,19.53
64,0,2.6942,16.618,63.205,21.252
64,0,2.5663,16.499,64.109,21.497
64,0,2.9723,15.594,57.767,20.475
64,0,3.1327,15.665,54.455,18.267
64,0,2.7781,16.843,61.993,19.491
64,0,2.8473,17.18,64.541,20.867
64,0,3.3727,16.288,59.702,19.584
64,0,2.9076,15.241,48.053,14.437
64,0,3.7787,15.483,51.246,15.661
64,0,2.8766,15.388,52.09,17.053
64,0,3.0487,15.787,56.385,18.494
64,0,3.0415,15.564,53.776,18.281
64,0,3.4797,16.161,57.579,18.865
64,0,3.1553,16.368,61.461,21.436
64,0,3.556,15.952,56.563,18.812
64,0,6.0713,16.671,64.889,22.314
64,0,3.1177,15.912,56.92,18.689
64,0,2.7774,15.757,52.416,15.622
64,0,4.2503,16.458,60.319,19.714
64,0,3.9328,15.028,45.905,13.837
64,0,3.1718,15.502,50.828,15.775
64,0,2.992,16.772,61.967,20.513
64,0,3.9989,16.188,56.141,17.534
64,0,3.1356,15.397,53.221,17.355
64,0,2.4245,14.718,47.123,14.584
64,0,4.1678,16.487,59.951,19.83
64,0,3.166,16.177,56.438,18.027
64,0,3.3865,15.89,52.937,16.217
64,0,2.9676,15.881,54.972,17.358
64,0,3.9781,16.276,56.804,18.218
64,0,2.6423,15.957,55.613,18.232
64,0,2.7141,16.468,59.341,19.438
64,0,3.0074,16.221,58.026,19.021
64,0,2.7926,16.502,62.345,21.309
64,0,3.7305,16.493,60.077,19.114
64,0,4.1793,16.06,54.694,16.665
64,0,3.2528,16.615,58.432,17.744
64,0,3.2788,15.887,53.907,16.355
64,0,3.5572,15.916,55.465,17.754
64,0,3.7122,15.715,51.064,15.309
64,0,3.5672,16.55,57.104,16.721
64,0,3.0338,16.297,56.505,16.889
64,0,3.0454,15.73,51.785,16.367
64,0,2.8207,15.885,55.258,18.137
64,0,3.2578,15.392,53.548,17.784
64,0,3.3663,16.456,62.24,21.591
64,0,3.5132,16.607,60.736,19.676
64,0,2.9254,16.986,64.488,20.205
64,0,3.2154,16.518,56.9,17.197
64,0,3.513,16.363,56.828,17.702
64,0,2.5921,15.194,46.03,12.533
64,0,3.6874,16.229,56.504,17.196
64,0,5.1687,16.161,56.151,17.301
64,0,2.8813,16.139,59.493,20.1
64,0,3.6282,15.972,54.766,16.419
64,0,3.4512,16.051,56.476,17.755
64,0,3.4308,15.557,53.816,17.12
64,0,3.5228,15.376,48.938,14.668
64,0,2.9778,15.784,54.884,18.48
64,0,3.0536,16.253,59.533,20.409
64,0,2.8495,16.898,64.831,21.928
64,0,2.8038,16.597,60.366,19.097
64,0,3.1307,16.173,59.358,20.083
64,0,2.9627,16.83,63.776,21.059
64,0,3.0786,16.034,57.995,19.294
64,0,2.6933,16.267,54.344,15.04
64,0,3.5859,16.924,64.004,20.784
64,0,3.7806,16.198,54.561,16.364
64,0,4.7953,16.094,57.861,18.956
64,0,3.0273,15.507,57.065,20.191
64,0,3.0488,16.337,60.259,20.523
64,0,4.2032,16.091,59.351,20.133
64,0,3.4225,16.595,60.638,19.491
64,0,3.6769,15.342,54.981,19.071
64,0,3.4485,16.358,57.682,18.295
64,0,4.1486,15.947,57.295,19.401
64,0,3.4551,15.374,50.719,16.105
64,0,2.6096,15.484,51.742,16.139
64,0,3.1939,16.007,57.655,18.674
64,0,2.4067,14.243,43.244,13.303
64,0,3.0078,15.921,53.015,16.432
64,0,3.727,16.338,55.872,17.384
64,0,4.3051,16.626,64.499,21.801
64,0,2.6247,15.832,52.485,16.118
64,0,3.3945,15.526,49.137,14.52
64,0,2.7391,16.301,56.997,17.971
64,0,3.2422,16.234,58.632,19.881
64,0,3.1901,15.786,52.086,15.709
64,0,2.8657,15.293,49.987,15.296
64,0,3.7511,15.297,51.707,17.235
64,0,3.0497,15.602,54.144,18.477
64,0,3.4135,15.937,56.674,18.665
64,0,2.9208,15.72,54.273,17.881
64,0,3.1106,15.971,57.376,19.249
64,0,3.4373,16.656,62.355,20.546
64,0,2.6181,15.902,56.706,18.319
64,0,3.2116,16.607,62.097,20.485
64,0,3.966,15.93,52.944,15.534
64,0,3.7717,15.293,50.222,15.978
64,0,3.5907,14.522,43.365,12.959
64,0,4.5944,16.733,61.261,19.622
64,0,2.8118,17.431,70.174,24.326
64,0,3.8866,16.398,57.34,18.03
64,0,3.027,16.384,60.005,20.405
64,0,2.6941,15.883,58.404,20.032
64,0,2.5845,15.075,47.733,15.032
64,0,2.673,15.847,55.303,17.766
64,0,2.6345,15.203,52.016,17.273
64,0,3.2738,14.55,44.5,13.514
64,0,3.62,15.964,55.508,17.35
64,0,2.9324,14.995,49.335,16.047
64,0,4.3477,16.124,57.194,18.745
64,0,3.4077,15.668,53.987,17.284
64,0,3.0642,15.325,50.131,15.831
64,0,2.7007,15.63,56.722,19.595
64,0,3.2519,16.185,58.944,19.18
64,0,3.2581,16.621,61.34,20.259
64,0,3.6982,16.352,58.133,18.407
64,0,2.2965,15.551,52.388,17.166
64,0,3.368,15.414,52.92,17.323
64,0,3.2014,16.272,57.345,19.014
64,0,2.677,15.921,53.382,16.186
64,0,3.7249,15.326,50.987,15.737
64,0,3.4326,15.916,53.529,16.061
64,0,2.5816,16.007,58.595,19.89
64,0,3.1556,15.693,51.99,15.714
64,0,3.2733,15.774,54.566,17.427
64,0,3.0332,15.656,54.36,17.454
64,0,3.2009,15.644,53.704,17.687
64,0,2.7691,15.219,50.534,16.047
64,0,2.9144,16.419,58.072,18.48
64,0,2.9837,16.404,55.285,16.955
64,0,2.9124,16.634,63.358,22.074
64,0,3.5825,16.906,64.663,20.974
64,0,3.9375,15.8,54.462,17.337
64,0,3.7633,15.873,55.686,18.083
64,0,2.9821,15.758,53.732,17.189
64,0,3.2184,14.891,46.411,13.599
64,0,3.3226,16.827,62.842,20.059
64,0,2.7584,15.7,53.354,17.125
64,0,2.7533,15.361,52.455,17.214
64,0,4.4383,16.064,60.125,20.676
64,0,3.5722,15.776,52.194,16.428
64,0,3.1029,14.808,47.341,15.165
64,0,4.0466,15.686,52.669,16.803
64,0,3.023,15.835,55.32,18.439
64,0,2.5665,16.009,53.829,16.385
64,0,2.4368,15.197,51.594,17.093
64,0,2.7765,14.789,50.28,17.269
64,0,4.0498,16.16,54.162,16.006
64,0,3.5252,15.994,58.059,19.532
64,0,3.1893,16.141,57.93,19.588
64,0,2.7429,16.433,55.835,16.922
64,0,2.4172,17.214,67.872,23.081
64,0,2.4281,16.3,56.203,17.391
64,0,2.445,15.641,47.873,13.944
64,0,3.1174,16.372,61.294,20.856
64,0,5.3371,14.978,48.118,15.05
64,0,3.595,15.637,55.171,18.441
64,0,3.7234,15.562,50.985,15.668
64,0,3.1207,16.675,62.283,21.011
64,0,2.3004,16.054,58.324,19.9
64,0,4.0036,15.903,56.636,18.943
64,0,3.0843,16.52,59.302,18.971
64,0,3.1524,15.534,53.136,17.803
64,0,2.4113,15.488,55.519,19.361
64,0,3.6986,15.459,52.586,16.75
64,0,3.1183,15.201,49.441,14.901
64,0,3.5202,16.446,60.699,20.027
64,0,2.4914,15.214,52.983,18.119
64,0,3.9399,16.091,53.79,16.221
64,0,3.7902,16.249,56.003,17.435
64,0,3.6212,15.88,58.828,20.31
64,0,3.0814,14.552,45.464,14.644
64,0,2.6163,15.645,53.118,16.967
64,0,2.8826,15.604,54.517,17.621
64,0,2.8015,15.734,52.011,16.194
64,0,3.1076,14.951,48.166,15.514
64,0,4.359,16.49,59.142,19.54
64,0,3.1717,16.189,59.848,20.812
64,0,3.0706,15.376,52.119,17.078
64,0,2.7502,15.531,52.456,16.623
64,0,2.7014,14.86,46.227,13.667
64,0,3.1543,16.693,62.226,20.769
64,0,3.5885,16.578,58.969,19.014
64,0,2.7519,15.749,54.792,17.769
64,0,2.9169,16.303,59.469,19.166
64,0,2.8298,16.416,59.071,19.298
64,0,4.2894,16.629,63.335,21.012
64,0,2.7294,16.138,57.435,18.026
64,0,3.7251,16.086,54.832,16.606
64,0,3.004,15.452,50.408,15.874
64,0,3.3304,15.016,46.829,14.619
64,0,3.2164,16.925,64.294,21.016
64,0,3.928,16.081,55.68,17.886
64,0,2.9964,15.229,49.144,15.099
64,0,3.4146,15.395,47.972,13.62
64,0,4.1317,15.462,47.748,13.426
64,0,2.6826,16.347,58.865,19.411
64,0,2.8942,16.889,61.766,19.569
64,0,2.492,16.165,61.84,21.275
64,0,3.1894,15.835,57.657,19.805
64,0,2.5302,16.187,59.654,19.516
64,0,3.2539,15.798,57.947,19.695
64,0,2.8982,16.765,61.946,19.933
64,0,2.465,16,58.286,19.908
64,0,4.7901,15.579,53.843,17.091
64,0,2.8564,16.354,57.827,17.575
64,0,3.7165,15.682,51.904,15.684
64,0,3.087,17.108,65.489,21.14
64,0,3.0239,17.226,64.642,21.063
64,0,3.2151,16.359,58.514,19.34
64,0,3.1058,15.994,55.786,18.159
64,0,2.8213,15.632,54.323,17.832
64,0,2.6299,16.57,63.211,21.065
64,0,3.6285,16.245,58.612,18.898
64,0,3.1173,16.429,63.661,21.098
64,0,2.807,15.829,53.935,17.121
64,0,2.8171,15.419,50.682,15.374
64,0,4.5991,16,57.527,18.722
64,0,2.4253,16.51,61.245,20.142
64,0,3.1599,16.261,55.648,16.849
64,0,4.3197,16.254,56.572,17.225
64,0,3.6366,15.322,47.441,13.774
64,0,3.2923,15.85,54.011,17.276
64,0,4.7147,15.817,54.064,17.31
64,0,3.0851,16.79,59.731,19.191
64,0,3.9527,15.339,55.229,18.702
64,0,3.0676,15.601,54.156,16.468
64,0,4.3692,15.738,53.214,16.94
64,0,2.6178,15.913,53.395,16.321
64,0,3.2931,16.109,55.205,17.676
64,0,3.7999,16.397,59.691,19.921
64,0,3.035,16.016,58.437,18.791
64,0,4.2343,15.984,53.532,16.535
64,0,2.5012,15.67,51.408,15.455
64,0,2.8671,15.688,53.765,17.147
64,0,3.1799,16.763,62.98,21.003
64,0,2.873,16.86,66.069,22.758
64,0,3.6806,15.718,53.698,17.125
64,0,3.1874,16.016,54.378,16.878
64,0,3.3995,15.061,47.411,14.025
64,0,2.9604,15.535,49.88,14.658
64,0,3.0323,15.598,57.156,19.738
64,0,2.4335,15.408,52.797,17.687
64,0,2.9793,14.948,49.428,16.093
64,0,2.7095,15.699,54.496,17.518
64,0,2.4405,15.627,50.945,16.183
64,0,5.5296,14.899,50.747,16.511
64,0,6.243,16.462,60.282,20.076
64,0,2.8743,17.009,63.53,20.311
64,0,3.2726,16.822,58.763,17.11
64,0,3.5595,16.283,61.111,21.184
64,0,3.8793,16.041,55.287,17.691
64,0,4.0385,16.229,59.272,19.957
64,0,4.1239,16.377,58.051,19.138
64,0,4.0978,16.387,59.438,20.062
64,0,2.7493,15.99,59.687,21.001
64,0,3.0973,16.001,57.46,18.634
64,0,2.7439,15.271,49.879,15.592
64,0,3.8809,16.936,58.772,18.069
64,0,4.3354,16.734,61.47,19.299
64,0,3.2567,15.125,50.72,16.922
64,0,4.0483,16.312,56.501,17.825
64,0,3.326,15.341,51.341,16.338
64,0,3.453,14.99,52.532,18.039
64,0,2.5641,15.837,56.1,18.279
64,0,3.9777,16.602,56.203,16.119
64,0,4.1308,16.099,53.202,15.801
64,0,2.696,15.102,50.535,16.023
64,0,3.5481,16.196,59.753,20.293
64,0,2.7327,15.58,54.151,17.189
64,0,3.1751,15.906,54.279,16.877
64,0,3.3404,16.974,65.064,21.693
64,0,2.9841,15.588,55.65,19.386
64,0,4.3373,16.12,53.28,15.505
64,0,3.1512,16.026,56.938,18.62
64,0,2.9794,16.087,58.183,18.977
64,0,2.8557,15.668,54.105,18.326
64,0,4.0737,15.873,57.797,19.241
64,0,2.7848,15.585,50.805,15.909
64,0,2.9107,16.235,59.343,19.779
64,0,3.4674,16.742,64.807,21.933
64,0,4.1487,17.527,72.656,25.866
64,0,4.5201,16.661,59.511,18.698
64,0,4.0348,15.934,51.337,15.411
64,0,2.9763,16.873,63.983,21.409
64,0,3.1269,16.328,60.186,19.866
64,0,3.0707,16.488,62.494,21.082
64,0,3.0067,16.842,65.018,22.463
64,0,3.3095,15.535,54.907,18.223
64,0,3.0477,16.503,59.805,19.123
64,0,3.9242,16.173,55.742,17.067
64,0,3.0072,16.262,60.164,20.6
64,0,2.9197,16.571,61.622,20.167
64,0,3.2494,15.694,53.782,17.636
64,0,2.6829,15.351,52.051,16.935
64,0,2.7163,15.62,48.162,13.551
64,0,2.9598,16.408,60.254,20.125
64,0,2.6719,15.695,55.792,18.735
64,0,2.7934,15.569,51.707,16.587
64,0,2.7634,15.073,51.539,16.842
64,0,4.304,15.772,55.52,18.074
64,0,4.3053,16.351,60.209,19.73
64,0,2.9789,16.283,55.665,17.299
64,0,3.5672,15.943,54.6,17.158
64,0,4.4531,16.865,61.671,19.845
64,0,2.8878,15.971,57.416,18.933
64,0,2.8188,16.471,61.06,19.591
64,0,3.9569,16.651,63.247,21.538
64,0,3.234,15.428,54.312,18.714
64,0,2.9981,15.815,51.539,15.261
64,0,3.1357,16.25,57.472,17.234
64,0,3.7692,15.793,55.853,18.24
64,0,3.4948,16.141,56.958,18.004
64,0,3.0796,15.642,55.677,18.792
64,0,2.8515,15.335,51.71,16.551
64,0,3.0857,16.074,56.183,17.769
64,0,3.328,16.331,59.691,20.265
64,0,2.9898,16.368,57.352,18.063
64,0,2.9103,15.87,54.49,17.551
64,0,3.5546,15.963,58.87,20.01
64,0,3.3213,16.392,57.829,18.031
64,0,3.9333,14.83,48.306,15.833
64,0,4.05,16.632,66.003,23.808
64,0,4.1897,16.121,54.809,16.247
64,0,2.9359,16.782,62.854,19.822
64,0,4.0491,15.614,55.078,18.39
64,0,3.129,16.628,59.955,19.05
64,0,3.1017,16.493,58.053,18.44
64,0,3.2429,15.414,55.51,19.129
64,0,3.3657,16.144,59.5,19.125
64,0,3.4597,15.85,54.615,17.111
64,0,2.9487,16.443,56.572,17.335
64,0,3.4497,16.927,62.528,19.584
64,0,3.6931,16.664,61.527,20.34
64,0,3.207,15.072,48.98,15.188
64,0,2.8271,15.385,52.758,17.523
64,0,3.9087,15.359,46.386,13.042
64,0,3.2371,15.375,46.984,13.041
64,0,2.7291,16.933,67.933,24.365
64,0,2.3312,15.519,55.039,18.395
64,0,3.2464,16.142,60.459,20.461
64,0,4.2739,15.935,56.491,18.581
64,0,3.3126,17.16,63.131,20.021
64,0,2.8131,15.772,54.87,17.778
64,0,3.6436,15.852,53.147,16.585
64,0,3.243,16.857,64.411,21.128
64,0,2.7084,16.645,60.249,18.875
64,0,3.1839,16.513,62.184,20.619
64,0,3.0021,16.777,59.601,17.854
64,0,3.8883,14.72,48.577,16.137
64,0,3.0501,16.004,55.889,18.084
64,0,3.925,17.611,68.581,23.094
64,0,2.5927,16.796,64.037,21.877
64,0,3.4992,16.739,60.962,19.82
64,0,4.5287,15.578,54.221,17.999
64,0,3.0354,15.271,50.279,15.835
64,0,3.9199,16.247,62.288,21.923
64,0,3.9641,16.305,59.814,19.645
64,0,2.9865,16.134,55.396,17.106
64,0,2.3792,16.664,62.423,20.595
64,0,3.6717,16.505,59.789,19.07
64,0,2.5111,15.337,52.577,17.239
64,0,3.8849,15.265,49.14,15.479
64,0,3.188,15.735,54.886,17.824
64,0,3.9522,15.465,49.621,15.146
64,0,3.4482,15.584,50.645,15.707
64,0,2.6962,15.346,52.385,16.831
64,0,3.0745,15.492,54.428,18.097
64,0,3.4545,15.424,48.164,13.846
64,0,3.3531,14.997,49.789,16.364
64,0,3.2152,16.602,59.051,18.422
64,0,4.6062,16.373,61.24,21.069
64,0,2.9261,15.174,51.944,17.414
64,0,3.4765,16.203,59.966,20.685
64,0,3.4056,15.828,55.272,18.032
64,0,3.2886,15.679,51.887,15.839
64,0,3.5431,15.658,52.571,16.656
64,0,4.5027,16.111,56.631,18.306
64,0,3.5926,16.009,58.787,20.521
64,0,5.2726,16.266,57.232,18.731
64,0,2.4472,15.545,55.022,18.705
64,0,2.8632,15.295,52.294,17.199
64,0,3.3521,15.455,51.627,16.25
64,0,2.9026,16.432,59.247,18.729
64,0,3.4692,16.407,58.655,18.359
64,0,2.6689,17.455,70.009,24.197
64,0,3.6081,15.995,55.869,17.803
64,0,2.8859,16.442,59.862,19.465
64,0,3.4431,16.421,58.563,17.609
64,0,2.6252,15.811,58.242,20.135
64,0,5.0545,15.499,51.789,15.908
64,0,3.4367,16.029,55.566,17.852
64,0,4.1908,15.747,53.313,16.104
64,0,2.6439,16.068,55.03,17.212
64,0,3.2577,14.469,43.679,13.286
64,0,4.1925,16.972,63.468,20.678
64,0,2.3997,17.145,66.567,22.154
64,0,4.3244,15.251,49.193,14.746
64,0,2.9702,16.431,60.718,20.086
64,0,4.7042,16.461,58.914,19.228
64,0,3.0121,15.302,52.281,17.195
64,0,3.3095,16.246,57.821,18.829
64,0,2.8179,15.446,51.704,16.63
64,0,3.2182,16.166,55.157,16.661
64,0,3.4328,17.02,63.514,19.889
64,0,3.594,15.464,51.589,16.857
64,0,3.151,15.429,50.391,15.504
64,0,3.0357,15.482,51.489,16.037
64,0,3.1289,15.23,48.358,14.237
64,0,4.1487,16.596,59.744,18.588
64,0,3.1231,15.506,52.058,16.534
64,0,3.2417,15.453,50.966,15.869
64,0,2.5963,17.304,67.918,23.891
64,0,3.0001,16.202,58.758,19.613
64,0,2.8285,16.491,62.302,20.973
64,0,3.5423,15.567,52.17,16.361
64,0,3.6611,15.479,49.875,14.377
64,0,3.2034,17.236,66.354,22.372
64,0,2.8025,16.085,57.027,18.623
64,0,3.1524,16.462,60.731,19.903
64,0,3.2296,16.28,58.542,18.608
64,0,3.3333,16.464,57.635,17.825
64,0,3.4879,15.39,53.579,17.36
64,0,3.0011,16.312,60.335,19.985
64,0,2.9032,15.247,51.239,16.707
64,0,2.8746,15.937,55.915,17.504
64,0,3.5381,16.974,66.725,22.509
64,0,3.1349,15.579,52.183,15.441
64,0,4.4504,15.687,55.155,18.205
64,0,2.7792,15.415,52.468,17.287
64,0,4.6053,15.355,51.423,17.124
64,0,3.4071,16.205,56.951,18.279
64,0,2.7924,16.765,63.838,21.919
64,0,3.998,15.813,54.487,17.865
64,0,2.8547,16.3,58.505,19.041
64,0,3.2331,15.816,55.384,18.823
64,0,3.5036,16.152,50.005,13.24
64,0,3.5401,16.679,61.705,20.365
64,0,3.1479,15.6,55.526,19.278
64,0,3.0252,16.154,55.94,18.123
64,0,3.5032,14.854,44.271,12.822
64,0,3.5352,15.574,50.857,16.039
64,0,3.1953,14.677,46.599,15.057
64,0,3.8547,16.342,59.406,19.376
64,0,2.8602,16.554,62.613,21.141
64,0,3.1277,16.135,57.549,17.412
64,0,2.7697,16.039,56.304,17.592
64,0,2.8362,16.276,58.017,18.315
64,0,3.0684,15.774,56.119,18.502
64,0,3.4547,16.098,55.493,17.281
64,0,3.4302,16.564,58.796,19.366
64,0,4.8883,16.381,57.288,18.015
64,0,2.9567,15.441,51.711,15.598
64,0,3.7222,16.261,57.055,17.208
64,0,4.1397,16.091,57.628,18.879
64,0,2.642,16.833,65.027,22.744
64,0,2.8116,16.873,67.255,23.695
64,0,3.3485,16.473,59.699,19.721
64,0,2.7185,16.623,60.44,19.706
64,0,3.0312,17.071,67.92,23.447
64,0,3.032,17.978,69.67,22.42
64,0,3.4876,15.326,52.865,18.127
64,0,3.1763,15.947,58.683,20.663
64,0,5.0735,16.326,56.7,18.228
64,0,4.2831,16.46,62.799,21.352
64,0,4.4092,14.617,48.191,15.571
64,0,3.048,15.163,50.849,16.405
64,0,3.2364,16.865,62.147,19.798
64,0,4.1756,16.492,63.203,21.38
64,0,3.2196,16.633,62.539,21.107
64,0,3.8607,15.595,54.658,18.158
64,0,2.8023,15.725,53.966,17.447
64,0,4.3787,16.502,57.926,18.391
64,0,2.7014,16.052,55.034,17.328
64,0,3.2556,15.536,55.112,17.976
64,0,3.3293,15.931,56.934,19.337
64,0,3.7597,15.958,54.038,16.633
64,0,3.4011,14.973,48.451,15.296
64,0,2.7779,15.71,51.436,14.098
64,0,3.5293,16.2,57.88,18.47
64,0,2.575,15.705,54.189,17.88
64,0,2.7992,16.317,61.732,21.03
64,0,3.2168,15.254,53.941,18.656
64,0,3.7337,15.642,51.835,16.338
64,0,4.5169,16.74,64.327,22.036
64,0,2.6815,16.868,66.394,22.762
64,0,3.5162,16.61,59.976,18.989
64,0,3.2349,16.511,65.892,24.157
64,0,3.99,16.416,58.987,18.898
64,0,2.6328,15.375,51.828,16.109
64,0,3.1969,16.453,60.508,19.686
64,0,3.6408,15.962,56.039,18.456
64,0,4.25,16.482,60.591,19.668
64,0,3.926,17.025,63.07,20.12
64,0,3.3577,15.651,51.971,15.902
64,0,2.9544,15.688,53.95,17.056
64,0,3.3255,16.49,57.926,18.779
64,0,2.7806,15.044,45.943,12.873
64,0,3.0733,16.32,57.164,16.73
64,0,4.0916,16.023,55.332,17.452
64,0,4.2929,15.549,51.449,15.461
64,0,3.4721,16.425,62.574,21.403
64,0,3.4462,16.066,51.555,15.218
64,0,3.1776,16.018,56.709,18.72
64,0,3.7318,17.051,65.143,19.523
64,0,3.0761,15.486,52.592,17.687
64,0,3.2473,16.519,63.285,21.048
64,0,3.9742,16.915,62.624,19.637
64,0,4.3836,15.753,51.117,15.447
64,0,3.9044,17.02,65.224,21.203
64,0,3.998,16.212,58.523,19.075
64,0,3.5668,16.441,59.997,19.546
64,0,2.7873,15.039,49.614,15.244
64,0,2.5138,16.735,62.687,20.863
64,0,3.1503,15.639,56.885,19.844
64,0,3.3519,16.294,54.231,16.251
64,0,2.4325,15.618,55.429,18.418
64,0,3.4577,15.865,53.23,16.203
64,0,3.2915,16.874,57.87,17.298
64,0,2.906,15.808,56.92,18.958
64,0,3.2775,15.221,49.116,15.965
64,0,5.5081,16.347,60.578,20.624
64,0,3.2365,16.127,53.873,16.045
64,0,3.2251,16.311,58.868,19.051
64,0,2.7666,16.616,58.88,18.523
64,0,3.2691,16.029,57.395,18.982
64,0,4.6671,15.518,48.775,13.631
64,0,5.7836,16.711,60.627,19.525
64,0,3.0382,15.789,51.842,16.388
64,0,3.5844,16.756,59.031,18.586
64,0,2.7545,16.013,54.703,17.185
64,0,3.6575,16.096,53.93,16.587
64,0,3.241,16.167,56.481,17.974
64,0,3.333,15.968,59.019,20.749
64,0,2.7692,16.114,58.399,19.438
64,0,3.5364,15.962,56.524,18.508
64,0,2.5661,17.145,69.121,23.84
64,0,2.5818,16.035,58.144,18.684
64,0,3.3232,15.741,54.239,17.754
64,0,3.9117,15.732,55.893,18.647
64,0,3.0672,15.882,56.881,18.712
64,0,3.3017,15.873,57.585,19.601
64,0,3.2125,16.154,60.104,20.81
64,0,3.6485,16.636,60.882,18.824
64,0,4.6104,15.991,56.875,19.1
64,0,2.9216,15.655,54.611,17.861
64,0,3.6673,15.41,52.837,17.153
64,0,3.6643,16.817,59.289,17.862
64,0,4.8363,16.298,58.1,18.702
64,0,2.7043,16.051,58.428,19.55
64,0,3.4529,15.627,53.91,17.165
64,0,3.1258,15.383,49.389,15.46
64,0,3.5857,16.551,60.588,20.393
64,0,2.9532,16.182,57.792,18.568
64,0,3.2208,16.087,54.813,16.398
64,0,3.1884,15.933,56.135,17.614
64,0,2.9453,16.991,63.149,19.864
64,0,2.8722,15.274,53.667,17.993
64,0,2.7731,14.293,42.949,13.354
64,0,3.3826,15.42,50.326,15.787
64,0,2.7304,16.583,62.46,20.436
64,0,2.8901,15.789,52.642,15.974
64,0,2.2588,17.003,63.707,19.821
64,0,4.0349,15.957,55.242,17.355
64,0,5.4362,15.322,49.872,15.694
64,0,4.8766,16.22,59.099,19.218
64,0,2.5651,14.998,49.868,16.044
64,0,3.9752,15.29,48.707,14.336
64,0,3.7628,17.143,66.903,21.899
64,0,3.2909,15.428,50.8,15.92
64,0,3.2167,16.443,60.839,19.722
64,0,3.3343,15.71,52.139,16.845
64,0,2.853,15.637,55.77,19.124
64,0,3.5116,16.777,64.351,22.055
64,0,3.0986,16.531,58.854,18.941
64,0,3.2684,16.917,66.467,23.334
64,0,2.6351,15.596,50.729,15.136
64,0,3.2555,14.407,43.525,13.46
64,0,3.5733,16.063,57.339,18.779
64,0,3.9888,15.5,53.487,17.965
64,0,3.239,16.636,63.982,21.967
64,0,3.6537,15.958,56.594,18.78
64,0,2.7279,16.431,65.603,23.373
64,0,3.1791,14.784,47.382,15.032
64,0,3.1178,16.809,61.93,20.1
64,0,4.1731,17.005,59.533,17.372
64,0,3.0703,16.056,56.438,17.721
64,0,3.3094,16.01,57.263,19.263
64,0,3.5621,15.993,55.971,17.242
64,0,5.0125,15.775,56.591,19.355
64,0,3.8355,16.45,59.64,18.414
64,0,2.4226,15.926,57.557,18.394
64,0,3.3557,14.878,49.136,16.487
64,0,3.3754,15.397,54.46,18.806
64,0,3.948,15.606,53.831,17.527
64,0,2.209,15.965,58.122,19.614
64,0,3.8424,15.473,51.442,16.343
64,0,3.4964,16.032,58.121,19.48
64,0,4.1592,16.663,59.822,19.02
64,0,2.664,15.938,56.032,18.306
64,0,2.9277,16.057,54.355,15.863
64,0,3.3888,17.589,65.008,19.955
64,0,3.5375,16.583,58.833,18.292
64,0,2.8976,16.027,59.119,20.225
64,0,4.2148,15.92,57.894,19.258
64,0,3.2152,16.439,60.26,19.967
64,0,2.9186,16.409,59.785,19.378
64,0,3.3781,16.681,61.186,19.685
64,0,3.1256,15.779,57.01,18.417
64,0,3.9293,17.512,71.026,24.338
64,0,3.088,14.876,43.917,11.694
64,0,3.1457,16.137,58.313,19.164
64,0,3.2059,16.255,57.038,18.614
64,0,3.5908,16.209,57.601,18.394
64,0,2.898,15.609,54.878,17.898
64,0,6.0702,16.055,56.036,18.033
64,0,3.0289,15.616,52.672,16.701
64,0,3.1042,15.503,49.815,15.899
64,0,3.6524,16.016,55.402,16.821
64,0,3.3224,15.602,55.898,19.293
64,0,3.1409,16.09,60.036,20.864
64,0,3.3727,16.025,58.166,19.369
64,0,2.9603,15.386,52.879,17.525
64,0,3.9066,15.691,51.975,16.107
64,0,3.3699,16.061,58.054,19.511
64,0,3.0865,15.981,53.664,16.015
64,0,3.216,15.036,47.703,14.736
64,0,2.7013,15.165,49.591,15.557
64,0,3.071,15.845,58.322,20.245
64,0,2.5994,16.735,62.548,20.787
64,0,3.2259,16.965,67.745,23.51
64,0,3.7091,16.808,60.07,18.61
64,0,3.859,16.252,57.926,18.468
64,0,2.6889,16.197,55.582,17.296
64,0,2.265,16.31,56.804,17.834
64,0,3.2771,16.148,59.643,19.631
64,0,4.1872,16.533,60.9,20.391
64,0,3.2391,17.01,66.226,22.126
64,0,2.6636,15.353,52.999,17.888
64,0,3.487,16.08,55.146,17.564
64,0,2.9856,16.179,61.298,21.171
64,0,3.0116,16.142,58.43,19.701
64,0,3.2534,15.817,53.007,16.735
64,0,3.3391,16.373,59.057,19.406
64,0,4.3994,16.601,58.744,18.415
64,0,2.6306,15.752,53.664,16.895
64,0,4.1375,17.446,69.342,23.439
64,0,3.6735,16.703,59.987,18.867
64,0,4.6349,15.135,50.924,16.814
64,0,3.1041,15.533,55.801,19.392
64,0,2.2808,16.024,59.439,20.325
64,0,2.9934,16.755,60.325,18.651
64,0,3.4667,17.217,67.205,21.943
64,0,3.0889,15.009,48.313,15.517
64,0,3.0863,17.974,71.446,22.95
64,0,3.1148,16.167,52.16,14.804
64,0,4.0232,15.229,52.156,17.183
64,0,3.1305,16.322,61.992,21.738
64,0,3.3235,15.03,45.299,13.165
64,0,2.6269,16.36,61.709,21.058
64,0,3.44,15.389,50.041,15.035
64,0,3.0594,15.417,58.757,22.024
64,0,2.6313,15.323,55.062,19.498
64,0,3.6893,16.797,65.257,22.601
64,0,3.416,15.701,54.36,17.753
64,0,3.8128,16.199,59.567,20.414
64,0,2.8671,15.332,50.677,16.483
64,0,2.7318,15.739,55.189,18.81
64,0,3.8247,15.864,53.082,16.462
64,0,3.2315,15.554,51.265,16.001
64,0,3.4801,15.272,53.455,17.588
64,0,3.3596,16.447,59.572,19.966
64,0,3.2578,15.933,56.011,18.538
64,0,5.969,15.323,47.336,13.733
64,0,2.9201,16.31,58.31,18.426
64,0,3.5095,16.578,64.574,22.118
64,0,3.2622,16.151,60.28,20.331
64,0,3.2711,16.402,64.054,22.874
64,0,3.3004,17.34,65.128,20.942
64,0,3.76,15.133,48.522,15.41
64,0,4.2055,16.559,61.957,20.073
64,0,2.6655,16.084,57.881,18.668
64,0,4.187,15.334,52.27,17.613
64,0,3.1521,16.332,57.041,18.214
64,0,3.3777,16.133,58.442,19.317
64,0,2.7358,16.068,54.095,15.895
64,0,4.1114,14.901,49.832,16.94
64,0,3.526,15.298,53.219,18.262
64,0,3.2912,15.255,48.734,15.096
64,0,3.0117,15.559,53.433,17.673
64,0,3.0935,16.361,59.764,19.347
64,0,2.8056,15.679,53.117,16.675
64,0,2.9578,17.373,70.16,24.992
64,0,2.7981,16.433,61.695,21.268
64,0,3.185,16.947,61.518,19.458
64,0,4.8009,16.238,59.487,20.086
64,0,4.0535,14.916,48.185,15.125
64,0,3.2497,16.268,55.783,16.711
64,0,3.0849,16.091,55.552,18.313
64,0,3.6805,16.282,59.223,18.716
64,0,2.9837,15.685,51.528,15.734
64,0,4.3548,16.028,55.945,18.531
64,0,2.5852,16.161,59.157,19.684
64,0,3.3282,15.942,53.856,16.62
64,0,3.4038,15.772,55.579,18.46
64,0,3.1153,15.742,54.364,17.401
64,0,2.9108,16.08,54.378,16.277
64,0,2.905,16.063,57.371,18.422
64,0,3.2602,15.762,55.093,18.324
64,0,3.6185,15.066,50.014,16.276
64,0,3.0104,16.376,58.082,18.764
64,0,2.5431,15.515,52.401,16.915
64,0,3.0016,16.809,59.931,18.488
64,0,2.8922,15.127,48.899,15.487
64,0,3.3202,16.4,62.146,21.214
64,0,3.2346,16.058,59.869,19.853
64,0,3.2872,17.137,65.334,21.107
64,0,3.658,15.257,49.888,15.867
64,0,3.095,16.007,58.291,19.547
64,0,2.7722,15.804,55.771,18.824
64,0,4.3109,16.066,54.085,15.437
64,0,3.0884,15.487,53.588,17.802
64,0,2.7992,15.996,57.791,19.861
64,0,2.7533,15.638,53.332,17.114
64,0,3.3972,15.862,55.522,18.426
64,0,3.3606,16.145,56.416,18.529
64,0,4.7878,16.124,55.905,18.182
64,0,3.8218,15.27,50.805,16.509
64,0,2.7275,15.728,55.356,19.011
64,0,2.5875,16.345,57.739,18.135
64,0,3.299,16.336,55.359,16.938
64,0,2.4522,17.405,69.243,22.613
64,0,3.3748,16.859,61.293,19.649
64,0,2.9948,16.859,63.733,21.459
64,0,2.9811,15.388,52.55,17.03
64,0,3.8188,16.28,55.549,17.134
64,0,3.36,16.441,56.726,17.347
64,0,3.7705,16.685,62.514,21.134
64,0,3.2387,16.153,58.344,19.41
64,0,3.507,15.599,52.14,16.621
64,0,3.392,15.572,51.883,17.001
64,0,3.3283,15.939,53.808,16.711
64,0,2.7396,14.983,47.503,14.461
64,0,3.5419,16.006,52.686,15.921
64,0,3.4691,15.61,55.027,17.929
64,0,2.8664,15.417,51.487,16.4
64,0,3.6725,15.483,50.394,14.826
64,0,2.9505,16.982,67.331,23.279
64,0,5.278,17.079,65.751,21.978
64,0,3.1147,16.549,60.885,20.264
64,0,2.9281,15.766,51.703,15.772
64,0,3.4967,16.585,60.057,19.346
64,0,3.0516,16.405,52.291,14.273
64,0,3.1786,16.929,59.077,17.154
64,0,3.245,16.564,61.533,20.202
64,0,3.0978,15.919,52.654,15.629
64,0,3.4862,15.466,52.094,16.505
64,0,3.3673,17.371,63.757,19.348
64,0,4.4017,15.747,55.285,18.16
64,0,5.1931,15.736,55.337,18.474
64,0,3.3435,15.526,57.486,20.256
64,0,4.7689,17.085,63.824,20.352
64,0,3.9738,16.903,62.66,20.298
64,0,4.5643,16.966,65.469,21.1
64,0,3.1712,15.11,50.081,16.594
64,0,2.9763,16.206,52.716,15.609
64,0,3.2318,15.39,52.277,16.935
64,0,4.3268,15.513,56.445,20.277
64,0,3.276,15.46,50.424,15.46
64,0,5.0865,15.212,48.878,15.603
64,0,2.6938,16.391,59.706,19.113
64,0,2.844,16.414,57.191,17.156
64,0,2.829,15.814,55.048,17.743
64,0,3.586,16.22,59.902,20.207
64,0,2.8436,15.893,57.555,18.339
64,0,3.6949,15.685,54.314,18.078
64,0,3.017,16.201,54.385,17.044
64,0,2.9387,15.514,52.057,15.936
64,0,3.1791,15.943,57.922,19.856
64,0,3.9036,16.184,58.11,18.884
64,0,4.6534,15.531,48.232,14.026
64,0,3.7204,15.928,55.38,18.055
64,0,2.8094,16.918,57.38,14.978
64,0,3.0167,15.74,54.126,17.121
64,0,3.6481,16.534,67.56,25.211
64,0,3.7068,16.247,56.742,17.982
64,0,3.438,15.347,50.393,16.102
64,0,4.4094,15.934,57.354,19.412
64,0,3.2018,16.345,59.933,20.304
64,1,3.6802,19.572,85.347,27.737
64,1,3.6471,17.95,75.204,26.889
64,1,3.9843,21.466,108.03,38.887
64,1,3.3106,19.179,81.46,27.821
64,1,3.9801,18.767,72.956,22.16
64,1,3.1382,19.61,87.824,30.15
64,1,3.9215,18.735,77.012,25.524
64,1,3.2358,18.507,71.48,21.712
64,1,3.0976,18.63,74.069,23.663
64,1,3.1662,19.62,83.509,27.99
64,1,3.4613,19.327,82.018,26.325
64,1,4.0198,19.656,85.657,27.208
64,1,3.6541,19.176,86.665,31.597
64,1,3.7136,18.654,75.743,24.809
64,1,4.3036,18.381,71.376,22.464
64,1,3.3164,19.416,83.68,27.635
64,1,3.0974,20.895,94.312,27.53
64,1,3.6217,19.549,81.041,25.819
64,1,2.9018,17.83,70.119,23.558
64,1,2.9538,18.301,76.329,26.059
64,1,3.2374,20.006,92.133,31.805
64,1,3.4904,19.425,88.259,30.504
64,1,3.3208,20.082,96.497,35.227
64,1,2.9048,19.912,89.617,30.14
64,1,4.531,19.411,80.869,25.669
64,1,2.9801,18.107,70.021,20.404
64,1,4.6579,18.789,75.185,23.314
64,1,3.7201,19.771,87.261,29.315
64,1,4.4432,19.45,82.805,27.463
64,1,3.7417,19.533,77.736,23.284
64,1,4.0574,19.235,82.092,26.256
64,1,5.6384,19.864,90.714,31.911
64,1,4.5829,19.502,82.004,27.683
64,1,2.9144,19.513,82.804,27.347
64,1,3.2528,20.245,89.368,28.756
64,1,3.2882,19.531,85.457,28.921
64,1,3.5381,19.974,90.731,30.947
64,1,3.2627,20.19,90.192,29.687
64,1,3.5987,19.247,84.066,28.752
64,1,3.1866,18.72,77.722,26.246
64,1,3.0532,20.282,95.582,34.071
64,1,4.9252,20.7,96.969,32.368
64,1,3.7617,18.355,74.937,25.401
64,1,4.4365,18.695,76.69,25.294
64,1,4.035,19.874,84.796,27.12
64,1,3.9773,18.948,81.182,27.643
64,1,3.8531,18.882,78.315,25.95
64,1,3.7145,19.459,81.168,25.061
64,1,3.5414,19.339,85.672,29.795
64,1,3.2751,19.569,82.625,27.583
64,1,4.8396,20.539,97.343,33.322
64,1,3.7775,19.275,81.107,25.876
64,1,4.3706,18.842,75.827,24.493
64,1,3.3353,19.656,84.959,28.446
64,1,3.1264,20.323,93.016,31.328
64,1,3.3694,19.401,86.097,29.475
64,1,4.2932,19.367,83.904,27.896
64,1,3.751,19.279,73.788,21.383
64,1,4.2383,20.123,85.659,26.64
64,1,4.2307,19.585,82.793,26.789
64,1,3.7942,20.178,86.795,28.236
64,1,3.0574,18.84,77.35,25.797
64,1,3.7827,18.99,81.336,27.322
64,1,3.7373,19.154,77.775,25.267
64,1,4.5756,18.917,77.142,24.754
64,1,3.4771,20.355,90.027,27.968
64,1,3.0211,19.593,85.553,28.8
64,1,3.1924,19.918,83.237,26.223
64,1,4.5226,18.165,73.038,23.336
64,1,2.9246,18.402,81.248,28.718
64,1,4.7149,19.262,82.412,26.507
64,1,3.3693,18.396,76.163,25.775
64,1,4.4652,19.668,87.649,29.81
64,1,3.0851,18.707,77.842,25.972
64,1,4.265,18.628,73.662,23.743
64,1,2.8596,19.433,80.633,25.295
64,1,3.2729,19.494,87.449,30.456
64,1,3.7393,18.761,75.348,24.466
64,1,3.2056,19.887,85.923,28.411
64,1,3.3164,18.854,76.066,24.072
64,1,3.6014,18.141,66.762,19.265
64,1,4.1557,20.371,95.493,33.329
64,1,3.6921,19.163,77.17,23.862
64,1,4.2559,19.189,79.763,26.153
64,1,2.8878,18.724,79.66,27.3
64,1,3.8911,18.356,76.381,25.88
64,1,3.9523,19.32,83.252,28.723
64,1,3.8445,18.495,74.542,24.569
64,1,4.2262,18.87,79.093,26.013
64,1,3.1624,18.633,74.935,24.153
64,1,3.4446,18.874,75.776,23.983
64,1,4.0062,19.316,79.429,25.132
64,1,4.0546,19.92,92.538,32.527
64,1,3.2037,20.136,89.587,29.446
64,1,3.6724,19.877,86.008,27.862
64,1,6.1747,18.773,76.495,24.755
64,1,3.6667,19.177,85.425,29.939
64,1,3.3987,20.364,88.183,27.737
64,1,5.5424,20.384,94.041,31.437
64,1,4.7131,18.162,73.777,25.124
64,1,3.5719,19.016,77.416,24.499
64,1,3.5628,19.551,81.113,25.472
64,1,3.3874,20.015,85.244,27.271
64,1,3.2067,18.91,81.873,28.354
64,1,3.3992,18.963,79.021,25.26
64,1,3.3765,18.595,75.26,24.699
64,1,2.9403,20.33,95.356,33.23
64,1,7.1252,18.963,81.143,28.453
64,1,3.7137,18.683,75.371,23.781
64,1,3.6157,18.172,72.486,24.158
64,1,2.8938,18.403,72.71,23.478
64,1,2.8713,19.76,81.773,25.525
64,1,3.4731,18.887,79.078,26.407
64,1,4.0831,19.526,86.354,29.482
64,1,2.5537,19.764,86.648,28.587
64,1,3.4956,19.036,82.429,28.491
64,1,3.296,19.561,82.329,26.071
64,1,4.1975,19.768,88.019,30.143
64,1,3.9821,19.051,82.358,28.466
64,1,5.0339,18.601,76.651,25.865
64,1,3.0594,19.178,79.954,26.362
64,1,3.0551,19.121,80.675,26.699
64,1,3.6574,19.251,81.899,28.18
64,1,4.4281,19.271,80.909,26.934
64,1,3.5856,18.325,71.493,22.336
64,1,3.9435,19.698,84.235,26.435
64,1,3.8512,19.913,88.165,29.161
64,1,3.3012,18.222,74.833,25.47
64,1,3.6727,18.879,77.218,25.117
64,1,3.4269,18.523,74.314,24.522
64,1,3.7473,19.648,86.745,28.555
64,1,5.1928,18.685,77.524,25.619
64,1,3.1541,20.058,95.407,34.066
64,1,3.6112,18.788,79.96,27.015
64,1,4.6833,20.461,90.604,29.751
64,1,3.5545,19.562,86.381,29.671
64,1,3.6772,18.485,73.065,24
64,1,3.7776,19.051,72.5,20.929
64,1,4.7162,18.832,81.256,28.685
64,1,3.5371,18.736,73.313,22.506
64,1,2.7819,18.543,72.237,22.253
64,1,4.0243,19.228,79.088,24.17
64,1,3.1255,18.309,73.248,24.248
64,1,2.9821,20.126,85.33,26.733
64,1,2.8217,19.624,78.459,23.247
64,1,3.3498,19.508,82.029,26.743
64,1,3.1415,18.108,70.582,21.836
64,1,3.6832,19.708,87.426,29.825
64,1,3.7298,18.669,75.755,25.22
64,1,3.2943,18.827,75.048,23.947
64,1,3.5195,20.089,88.926,29.517
64,1,3.9058,19.427,81.02,26.157
64,1,5.0516,18.877,78.575,26.005
64,1,2.9893,18.259,69.133,20.343
64,1,3.0588,19.051,85.444,30.583
64,1,3.2312,19.157,76.752,23.616
64,1,3.4499,18.872,78.553,26.058
64,1,2.9348,19.954,87.238,28.126
64,1,3.462,20.099,95.943,33.963
64,1,2.6807,18.034,69.994,22.967
64,1,4.0078,19.33,88.574,31.836
64,1,3.7323,18.954,76.093,23.885
64,1,3.2433,18.982,78.729,26.085
64,1,4.518,18.442,72.923,22.954
64,1,3.7897,19.103,76.184,22.149
64,1,2.3688,19.777,87.772,29.868
64,1,3.8772,18.399,75.295,25.864
64,1,5.0879,19.499,82.775,27.806
64,1,4.2674,18.923,78,25.32
64,1,3.3731,19.564,84.07,28.046
64,1,4.3239,20.232,90.057,30.031
64,1,2.9594,19.776,89.05,31.125
64,1,3.4305,18.866,79.041,25.659
64,1,3.103,21.99,108.37,36.43
64,1,4.6606,19.546,91.261,32.369
64,1,3.7864,18.668,79.431,26.94
64,1,5.1312,20.707,102.26,36.841
64,1,3.5454,19.341,80.074,25.853
64,1,4.0757,20.444,87.461,27.102
64,1,4.9558,19.741,88.106,29.678
64,1,4.9191,20.189,91.346,29.708
64,1,3.7525,19.685,83.424,26.198
64,1,3.8191,19.333,82.175,26.305
64,1,3.8931,19.252,82.531,27.833
64,1,4.2711,19.425,80.005,25.761
64,1,3.5587,19.838,84.557,26.992
64,1,4.5941,20.278,90.349,29.645
64,1,3.4008,19.862,85.183,28.117
64,1,4.3036,20.024,86.341,26.992
64,1,3.8086,19.974,89.428,30.309
64,1,4.8672,18.197,72.734,24.374
64,1,3.892,20.209,92.124,31.646
64,1,4.1387,19.252,79.124,25.42
64,1,3.2819,19.349,84.274,28.041
64,1,3.2868,20.068,90.657,31.282
64,1,5.4093,18.703,77.087,25.204
64,1,3.9622,19.13,80.725,25.657
64,1,2.7504,20.274,94.094,31.505
64,1,3.903,19.036,77.044,25.163
64,1,3.7547,19.091,79.236,25.647
64,1,2.6581,19.269,82.32,26.874
64,1,3.4735,18.366,71.65,23.423
64,1,3.4557,19.606,85.111,27.59
64,1,3.5841,19.697,89.496,30.294
64,1,2.8321,19.115,81.741,26.833
64,1,3.952,17.983,65.99,19.556
64,1,4.1567,19.112,79.599,26.828
64,1,4.2493,19.896,85.414,26.934
64,1,3.4158,19.737,86.899,28.996
64,1,3.8333,19.946,92.153,31.45
64,1,4.6636,18.551,68.899,20.224
64,1,5.033,20.029,90.304,30.57
64,1,3.9297,18.304,72.652,23.251
64,1,3.8014,20.143,86.537,27.471
64,1,3.618,18.305,69.25,20.341
64,1,3.5671,19.22,76.212,22.852
64,1,4.149,19.365,83.046,27.916
64,1,3.7697,18.569,76.757,25.491
64,1,3.1429,18.981,80.506,27.287
64,1,3.4648,19.967,91.266,31.271
64,1,3.6999,19.361,80.901,26.096
64,1,2.9585,19.656,83.887,26.17
64,1,3.4788,19.362,85.573,29.558
64,1,4.7467,18.057,73.042,25.324
64,1,2.7218,19.468,86.123,29.4
64,1,3.2892,19.311,85.645,29.99
64,1,2.9899,19.369,81.665,25.301
64,1,3.6374,20.013,87.433,28.377
64,1,3.9556,18.948,82.769,28.473
64,1,3.4743,20.285,93.737,32.168
64,1,3.1155,20.307,90.091,29.494
64,1,2.7496,19.099,84.123,29.897
64,1,2.5304,20.368,98.117,34.281
64,1,3.7083,18.43,70.286,20.986
64,1,4.2888,19.981,89.417,30.7
64,1,5.0567,18.972,78.916,24.919
64,1,4.3414,19.314,80.031,25.242
64,1,3.5605,19.566,78.636,23.918
64,1,3.6096,20.161,85.627,27.063
64,1,3.801,18.63,73.457,22.538
64,1,4.3812,19.88,84.405,27.445
64,1,4.0939,20.497,94.474,32.063
64,1,3.3045,19.397,83.132,27.316
64,1,3.4542,19.002,76.76,23.581
64,1,3.0648,18.547,73.034,22.822
64,1,4.0327,19.909,82.477,24.791
64,1,3.4436,19.161,78.638,25.902
64,1,3.4235,18.813,80.941,27.275
64,1,3.5477,20.801,96.827,32.399
64,1,2.6705,20.285,92.725,32.045
64,1,2.9249,19.661,87.379,29.8
64,1,4.03,18.706,81.634,28.415
64,1,3.8029,19.72,83.092,27.33
64,1,2.9379,18.234,69.352,20.546
64,1,3.8963,18.539,77.299,25.044
64,1,3.1741,20.158,90.81,30.592
64,1,3.0206,20.291,90.272,29.446
64,1,5.4902,18.961,83.266,28.85
64,1,3.3975,19.003,78.534,25.324
64,1,2.7468,19.506,76.374,21.192
64,1,3.2108,18.935,82.203,27.581
64,1,3.1964,19.138,79.116,25.48
64,1,5.0275,19.438,81.18,25.154
64,1,3.9074,19.124,82.583,28.071
64,1,3.6652,19.854,80.927,24.966
64,1,3.2923,19.136,86.823,31.528
64,1,4.3105,17.836,64.085,19.49
64,1,4.0959,19.799,84.086,26.014
64,1,3.8371,19.23,82.554,26.94
64,1,2.9493,18.86,80.655,27.894
64,1,3.5302,20.247,90.198,30.642
64,1,3.2092,19.165,80.914,26.818
64,1,3.2339,19.251,84.267,28.69
64,1,3.9404,20.384,92.125,29.661
64,1,3.8749,17.437,63.947,19.709
64,1,3.8511,18.186,72.859,24.401
64,1,3.7162,19.356,86.213,28.985
64,1,5.6898,18.025,73.735,26.25
64,1,3.0843,19.053,78.804,25.528
64,1,3.4895,18.59,79.357,27.446
64,1,3.7217,18.672,76.16,24.693
64,1,3.378,18.779,76.064,23.886
64,1,3.4402,19.354,84.496,28.79
64,1,3.4811,18.094,72.728,24.261
64,1,3.0205,18.783,78.941,26.81
64,1,3.4658,19.948,87.396,29.339
64,1,3.4464,19.187,75.63,23.676
64,1,2.7973,18.591,77.461,26.369
64,1,3.3025,17.586,67.598,21.453
64,1,2.9122,18.093,73.199,24.409
64,1,3.5109,19.047,82.129,28.51
64,1,2.9219,20.116,88.658,27.251
64,1,3.468,19.088,88.134,31.725
64,1,3.3086,19.752,87.173,29.036
64,1,4.8901,19.467,84.008,28.601
64,1,3.417,19.476,77.113,23.458
64,1,3.5222,19.099,81.592,27.678
64,1,5.904,20.044,81.926,25.195
64,1,5.6916,19.204,80.252,23.943
64,1,3.7669,18.515,76.344,25.57
64,1,6.1249,19.063,84.091,29.691
64,1,3.4065,20.742,97.253,33.206
64,1,2.89,18.511,70.397,21.636
64,1,2.8319,19.74,77.738,20.56
64,1,3.6938,20.105,87.704,28.433
64,1,5.0559,19.287,83.185,27.943
64,1,2.9415,20.011,85.93,27.191
64,1,3.5651,18.883,75.902,24.527
64,1,3.1909,19.347,80.391,26.08
64,1,3.8392,18.935,78.911,26.701
64,1,3.3504,19.308,77.65,23.862
64,1,3.4629,19.681,89.24,31.222
64,1,2.8662,20.838,94.336,29.912
64,1,4.0564,18.986,81.356,27.844
64,1,5.9635,19.468,81.798,25.414
64,1,2.7146,19.174,79.496,25.946
64,1,3.1918,19.334,78.079,24.343
64,1,2.7939,21.54,105.99,36.63
64,1,5.2632,18.977,76.931,24.797
64,1,3.7087,18.475,74.948,23.281
64,1,3.3469,20.026,86.548,27.975
64,1,4.1485,19.428,82.027,27.14
64,1,3.1146,18.216,70.725,23.069
64,1,3.7604,19.54,86.654,30.217
64,1,2.6058,19.625,88.526,31.294
64,1,3.6871,19.42,84.555,28.02
64,1,3.1322,20.038,86.086,27.788
64,1,4.1416,19.587,86.812,30.141
64,1,3.474,19.694,80.795,25.05
64,1,3.2873,18.585,76.323,26.002
64,1,3.5574,19.297,87.614,30.979
64,1,3.9181,19.207,78.696,25.304
64,1,3.1499,18.305,73.952,24.876
64,1,3.4709,18.531,70.485,20.612
64,1,3.6355,18.307,73.026,22.613
64,1,3.6654,19.755,93.854,33.975
64,1,2.764,20.197,84.785,26.602
64,1,3.9525,19.537,83.043,25.643
64,1,5.0723,20.071,87.968,28.386
64,1,3.6796,20,92.15,31.485
64,1,3.8214,18.862,73.525,22.996
64,1,4.3941,20.48,90.289,29.58
64,1,3.4564,18.792,77.875,25.912
64,1,3.6549,19.924,86.286,28.132
64,1,3.1257,18.889,77.873,24.816
64,1,5.5945,17.962,70.436,22.788
64,1,4.4773,20.145,88.769,28.306
64,1,4.9632,20.543,93.417,31.408
64,1,3.4954,18.719,74.727,23.697
64,1,3.5241,20.832,93.358,29.7
64,1,3.7102,19.164,78.225,24.431
64,1,3.2803,18.304,71.963,22.817
64,1,4.5236,19.825,90.69,32.015
64,1,3.7187,18.283,70.608,21.876
64,1,3.5155,18.809,81.867,29.013
64,1,3.8881,18.351,74.892,25.463
64,1,3.7944,19.565,84.061,27.989
64,1,3.1592,20.063,90.552,31.21
64,1,3.5066,17.856,66.451,20.876
64,1,4.4869,19.573,83.342,27.26
64,1,2.5563,19.778,89.021,30.512
64,1,4.6546,18.388,72.508,21.834
64,1,3.1087,17.998,65.114,18.893
64,1,4.5868,18.222,72.112,23.425
64,1,3.7554,18.122,72.072,23.682
64,1,3.7408,18.272,71.274,22.767
64,1,4.7195,18.517,78.033,26.883
64,1,3.8112,18.769,84.149,31.465
64,1,3.5597,19.438,80.608,26.275
64,1,2.8728,19.134,78.12,25.213
64,1,4.5631,19.755,86.472,28.926
64,1,7.6324,18.43,70.26,21.692
64,1,4.2665,19.64,81.949,26.004
64,1,4.4245,19.096,83.421,29.199
64,1,3.9529,18.984,78.684,26.439
64,1,3.6166,18.789,78.788,26.136
64,1,3.2913,19.442,87.616,30.75
64,1,3.9044,19.284,82.632,27.347
64,1,3.2457,19.858,85.731,26.595
64,1,4.4699,19.251,82.044,27.918
64,1,4.0982,19.246,82.77,27.915
64,1,3.9326,19.202,84.383,28.304
64,1,4.7308,18.317,72.061,22.923
64,1,3.8761,19.148,83.193,28.108
64,1,4.489,18.744,76.494,24.516
64,1,3.292,18.262,71.512,22.641
64,1,3.5582,19.545,87.892,31.06
64,1,3.2987,18.308,73.123,24.229
64,1,3.7597,20.287,92.339,30.819
64,1,3.1535,19.972,84.472,26.814
64,1,3.9382,19.618,82.974,26.811
64,1,4.0345,19.133,80.902,27.455
64,1,4.5406,17.926,72.497,24.529
64,1,4.7009,19.54,84.859,28.289
64,1,3.4268,18.236,72.263,22.911
64,1,3.7491,19.677,89.004,30.748
64,1,4.1493,18.478,74.105,23.228
64,1,3.8301,19.292,82.25,26.961
64,1,4.5785,19.094,73.708,20.803
64,1,3.5757,18.995,77.976,24.636
64,1,3.8461,18.862,78.606,25.332
64,1,5.0091,19.078,82.29,28.437
64,1,3.2158,19.093,85.794,30.537
64,1,3.4342,19.349,84.271,29.264
64,1,3.1372,19.759,85.229,28.409
64,1,4.3192,20.021,87.414,28.343
64,1,3.1818,19.503,84.089,27.812
64,1,4.0225,19.747,82.749,26.372
64,1,3.0266,18.798,77.866,25.665
64,1,4.4134,19.879,85.457,27.957
64,1,5.3965,18.803,73.511,21.164
64,1,2.7882,19.249,84.511,28.149
64,1,4.0231,18.599,78.331,26.617
64,1,3.4842,17.94,67.718,20.808
64,1,3.1502,18.763,81.949,29.104
64,1,3.3177,19.415,80.463,25.997
64,1,3.7932,18.866,76.887,25.104
64,1,3.6584,19.858,85.79,28.076
64,1,3.2377,20.165,91.848,31.738
64,1,2.8429,19.043,80.214,26.981
64,1,3.3667,18.697,80.077,28.083
64,1,3.0838,19.36,82.36,26.062
64,1,4.805,20.182,81.222,22.62
64,1,3.7425,19.294,76.094,22.385
64,1,4.2652,19.309,83.631,27.856
64,1,4.1459,19.143,87.174,31.357
64,1,4.2269,19.33,81.316,25.268
64,1,4.9816,19.141,78.972,25.74
64,1,4.0467,19.725,86.741,28.779
64,1,3.5629,18.491,67.603,19.366
64,1,3.8095,18.328,75.21,24.918
64,1,3.4893,18.863,78.061,25.977
64,1,3.6349,18.926,77.769,25.203
64,1,4.1409,19.968,85.12,26.391
64,1,3.0011,20.313,92.483,30.581
64,1,4.6502,19.742,82.969,26.036
64,1,3.923,19.137,80.702,27.229
64,1,4.2175,17.937,68.56,21.92
64,1,3.9481,19.517,84.323,28.032
64,1,3.6543,19.45,81.387,26.728
64,1,3.7588,19.671,88.108,30.569
64,1,5.2013,18.951,74.43,21.624
64,1,3.0126,19.696,88.098,30.634
64,1,4.2783,18.517,70.511,21.344
64,1,3.6897,19.446,77.454,22.705
64,1,3.4057,19.299,81.454,26.864
64,1,3.6115,19.074,81.892,28.328
64,1,4.7674,18.854,76.74,25.606
64,1,4.4744,18.179,70.002,22.653
64,1,4.4682,18.971,76.937,24.323
64,1,4.4668,20.915,103.34,37.01
64,1,5.4217,18.969,79.193,26.193
64,1,4.7927,19.275,79.308,25.042
64,1,3.2232,18.359,80.963,29.12
64,1,2.8089,19.795,86.177,28.564
64,1,4.0114,19.237,85.238,29.978
64,1,4.1104,19.618,86.868,29.376
64,1,3.3242,19.12,80.02,25.165
64,1,2.976,18.394,69.758,21.431
64,1,3.4899,19.911,84.867,27.489
64,1,2.8652,20.292,92.36,30.297
64,1,3.0011,19.42,84.173,28.599
64,1,3.1561,19.492,76.409,22.177
64,1,3.2094,19.825,86.902,28.992
64,1,4.3297,19.723,89.603,30.598
64,1,5.1062,19.435,88.577,31.405
64,1,3.8718,18.59,78.322,26.206
64,1,6.285,18.57,76.524,25.852
64,1,3.6046,19.551,83.168,26.086
64,1,3.4159,18.767,73.32,21.985
64,1,3.3913,19.559,84.884,28.1
64,1,3.9869,19.553,83.583,27.587
64,1,3.2954,19.411,81.293,26.284
64,1,3.3787,19.361,80.533,25.866
64,1,4.9094,17.519,67.532,21.152
64,1,3.5055,19.413,80.446,25.645
64,1,3.1068,19.194,78.09,24.879
64,1,4.0365,18.813,80.55,27.479
64,1,3.3149,21.157,95.727,30.88
64,1,3.3351,19.836,85.769,25.57
64,1,4.1939,18.517,79.091,27.657
64,1,3.4394,20.688,97.352,33.216
64,1,3.5422,18.913,77.562,24.542
64,1,3.994,18.346,73.624,24.544
64,1,3.6583,19.465,84.918,28.591
64,1,4.791,18.934,74.414,22.827
64,1,3.0293,19.746,89.731,31.059
64,1,4.4893,18.581,77.232,26.902
64,1,3.6164,19.566,88.027,30.614
64,1,3.0456,19.445,82.764,27.915
64,1,3.486,20.809,91.036,28.466
64,1,2.8967,19.367,79.925,25.632
64,1,3.6806,18.474,71.914,22.809
64,1,3.4689,18.262,72.697,23.736
64,1,3.137,19.951,96.063,36.02
64,1,3.014,20.519,87.835,27.523
64,1,3.6601,19.106,76.258,24.41
64,1,3.1868,19.169,86.778,30.976
64,1,2.917,17.783,71.33,24.138
64,1,3.9786,18.361,73.204,23.596
64,1,3.5237,17.85,64.652,18.857
64,1,3.1281,19.445,82.789,26.519
64,1,3.7672,18.626,75.143,23.526
64,1,3.6021,19.675,87.044,29.024
64,1,4.8656,18.124,64.684,17.901
64,1,2.8346,17.919,70.048,22.478
64,1,4.4151,18.831,72.86,22.174
64,1,2.9768,18.364,75.024,24.578
64,1,5.4274,18.632,76.874,25.794
64,1,3.0588,17.918,70.335,23.446
64,1,3.5835,18.6,77.444,24.996
64,1,2.8493,19.544,85.442,28.421
64,1,3.2333,19.888,89.475,30.622
64,1,4.6344,19.246,73.476,21.62
64,1,3.5286,19.644,87.432,30.183
64,1,3.1213,19.159,78.773,25.733
64,1,3.0623,18.234,72.901,24.77
64,1,2.7386,18.571,76.7,25.89
64,1,3.4587,19.415,79.963,24.003
64,1,3.1071,19.183,83.18,27.52
64,1,2.8421,18.265,78.032,27.353
64,1,4.1817,19.772,87.121,28.82
64,1,3.8735,18.187,73.072,24.412
64,1,3.4279,19.672,81.407,24.863
64,1,3.3476,18.602,78.692,27.182
64,1,3.5017,19.973,84.65,27.146
64,1,3.3869,18.858,77.224,25.175
64,1,2.919,18.843,79.697,26.769
64,1,3.6489,19.677,86.658,29.31
64,1,2.5626,18.558,71.959,22.207
64,1,3.6534,19.867,89.632,31.554
64,1,3.1548,18.456,75.492,25.022
64,1,2.8944,18.297,76.189,26.098
64,1,3.5112,19.39,79.616,25.777
64,1,3.1753,19.526,87.474,30.122
64,1,4.6018,20.321,90.323,29.613
64,1,4.5108,22.127,114.74,40.278
64,1,4.5992,19.303,80.088,25.905
64,1,3.8068,18.098,72,24.31
64,1,3.9442,19.883,84.574,27.761
64,1,3.0647,18.631,75.759,24.899
64,1,3.3995,18.54,72.831,22.747
64,1,4.0789,18.572,71.713,22.042
64,1,2.9594,19.866,84.579,27.555
64,1,3.5861,19.317,84.613,29.038
64,1,4.2363,18.143,66.794,19.928
64,1,4.4119,19.939,84.894,26.766
64,1,3.958,19.561,79.968,24.552
64,1,4.2256,19.176,80.302,27.315
64,1,4.0738,19.303,79.062,25.74
64,1,3.1445,20.068,81.251,24.042
64,1,3.456,18.562,79.12,27.879
64,1,3.6134,18.886,80.35,26.455
64,1,4.7187,19.201,80.262,25.449
64,1,4.0596,18.591,75.017,23.718
64,1,4.4847,20.974,98.823,31.355
64,1,5.6677,18.66,71.82,22.374
64,1,2.924,19.831,87.578,29.276
64,1,2.6,18.833,76.722,23.656
64,1,4.7215,20.382,96.171,34.156
64,1,4.3488,19.843,84.865,27.336
64,1,4.0415,17.996,71.51,24.459
64,1,3.4125,18.706,77.559,25.674
64,1,3.3311,19.016,77.155,24.743
64,1,3.7975,19.94,86.662,28.112
64,1,3.0189,19.061,77.143,25.03
64,1,4.0415,19.435,79.366,24.286
64,1,3.14,18.972,77.699,24.223
64,1,5.3618,18.562,76.432,25.296
64,1,2.9558,19.269,84.089,28.855
64,1,3.6457,19.031,77.13,23.773
64,1,3.3846,19.544,81.224,25.983
64,1,3.3403,20.424,92.787,29.736
64,1,3.3745,18.52,73.224,23.539
64,1,4.7143,20.006,92.391,31.94
64,1,3.3088,19.079,77.048,24.037
64,1,2.8873,19.653,86.535,29.318
64,1,3.0272,20.297,91.347,30.931
64,1,4.0468,20.465,94.351,31.168
64,1,3.3273,19.254,80.837,26.665
64,1,3.4061,19.08,77.894,25.736
64,1,3.4594,19.359,81.862,26.43
64,1,3.376,19.184,75.614,23.01
64,1,4.3089,19,77.55,24.127
64,1,2.7117,19.476,87.438,30.815
64,1,3.2682,19.532,80.295,25.098
64,1,3.4997,19.84,93.339,32.708
64,1,3.4013,19.78,88.523,30.1
64,1,5.8949,19.318,79.133,24.834
64,1,3.1956,19.479,79.907,24.35
64,1,4.6818,19.351,81.763,26.995
64,1,4.8585,18.487,73.949,23.505
64,1,4.2919,20.041,88.022,28.696
64,1,4.064,19.561,82.231,27.013
64,1,4.9094,21.067,99.124,32.868
64,1,3.721,19.219,81.974,26.4
64,1,3.4322,20.044,88.601,28.095
64,1,3.484,18.813,82.28,28.854
64,1,2.9909,19.899,93.038,32.679
64,1,5.7767,18.559,73.141,22.259
64,1,3.5193,19.263,84.615,29.492
64,1,3.8067,19.679,86.363,28.707
64,1,3.0435,19.952,90.337,29.912
64,1,3.361,18.924,79.261,25.105
64,1,3.5195,19.488,80.522,25.114
64,1,3.8695,18.397,71.814,21.916
64,1,4.4391,19.104,84.309,30.012
64,1,2.8751,19.391,81.503,26.445
64,1,5.8058,20.109,85.778,27.896
64,1,4.6087,19.547,81.515,26.058
64,1,3.78,19.192,79.838,25.982
64,1,4.7445,19.026,75.987,23.11
64,1,3.1012,19.256,80.566,26.495
64,1,3.871,19.118,79.345,26.203
64,1,4.0971,19.216,76.215,23.167
64,1,3.9447,19.375,78.39,23.124
64,1,3.1952,17.553,65.977,20.279
64,1,4.2193,19.966,92.286,32.598
64,1,4.1873,18.934,75.413,24.515
64,1,3.7193,20.103,87.137,27.509
64,1,3.2119,19.708,91.248,32.573
64,1,2.9041,19.158,78.316,25.113
64,1,4.0521,18.879,72.445,22.372
64,1,3.4078,19.385,80.281,26.109
64,1,3.5974,18.463,75.466,25.177
64,1,3.0938,19.239,81.516,26.72
64,1,4.3046,19.749,84.151,27.191
64,1,6.8038,18.213,77.144,27.352
64,1,3.481,18.92,72.533,22.272
64,1,4.1422,18.653,80.323,28.371
64,1,3.1861,18.891,78.471,26.532
64,1,4.3863,18.986,78.463,26.337
64,1,4.3421,18.695,75.933,24.548
64,1,2.7569,19.158,80.671,26.701
64,1,3.6338,18.58,73.084,21.913
64,1,4.0629,20.017,92.794,32.513
64,1,4.1119,20.107,86.91,28.389
64,1,3.3561,19.014,78.034,24.656
64,1,5.3106,20.159,93.784,32.559
64,1,4.4129,19.502,87.998,30.913
64,1,3.5205,20.273,94.912,33.082
64,1,3.1848,21.076,102.47,36.47
64,1,3.188,19.118,84.839,30.259
64,1,3.094,19.721,84.622,27.868
64,1,3.4386,18.642,78.388,26.365
64,1,4.0414,18.085,68.991,21.578
64,1,4.1538,19.213,83.168,27.846
64,1,5.4106,18.647,78.01,26.153
64,1,3.4814,19.401,79.022,25.098
64,1,3.8736,20.748,92.461,29.439
64,1,3.2893,19.207,80.362,26.513
64,1,3.402,20.196,85.831,24.732
64,1,4.358,19.638,85.455,28.451
64,1,3.8389,19.407,86.332,30.37
64,1,3.7434,19.64,86.115,27.881
64,1,3.2519,20.059,84.737,26.516
64,1,3.5682,19.494,84.628,28.147
64,1,3.2711,19.874,89.372,29.965
64,1,2.9622,19.685,85.759,28.168
64,1,3.7734,18.354,66.236,19.094
64,1,3.1225,19.431,82.017,26.958
64,1,3.2289,18.659,78.039,26.375
64,1,3.4582,19.808,91.512,31.273
64,1,4.7255,18.657,74.971,23.711
64,1,3.7765,19.125,79.599,26.155
64,1,5.2214,20.035,87.488,28.966
64,1,3.8975,18.292,74.759,24.871
64,1,4.0294,18.011,72.854,24.105
64,1,3.5274,20.646,91.942,29.972
64,1,3.2904,18.624,70.679,20.966
64,1,3.7354,19.851,82.131,25.792
64,1,4.4058,18.104,71.241,20.181
64,1,3.1327,19.767,91.223,31.93
64,1,3.732,20.051,87.831,28.946
64,1,3.959,19.337,79.667,25.617
64,1,3.6047,19.027,86.604,31.749
64,1,3.9628,19.392,87.11,31.06
64,1,3.1832,20.009,85.51,27.524
64,1,3.4795,19.33,80.766,25.795
64,1,5.2163,18.835,74.427,23.009
64,1,4.7945,18.991,77.566,24.859
64,1,5.0033,20.382,86.872,26.382
64,1,4.3791,20.505,88.482,26.772
64,1,3.6774,19.022,76.321,24.135
64,1,3.0494,19.444,83.205,27.527
64,1,3.3996,18.712,75.505,24.271
64,1,3.7937,19.125,79.369,25.843
64,1,2.8067,19.688,80.445,23.949
64,1,3.2665,19.113,76.921,24.748
64,1,4.578,19.397,82.867,27.502
64,1,2.979,18.544,74.745,24.631
64,1,3.0233,19.066,79.674,25.836
64,1,3.7357,19.077,81.65,27.771
64,1,3.0683,20.255,92.066,31.256
64,1,3.7202,17.835,68.994,22.232
64,1,3.6918,19.631,81.982,25.959
64,1,3.6941,19.403,82.164,27.689
64,1,4.2191,19.397,80.621,25.094
64,1,5.0425,18.964,76.456,23.941
64,1,3.8432,19.048,80.479,27.411
64,1,3.3345,18.41,72.884,23.637
64,1,4.0864,19.845,87.609,29.777
64,1,4.221,20.397,92.772,29.382
64,1,3.9226,18.596,71.852,23.091
64,1,3.4232,18.565,75.747,25.546
64,1,3.8379,17.921,70.371,23.844
64,1,3.0704,19.881,88.134,28.985
64,1,3.483,19.911,88.122,29.566
64,1,3.1327,19.214,78.988,24.791
64,1,3.4486,19.715,85.074,27.351
64,1,3.0432,19.913,88.477,29.733
64,1,3.0524,19.618,82.212,26.43
64,1,3.5813,20.018,86.187,26.828
64,1,3.5063,19.036,82.873,28.563
64,1,3.4133,19.972,83.084,24.339
64,1,4.3855,18.724,74.854,23.671
64,1,3.4758,19.558,88.6,30.989
64,1,3.9108,17.247,69.827,25.195
64,1,3.4029,20.559,94.24,30.439
64,1,2.9224,19.021,79.645,25.84
64,1,4.2087,20.399,86.438,27.447
64,1,3.0888,18.66,76.527,24.883
64,1,3.3225,19.724,88.716,30.237
64,1,4.1353,18.553,77.289,25.832
64,1,3.3833,18.978,80.51,27.097
64,1,3.174,18.61,76.812,25.383
64,1,3.2025,17.848,71.506,23.987
64,1,2.9298,19.466,81.191,26.347
64,1,3.1702,18.768,72.905,21.365
64,1,2.9453,19.735,83.598,26.875
64,1,3.3532,20.067,89.099,28.568
64,1,4.4703,18.915,83.659,30.012
64,1,4.1759,18.7,78.081,24.69
64,1,3.6803,19.817,88.084,29.018
64,1,3.0793,20.18,84.913,25.492
64,1,3.9415,19.403,80.202,24.994
64,1,3.15,18.88,82.521,29.296
64,1,3.893,19.216,77.721,23.734
64,1,3.8003,18.55,70.603,21.936
64,1,3.6815,19.478,79.173,23.334
64,1,3.0543,19.498,85.964,29.646
64,1,5.3368,20.091,89.692,29.999
64,1,4.2558,17.792,69.919,23.422
64,1,3.7088,18.827,82.71,29.662
64,1,3.648,18.255,76.718,26.581
64,1,2.9685,19.058,78.376,25.162
64,1,3.28,19.072,85.516,30.445
64,1,3.4823,18.276,74.597,25.616
64,1,4.3959,19.011,74.603,22.189
64,1,4.479,18.493,73.737,23.607
64,1,3.5976,19.235,80.554,26.544
64,1,3.5699,18.319,72.929,23.69
64,1,3.7654,20.074,93.743,33.897
64,1,3.6546,18.65,75.81,25.315
64,1,3.3072,19.289,80.449,25.544
64,1,3.1967,19.056,78.552,25.768
64,1,3.8254,19.755,82.776,25.85
64,1,3.1318,18.45,72.401,22.004
64,1,3.4726,19.161,80.337,26.414
64,1,3.3723,18.86,79.544,27.103
64,1,4.5199,18.868,73.594,22.772
64,1,3.6056,17.961,69.094,22.092
64,1,2.8868,17.937,72.376,23.825
64,1,3.2994,18.364,71.59,22.818
64,1,3.2546,19.728,85.869,28.338
64,1,4.264,18.604,74.705,24.092
64,1,3.9777,19.439,83.386,27.878
64,1,3.2494,19.189,82.544,27.724
64,1,4.7975,18.129,72.763,23.698
64,1,3.2064,18.635,78.192,25.552
64,1,3.6307,19.558,81.156,26.119
64,1,3.4262,19.511,85.625,29.213
64,1,3.489,19.358,82.296,26.909
64,1,3.7851,20.118,88.802,29.923
64,1,4.593,18.174,71.247,22.525
64,1,5.4933,19.006,77.148,23.771
64,1,3.3065,18.689,74.225,23.243
64,1,3.6551,20.402,88.995,28.91
64,1,3.6709,19.079,80.137,25.609
64,1,3.4975,19.887,92.755,31.358
64,1,3.6414,19.042,81.701,28.197
64,1,4.2388,18.333,69.287,21.15
64,1,3.3369,18.728,73.363,23.277
64,1,4.8685,18.846,77.298,24.924
64,1,3.6361,18.565,79.204,26.437
64,1,4.1533,19.275,82.774,28.988
64,1,3.7684,20.203,82.72,24.179
64,1,3.4602,19.414,81.617,26.173
64,1,3.3481,19.503,83.058,26.528
64,1,3.4061,18.983,73.698,21.038
64,1,3.2144,18.937,81.401,27.398
64,1,3.488,20.716,94.662,31.537
64,1,3.0046,20.649,92.797,29.313
64,1,5.4271,20.14,86.131,27.86
64,1,3.699,19.412,86.256,29.302
64,1,4.4223,20.12,90.723,31.11
64,1,3.5861,20.923,96.953,32.088
64,1,3.2682,20.562,89.802,29.021
64,1,5.1248,20.018,87.274,28.684
64,1,3.4563,19.417,81.857,26.707
64,1,4.5065,19.719,83.641,28.125
64,1,4.0323,19.76,84.825,28.004
64,1,3.09,21.512,96.065,29.577
64,1,3.0695,19.097,80.484,26.188
64,1,3.8394,19.689,88.04,28.456
64,1,3.3332,19.632,84.631,27.851
64,1,4.276,19.776,87.326,29.14
64,1,3.7573,19.255,84.79,28.641
64,1,3.132,19.492,83.767,27.924
64,1,3.4012,19.929,86.853,28.484
64,1,3.6695,19.215,78.909,24.022
64,1,4.0083,19.523,79.567,24.248
64,1,3.555,20.973,95.69,32.212
64,1,3.5698,19.629,85.911,28.842
64,1,3.5749,18.839,78.937,26.031
64,1,2.9642,18.446,76.016,25.588
64,1,3.5395,19.524,82.234,26.917
64,1,3.5139,20.569,93.134,30.54
64,1,3.5979,19.041,74.194,21.548
64,1,3.4001,19.427,79.3,23.557
64,1,3.6812,19.662,81.796,24.829
64,1,2.3403,19.337,83.253,27.949
64,1,5.2359,19.008,76.629,24.299
64,1,3.2013,18.629,80.028,27.074
64,1,3.7403,19.343,80.572,25.845
64,1,3.73,19.558,85.94,29.482
64,1,3.3247,19.311,82.573,26.881
64,1,5.0537,19.984,87.147,27.528
64,1,3.4093,18.902,78.689,26.927
64,1,3.1123,18.242,71.548,23.121
64,1,2.9045,19.673,83.785,26.292
64,1,3.1158,19.131,78.248,25.55
64,1,4.7712,19.637,83.9,27.339
64,1,4.4492,20.144,87.642,28.272
64,1,2.9381,19.115,80.684,27.149
64,1,3.7431,19.662,87.187,29.449
64,1,3.803,18.216,70.236,22.517
64,1,3.7785,19.175,83.567,28.904
64,1,3.8284,18.886,83.653,28.456
64,1,3.36,19.515,81.511,26.141
64,1,4.556,19.853,88.299,30.027
64,1,4.276,17.981,73.259,25.511
64,1,3.3218,18.395,70.779,21.389
64,1,3.0065,18.566,74.908,24.787
64,1,4.5001,19.69,89.194,31.431
64,1,2.7083,18.587,76.795,25.921
64,1,3.5433,19.169,83.4,28.673
64,1,3.6996,19.453,84.692,28.897
64,1,3.8916,18.625,71.371,21.504
64,1,6.3194,20.076,88.486,30.028
64,1,3.2368,19.256,79.006,24.943
64,1,3.215,18.996,75.779,22.455
64,1,3.9385,18.278,74.17,24.922
64,1,4.5604,18.696,77.754,27.143
64,1,4.1127,20.195,88.161,27.913
64,1,3.0953,18.659,80.6,28.359
64,1,3.0584,19.146,81.293,27.308
64,1,3.0758,19.137,78.997,25.521
64,1,3.9802,19.488,85.127,28.462
64,1,3.3024,19.298,85.094,29.501
64,1,4.5086,18.899,79.91,27.185
64,1,4.766,19.28,83.195,28.014
64,1,3.9858,19.259,77.225,22.156
64,1,3.5019,18.304,74.772,24.834
64,1,3.7565,19.061,75.586,23.679
64,1,2.9371,18.488,72.117,22.17
64,1,3.8251,18.949,78.765,26.276
64,1,3.3559,19.558,80.564,24.843
64,1,3.1083,19.333,82.92,27.544
64,1,3.6141,19.086,76.509,24.176
64,1,3.1762,20.357,89.665,29.708
64,1,4.296,18.518,74.999,24.829
64,1,2.372,19.655,87.927,29.487
64,1,3.7234,19.956,85.958,27.94
64,1,3.9595,19.721,88.916,30.275
64,1,3.7076,18.837,77.117,25.576
64,1,3.2366,18.654,73.678,22.663
64,1,3.9155,18.498,77.26,26.258
64,1,5.6213,19.325,81.327,26.118
64,1,2.8489,19.554,86.127,28.991
64,1,4.4317,20.054,91.933,31.782
64,1,3.29,20.034,91.547,30.903
64,1,3.8017,18.53,74.193,24.152
64,1,2.7933,18.801,76.415,24.023
64,1,3.7484,18.706,75.053,24.468
64,1,3.5563,18.98,80.685,27.5
64,1,3.6747,19.818,83.401,26.447
64,1,4.2842,18.76,80.874,27.405
64,1,3.0978,18.316,74.121,24.334
64,1,3.6922,19.898,88.746,29.704
64,1,4.0974,19.191,77.212,24.115
64,1,3.1956,19.877,86.873,26.79
64,1,3.3714,19.353,85.551,29.796
64,1,3.4483,19.088,77.477,24.387
64,1,6.142,18.078,76.403,27.643
64,1,3.2882,17.888,72.32,25.062
64,1,3.1711,19.336,80.298,25.715
64,1,3.5262,18.998,78.543,26.275
64,1,4.302,17.593,70.047,24.221
64,1,3.358,19.267,87.242,31.088
64,1,4.4445,19.56,83.649,27.492
64,1,5.3046,18.452,71.83,22.466
64,1,5.5929,20.141,86.169,24.724
64,1,4.4,21.245,103.16,33.969
64,1,3.9414,19.588,88.022,30.495
64,1,2.9877,19.188,70.763,20.332
64,1,2.9375,20.169,93.236,32.399
64,1,3.5209,18.897,77.548,26.08
64,1,4.182,19.249,80.506,26.668
64,1,3.1975,19.917,86.529,28.293
64,1,6.7371,19.785,81.265,24.545
64,1,3.7361,18.999,84.483,30.086
64,1,4.9724,19.78,86.464,28.124
64,1,2.8672,18.822,77.345,24.354
64,1,5.2221,20.38,92.628,30.652
64,1,4.1531,18.612,78.313,26.097
64,1,4.0971,17.769,67.673,21.725
64,1,4.1048,19.342,79.39,24.823
64,1,4.9343,18.041,73.086,24.68
64,1,3.9461,19.559,84.344,27.305
64,1,3.3986,18.756,78.161,26.474
64,1,3.1832,18.825,79.3,27.493
64,1,4.5237,19.069,73.182,21.473
64,1,3.9305,20.927,92.951,29.951
64,1,3.4089,19.763,87.204,29.281
64,1,4.4256,19.345,77.982,23.892
64,1,2.6887,19.684,89.982,31.421
64,1,4.0654,20.047,89.043,28.756
64,1,3.6557,18.922,79.694,25.944
64,1,3.6162,18.304,68.763,20.732
64,1,5.269,18.624,71.187,21.886
64,1,3.454,19.075,80.922,26.524
64,1,3.742,20.239,89.395,28.718
64,1,3.5496,19.391,80.827,24.915
64,1,3.5434,19.05,78.494,25.188
64,1,2.922,18.889,76.81,23.189
64,1,3.8498,19.691,87.387,28.741
64,1,3.1949,19.024,80.041,27.353
64,1,3.6123,18.527,75.894,24.96
64,1,4.3912,18.426,65.882,18.416
64,1,4.3954,19.334,83.13,27.96
64,1,3.6243,19.947,84.444,26.077
64,1,3.328,20.239,85.852,26.529
64,1,3.3433,18.914,81.585,28.465
64,1,3.0387,20.223,95.452,34.528
64,1,4.846,19.285,78.222,24.181
64,1,5.0754,19.014,81.531,26.583
64,1,3.384,19.304,77.115,23.753
64,1,3.1285,20.184,92.928,31.674
64,1,3.0973,19.359,78.379,24.615
64,1,3.534,19.403,84.961,29.154
64,1,3.3661,19.023,76.955,24.944
64,1,2.7401,20.194,88.842,28.452
64,1,3.0025,19.1,77.855,25.727
64,1,3.3027,19.488,82.333,27.011
64,1,2.9551,18.722,74.75,24.26
64,1,3.7119,17.876,69.059,22.123
64,1,4.0158,19.047,81.788,27.793
64,1,3.5898,19.252,75.403,23.023
64,1,3.6024,19.121,82.995,27.788
64,1,3.2994,19.993,83.933,26.746
64,1,3.254,19.41,85.22,28.416
64,1,3.1174,19.155,78.118,24.877
64,1,3.1581,18.416,76.36,26.022
64,1,5.411,18.69,74.898,23.75
64,1,3.3864,19.013,80.445,27.101
64,1,3.5846,20.189,88.612,27.533
64,1,3.7752,19.484,85.231,28.216
64,1,3.9305,19.018,76.245,24.891
64,1,3.6395,19.371,75.684,22.541
64,1,3.5759,17.301,63.917,20.158
64,1,3.7555,19.943,91.387,31.13
64,1,3.1915,19.642,80.491,24.466
64,1,5.6718,19.156,79.974,26.159
64,1,3.0636,18.933,76.118,24.593
64,1,3.6918,18.964,79.692,26.604
64,1,3.05,20.079,92.17,31.689
64,1,2.7937,20.329,90.333,29.943
64,1,3.702,19.58,87.311,29.781
64,1,4.2416,17.276,66.203,21.805
64,1,3.6133,20.28,97.363,34.898
64,1,3.3291,19.428,83.169,27.156
64,1,3.6237,18.598,79.114,27.138
64,1,3.6091,19.716,88.377,29.974
64,1,4.8664,20.078,85.453,26.075
64,1,2.9409,19.612,87.329,30.159
64,1,4.0218,20.253,94.739,32.399
64,1,3.5589,19.185,80.63,27.121
64,1,3.5055,19.584,76.902,21.651
64,1,2.9579,19.295,76.364,22.86
64,1,4.249,19.347,86.816,30.583
64,1,3.7135,20.678,95.606,31.292
64,1,4.3254,19.047,74.342,22.631
64,1,4.201,18.321,72.262,23.717
64,1,3.5824,18.317,72.862,23.953
64,1,2.8948,20.144,95.926,33.726
64,1,6.3282,19.196,77.835,23.544
64,1,4.5172,21.958,103.56,32.904
64,1,5.964,18.792,79.232,27.132
64,1,3.5012,19.063,81.221,26.538
64,1,3.2131,18.916,83.787,29.586
64,1,3.4362,19.408,86.176,29.398
64,1,2.9511,19.245,80.115,26.628
64,1,3.2842,20.114,93.335,32.582
64,1,3.2138,20.865,98.882,32.599
64,1,4.4012,18.913,70.026,17.573
64,1,3.898,19.627,84.226,28.457
64,1,2.7463,19.235,83.225,28.658
64,1,3.869,19.919,88.941,29.722
64,1,3.0349,20.529,93.093,31.027
64,1,3.1323,19.144,84.441,30.319
64,1,3.9379,18.627,72.207,22.116
64,1,2.9501,19.619,87.19,30.388
64,1,3.2319,18.496,75.787,25.025
64,1,4.9189,20.309,91.052,30.568
64,1,3.4854,19.549,89.898,30.274
64,1,3.779,19.391,89.304,32.456
64,1,3.9102,18.714,78.91,26.457
64,1,4.1289,19.781,85.853,28.271
64,1,3.345,20.171,92.427,32.1
64,1,4.4433,18.982,75.791,22.109
64,1,4.3974,19.766,87.918,29.95
64,1,3.3067,20.217,90.235,28.841
64,1,5.0698,19.547,88.015,30.392
64,1,4.3604,19.396,81.818,26.822
64,1,5.3397,19.353,85.931,29.117
64,1,3.2054,19.519,84.028,27.413
64,1,4.8045,18.948,79.595,26.691
64,1,4.652,19.737,80.14,25.091
64,1,3.0565,19.583,90.611,31.353
64,1,3.4663,20.569,96.52,33.395
64,1,3.9177,17.732,69.334,23.015
64,1,4.6407,19.58,87.614,30.162
64,1,3.2532,18.499,76.079,25.242
64,1,4.2092,19.944,86.869,28.068
64,1,3.4925,19.013,83.192,29.02
64,1,3.7555,19.328,76.628,23.26
64,1,3.8809,19.437,78.867,24.969
64,1,3.7788,19.583,85.133,28.329
64,1,3.6496,20.35,90.057,29.883
64,1,3.7033,19.817,83.8,26.825
64,1,4.5098,19.679,89.162,30.863
64,1,4.1955,19.274,83.797,28.191
64,1,3.2807,20.926,100.76,33.679
64,1,4.5807,18.969,83.079,29.306
64,1,4.3618,19.19,85.472,29.826
64,1,3.439,18.232,70.693,22.269
64,1,3.4466,17.979,71.51,23.062
64,1,4.1287,20.846,95.846,32.25
64,1,4.2525,18.806,76.842,25.687
64,1,3.2171,20.783,93.741,30.61
64,1,4.5342,20.069,87.267,27.151
64,1,3.9427,20.563,96.333,32.35
64,1,2.9573,18.387,72.124,22.489
64,1,3.1044,19.057,86.466,30.982
64,1,3.2352,18.988,83.62,28.819
64,1,3.8944,18.919,74.152,22.817
64,1,3.2073,20.007,89.831,29.891
64,1,2.9347,19.086,73.268,19.975
64,1,6.2716,18.75,75.749,24.292
64,1,2.8249,18.048,73.566,25.653
64,1,4.5593,19.115,79.231,25.716
64,1,3.2486,19.485,86.066,29.283
64,1,3.5196,18.949,76.205,23.272
64,1,3.0752,19.902,86.724,28.434
64,1,4.6891,18.342,74.362,24.193
64,1,4.3542,20.262,89.23,29.443
64,1,3.5724,19.31,85.163,29.531
64,1,3.5114,18.282,72.787,23.805
64,1,4.3279,19.784,84.846,27.494
64,1,3.1065,19.999,88.246,28.352
64,1,3.2505,19.232,80.74,27.146
64,1,3.0443,19.524,80.218,24.866
64,1,4.2077,19.031,75.21,23.449
64,1,3.3883,19.118,79.621,26.316
64,1,3.3751,19.596,85.912,29.213
64,1,3.2471,18.872,77.792,25.379
64,1,4.1597,19.741,89.61,31.321
64,1,3.2097,19.364,80.794,25.599
64,1,3.3084,18.97,75.747,22.544
64,2,3.5289,22.827,107.77,34.103
64,2,3.5122,21.885,103.96,34.212
64,2,3.1711,22.483,112.02,38.043
64,2,4.5597,21.347,99.531,33.642
64,2,3.2739,22.26,102.64,30.41
64,2,3.7588,23.133,120.56,42.748
64,2,3.6137,23.774,120.93,39.253
64,2,2.7843,23.187,117.54,39.246
64,2,4.2795,21.805,107.82,37.875
64,2,4.2927,24.13,123.96,39.261
64,2,3.9097,20.897,99.613,35.171
64,2,5.7575,22.966,114.67,37.929
64,2,4.2605,23.124,118.56,40.146
64,2,5.9095,22.656,114.49,39.54
64,2,3.5301,23.145,122.03,42.15
64,2,4.089,21.5,101.62,34.311
64,2,6.6797,22.33,104,33.025
64,2,3.6898,23.359,119.93,40.033
64,2,5.0124,23.868,125.89,42.147
64,2,4.0793,21.253,102.88,36.198
64,2,4.7771,21.26,97.849,33.161
64,2,4.4533,22.569,115.16,40.313
64,2,3.935,24.043,126.37,41.377
64,2,4.2809,23.254,114.62,37.332
64,2,3.109,21.718,111.22,40.283
64,2,3.5167,22.211,111.71,37.197
64,2,3.6045,23.128,112.87,35.773
64,2,3.6758,21.486,104,36.251
64,2,4.3794,21.766,102.21,33.859
64,2,4.1517,23.082,119.46,40.397
64,2,4.5914,23.293,119.65,38.981
64,2,3.705,22.807,118.29,41.258
64,2,4.4843,22.945,124.08,43.505
64,2,4.2461,21.98,113.79,40.962
64,2,5.0665,22.292,110.61,37.206
64,2,3.5925,21.777,99.629,32.532
64,2,3.731,23.283,125.31,43.669
64,2,2.7778,23.274,123.82,41.697
64,2,3.3637,23.328,125.81,44.043
64,2,4.4776,22.134,106.08,35.156
64,2,3.9126,23.125,128.28,47.334
64,2,3.668,22.424,113.28,39.507
64,2,5.0466,21.717,102.2,34.881
64,2,3.5528,22.186,107.18,36.369
64,2,5.7118,22.662,114.36,37.891
64,2,3.3876,21.13,97.064,32.946
64,2,4.3957,23.496,105.95,29.12
64,2,4.1752,22.161,109.99,38.362
64,2,4.5258,23.605,123.6,42.234
64,2,5.0187,21.129,95.455,31.139
64,2,4.1913,23.145,122.58,43.592
64,2,4.9356,23.282,114.58,34.165
64,2,4.2133,22.555,111.87,37.243
64,2,4.0817,21.91,102.89,33.99
64,2,4.8568,23.08,109.91,34.284
64,2,3.9552,23.775,130.15,43.872
64,2,4.7236,22.532,116.07,40.795
64,2,3.4982,21.206,99.469,33.067
64,2,3.6444,22.26,106.64,35.1
64,2,5.4498,22.053,105.28,34.911
64,2,4.8251,23.276,124.32,43.903
64,2,3.9339,22.237,110.29,37.926
64,2,4.8835,24.79,141.11,49.229
64,2,8.3631,22.147,105.21,34.236
64,2,4.5778,23.102,123.55,43.305
64,2,4.0701,21.904,103.16,33.396
64,2,3.4761,22.784,116.75,39.913
64,2,3.8817,22.034,106.63,35.394
64,2,3.856,23.423,123.18,41.614
64,2,4.0869,21.594,104.06,35.731
64,2,4.2902,21.985,107.19,36.256
64,2,4.5985,21.863,105.31,35.268
64,2,4.3119,21.685,102.75,33.234
64,2,4.3323,22.085,102.33,32.621
64,2,3.7971,22.099,110,37.772
64,2,3.1921,23.155,123.22,41.849
64,2,3.3669,22.99,117.47,39.788
64,2,5.8781,22.582,110.38,36.752
64,2,3.359,20.933,94.993,30.976
64,2,5.0761,22.802,113.28,36.821
64,2,3.6084,22.269,101.23,31.083
64,2,4.0958,23.808,133.37,49.228
64,2,3.9939,22.167,107.69,35.171
64,2,4.6317,21.827,111.94,39.942
64,2,5.4845,23.012,111.1,35.342
64,2,4.2806,23.581,127.13,43.318
64,2,3.8975,21.483,100.24,32.903
64,2,3.8474,22.464,109.39,36.216
64,2,3.8409,21.338,100.09,33.216
64,2,3.891,22.978,115.37,38.538
64,2,5.1833,22.391,110.38,36.731
64,2,3.6879,20.168,86.896,27.756
64,2,4.3944,22.338,108.25,34.395
64,2,5.0931,22.998,116.35,37.872
64,2,4.4825,22.08,107.27,35.914
64,2,4.1969,21.774,103.16,34.453
64,2,3.5764,22.902,114.75,38.174
64,2,4.3872,22.26,108.98,36.909
64,2,3.3689,22.828,107.24,33.878
64,2,3.831,21.968,107.41,35.88
64,2,3.9308,22.274,105.69,34.37
64,2,4.7008,22.827,111.51,34.956
64,2,3.9896,21.163,98.885,33.128
64,2,4.2253,22.108,106.8,35.868
64,2,3.9937,22.082,106.65,36.161
64,2,3.9988,22.404,109.39,36.143
64,2,4.433,22.59,115.36,40.431
64,2,3.3092,22.588,111.1,35.766
64,2,3.6625,23.173,124.4,44.416
64,2,3.8187,22.781,111.82,36.44
64,2,3.0016,21.807,99.681,32.421
64,2,4.0158,22.81,117.82,40.257
64,2,3.3573,22.518,111.06,37.151
64,2,4.1685,23.02,108.87,33.09
64,2,3.6235,22.159,110.36,37.412
64,2,3.9869,22.125,104.85,34.599
64,2,3.6108,23.477,120.3,39.92
64,2,3.5574,23.45,110.66,32.638
64,2,3.9111,23.704,116.46,35.594
64,2,3.7573,23.103,118.74,39.938
64,2,4.1072,21.826,108.07,38.585
64,2,3.3703,21.886,108.93,38.769
64,2,4.0431,23.293,119.54,39.635
64,2,3.9051,22.689,115.47,39.654
64,2,3.7008,23.421,117.66,38.112
64,2,3.8637,21.242,88.781,25.426
64,2,3.6297,20.548,99.192,35.365
64,2,4.5225,23.67,124.8,42.429
64,2,3.4049,22.805,114.17,38.328
64,2,4.2144,23.57,124.88,42.574
64,2,4.8387,22.068,107.93,36.126
64,2,3.3926,22.541,116.16,41.044
64,2,5.1699,22.77,114.93,38.897
64,2,3.2973,22.209,109.36,37.049
64,2,3.6532,23.786,125.28,42.339
64,2,4.6339,21.799,99.072,32.341
64,2,4.5027,23.511,120.01,39.352
64,2,3.2877,22.339,107.22,33.585
64,2,5.0292,22.667,117.25,40.525
64,2,4.3507,23.702,126.56,43.766
64,2,4.717,20.595,94.608,32.953
64,2,3.5154,20.7,89.211,27.843
64,2,3.8782,21.599,98.335,30.814
64,2,4.1643,22.433,109.67,36.795
64,2,4.2422,23.874,118.79,36.714
64,2,3.9707,23.059,118.23,40.672
64,2,3.4203,22.63,108.92,34.812
64,2,3.9241,22.562,115.25,39.302
64,2,3.2229,21.873,105.06,34.927
64,2,3.1701,23.92,136.19,48.742
64,2,4.0475,22.198,108.88,36.448
64,2,3.944,21.588,100.04,33.072
64,2,4.9317,23.861,127.65,43.669
64,2,3.2476,22.017,102.58,32.737
64,2,3.8029,22.808,111.07,36.795
64,2,4.3287,21.941,103.11,33.278
64,2,5.5595,22.372,111.66,37.429
64,2,3.4919,24.018,127.58,43.256
64,2,4.8804,22.217,106.62,34.755
64,2,3.1222,23.672,122.38,40.313
64,2,3.3823,24.58,144.01,53.388
64,2,3.8437,23.099,127.05,45.453
64,2,5.3884,21.937,109.67,37.772
64,2,3.8349,22.867,115.76,40.098
64,2,5.0178,23.107,116.89,38.59
64,2,4.5486,23.6,122.41,39.62
64,2,4.1226,23.831,123.04,40.724
64,2,5.1648,22.757,111.04,36.813
64,2,5.0979,22.301,118.68,42.801
64,2,5.4829,22.703,110.25,36.386
64,2,3.92,21.601,101.07,33.263
64,2,4.0255,22.375,111.37,36.322
64,2,2.9667,20.991,96.016,31.106
64,2,4.1067,22.982,119.43,41.691
64,2,4.3415,23.391,126.52,44.467
64,2,3.6494,21.08,92.017,27.736
64,2,5.0218,22.222,116.52,42.196
64,2,3.8423,22.194,107.41,34.866
64,2,3.6743,23.354,121.97,42.535
64,2,3.3928,22.572,112.66,37.913
64,2,4.3779,22.571,110.66,34.397
64,2,3.3719,22.146,106.86,33.464
64,2,4.621,22.006,105.93,35.97
64,2,3.486,23.927,127.64,43.932
64,2,4.4466,23.125,119.95,39.73
64,2,3.7965,22.821,116.18,39.044
64,2,5.8554,22.732,119.55,41.797
64,2,4.3933,22.182,113.76,39.997
64,2,6.2333,21.904,106.26,35.889
64,2,3.9481,21.718,107.94,38.094
64,2,4.4326,23.511,124.84,43.523
64,2,3.6833,21.45,91.422,26.196
64,2,3.9767,22.326,118.81,43.19
64,2,3.6057,22.788,105.9,32.457
64,2,5.1096,22,113.08,40.245
64,2,3.7696,23.14,118.27,39.485
64,2,4.7529,23.371,118.5,38.571
64,2,3.8785,22.548,112.74,38.861
64,2,4.5905,21.92,100.07,31.221
64,2,4.8215,22.109,110.23,38.745
64,2,6.3957,22.845,103.64,30.307
64,2,2.8789,23.537,125.76,43.211
64,2,4.1981,23.619,122.05,40.46
64,2,4.0559,23.622,130.79,48.359
64,2,3.5266,20.62,91.946,30.43
64,2,5.0721,21.878,100.76,33.041
64,2,4.2378,21.569,101.62,34.016
64,2,3.5102,22.751,112.68,35.863
64,2,4.0083,24.551,129.25,43.616
64,2,3.9703,24.184,123.63,40.097
64,2,4.9856,25.12,134.29,43.808
64,2,3.4526,22.045,105.83,34.802
64,2,4.6176,22.216,106.4,34.097
64,2,3.6788,23.482,119.01,38.448
64,2,3.6053,23.289,124,44.738
64,2,3.183,21.7,105.31,35.908
64,2,3.4124,22.313,108.19,36.575
64,2,4.0921,23.766,129.17,44.799
64,2,4.2086,21.284,97.719,31.794
64,2,4.513,22.397,106.73,33.642
64,2,5.0204,21.935,101.22,32.099
64,2,4.2145,23.248,121.45,40.636
64,2,4.0955,22.701,117.86,41.589
64,2,4.3668,23.114,116.33,39.318
64,2,3.8429,22.402,113.27,39.72
64,2,3.9269,23.411,118.21,38.929
64,2,3.4014,23.258,119.88,39.767
64,2,2.9108,23.107,115.98,37.526
64,2,4.0363,22.313,107.25,35.802
64,2,4.319,21.732,95.804,30.082
64,2,3.313,21.481,101.45,34.568
64,2,3.3958,23.6,127.52,44.035
64,2,3.5015,22.41,110.37,36.067
64,2,4.2726,22.844,118.99,41.016
64,2,4.2555,22.113,106.58,34.448
64,2,3.5607,23.43,115.49,36.112
64,2,5.3487,21.748,101.55,31.608
64,2,4.7106,23.052,118.49,40.964
64,2,4.7054,22.737,120.51,41.873
64,2,4.5864,23.591,123.82,41.312
64,2,4.9477,21.596,108.45,38.861
64,2,4.1535,22.235,107.41,35.695
64,2,4.4883,24.332,129.27,43.16
64,2,4.5851,22.851,116.62,40.071
64,2,5.3949,21.485,104.39,36.133
64,2,3.8641,21.664,106.45,37.429
64,2,3.6037,21.694,110.4,39.736
64,2,3.9575,23.09,114.77,38.142
64,2,4.8349,23.899,122.1,40.54
64,2,4.8761,23.134,113.54,37.731
64,2,3.5514,22.76,118.82,42.099
64,2,4.5065,22.307,109.14,36.074
64,2,3.2514,21.853,105.62,35.468
64,2,3.9694,22.311,110.65,37.224
64,2,3.9694,23.016,118.87,40.425
64,2,3.6526,21.42,106.8,38.443
64,2,3.5851,22.989,112.44,35.88
64,2,4.6393,21.658,104.96,35.328
64,2,4.8495,22.862,115.73,38.18
64,2,4.4114,22.608,112.39,37.68
64,2,4.8585,23.295,123.31,42.355
64,2,3.2039,24.086,124.63,40.123
64,2,3.7287,20.592,86.884,26.622
64,2,3.6535,23.56,123.79,42.001
64,2,3.9958,21.319,95.621,29.699
64,2,3.8224,22.728,110.1,34.115
64,2,4.2061,21.574,96.931,30.777
64,2,4.6013,23.199,124.23,44.654
64,2,4.2815,21.712,106.89,37.61
64,2,5.1385,23.071,112.16,34.982
64,2,4.8119,22.382,112.7,38.209
64,2,3.0062,22.392,111.18,37.349
64,2,4.8076,22.256,106.68,35.195
64,2,3.2648,21.982,103.06,33.772
64,2,3.5017,23.274,115.01,37.542
64,2,3.9441,22.497,109.39,35.539
64,2,3.0844,22.169,108.06,35.032
64,2,5.6242,21.494,101.88,33.674
64,2,4.8545,23.998,137.45,50.606
64,2,5.0623,22.575,119.35,42.797
64,2,3.5155,21.605,102.43,33.976
64,2,3.712,21.625,105.1,36.54
64,2,5.7222,21.755,107.35,36.645
64,2,3.811,22.126,112.8,39.61
64,2,3.4602,23.793,133.84,48.31
64,2,4.2595,22.827,110.78,35.756
64,2,5.6163,22.205,109,35.422
64,2,3.6926,21.807,105.68,36.47
64,2,2.8816,22.046,111.91,38.97
64,2,4.7817,22.775,106.93,33.066
64,2,3.8008,22.912,114.03,38.403
64,2,6.3828,22.633,113.7,39.735
64,2,3.7215,21.769,104.43,34.453
64,2,3.3279,22.223,115.27,41.614
64,2,4.1211,23.79,125.25,42.682
64,2,3.861,20.894,97.012,32.89
64,2,3.6976,22.461,105.92,33.548
64,2,4.9958,21.528,98.252,31.076
64,2,4.7052,23.03,119.58,40.667
64,2,3.9381,22.958,115.68,38.699
64,2,3.272,22.345,110.15,36.326
64,2,4.1186,22.817,116.62,38.482
64,2,4.37,22.77,118.13,40.447
64,2,3.3875,22.217,108.43,36.003
64,2,4.7461,22.804,120.89,43.528
64,2,3.9882,22.201,104.97,31.819
64,2,3.5116,23.61,130.53,46.691
64,2,3.2761,23.015,116.3,38.282
64,2,3.4227,22.848,113.62,37.981
64,2,3.436,23.802,129.82,44.048
64,2,5.6198,23.105,115.53,38.125
64,2,4.1097,21.575,101.74,34.098
64,2,3.6304,21.437,99.148,32.627
64,2,3.3574,22.292,103.95,31.973
64,2,3.2218,21.807,109.88,38.98
64,2,4.4487,22.109,104.53,35.039
64,2,4.2291,22.787,112.24,36.762
64,2,3.5346,20.274,87.7,28.078
64,2,3.383,23.279,122.9,43.379
64,2,3.335,22.831,111.74,34.652
64,2,3.3562,22.491,112.6,38.129
64,2,4.2199,23.099,113.68,35.583
64,2,2.6621,22.231,108.16,36.146
64,2,4.8518,22.33,105.3,33.589
64,2,3.6107,22.003,109.12,37.315
64,2,4.1895,22.028,104.37,34.083
64,2,3.6181,23.371,118.15,39.961
64,2,3.371,23.033,109.67,32.993
64,2,5.6883,22.274,111.2,38.83
64,2,4.4676,22.762,115.45,40.1
64,2,3.8608,24.113,132.91,46.873
64,2,3.9425,24.329,125.86,40.825
64,2,4.3738,21.623,104.1,35.985
64,2,4.6349,23.213,113.83,37.319
64,2,4.2863,23.434,119.35,37.876
64,2,3.3947,20.879,93.596,30.454
64,2,5.3516,22.729,114.33,38.004
64,2,4.3535,20.859,97.182,33.151
64,2,6.202,21.32,99.021,33.419
64,2,3.452,21.857,101.04,31.737
64,2,4.376,22.733,110.35,36.552
64,2,4.484,22.092,105.2,35.398
64,2,4.9892,21.54,97.099,31.808
64,2,3.9504,21.495,103.22,35.672
64,2,4.6128,22.328,106.04,32.712
64,2,3.9689,21.819,98.778,31.207
64,2,5.5252,21.878,108.76,37.921
64,2,5.3018,22.064,109.92,37.37
64,2,3.8338,22.397,110.63,36.92
64,2,3.7602,23.051,121.19,40.746
64,2,4.2842,22.5,117.57,41.469
64,2,4.0647,22.604,107.51,33.813
64,2,5.2579,21.296,96.444,29.183
64,2,3.4344,23.297,114.82,35.441
64,2,3.7676,25.812,151.9,52.259
64,2,2.9916,23.572,125.2,43.116
64,2,4.7937,21.962,103.97,35.31
64,2,6.011,22.074,108.76,37.191
64,2,4.5138,22.33,107.12,34.422
64,2,3.902,21.99,108.44,37.312
64,2,3.9602,22.393,117.33,43.124
64,2,3.6409,23.424,125.06,44.397
64,2,4.7188,22.384,107.97,35.356
64,2,4.4108,24.292,131.66,43.542
64,2,3.2303,23.433,122.04,41.385
64,2,4.0208,21.732,100.52,32.454
64,2,4.3045,24.135,127.18,43.007
64,2,3.5917,23.004,123.19,42.612
64,2,4.0194,23.711,131.57,46.559
64,2,4.1388,23.869,128.44,43.651
64,2,3.6071,23.131,124.56,43.946
64,2,3.1198,22.154,109.43,37.517
64,2,3.8414,20.54,92.909,30.878
64,2,4.5383,23.002,115.26,39.123
64,2,4.0238,22.179,109.7,37.753
64,2,3.4726,22.785,119.97,42.102
64,2,3.1078,22.666,116.66,40.187
64,2,3.4832,22.228,105.73,34.924
64,2,3.8277,24.332,127.85,41.74
64,2,3.91,21.012,90.237,27.093
64,2,3.7598,21.973,104.7,34.267
64,2,4.8232,23.061,117.87,40.7
64,2,3.7247,22.929,125.44,46.693
64,2,3.536,21.401,102.64,35.199
64,2,3.841,22.816,115.1,39.464
64,2,3.0465,22.21,112.78,39.026
64,2,4.4778,23.4,117.82,38.302
64,2,4.1139,22.509,112.61,38.591
64,2,4.4355,22.375,105.72,33.347
64,2,5.8643,23.759,124.18,39.852
64,2,6.2461,23.504,127.5,44.491
64,2,4.227,23.36,124.28,43.412
64,2,4.2654,22.776,113.61,37.141
64,2,3.0331,22.81,116.06,40.767
64,2,3.7284,23.387,122.5,42.328
64,2,4.3123,23.178,114.8,36.288
64,2,3.7498,21.422,108.48,39.667
64,2,4.518,21.329,99.066,32.683
64,2,5.2455,22.364,105.59,33.468
64,2,3.9234,23.078,122.94,43.225
64,2,5.0618,23.355,127.86,46.538
64,2,3.4408,20.831,97.994,33.369
64,2,3.7713,22.554,114.86,39.311
64,2,5.3453,21.793,102.46,32.833
64,2,3.0947,22.09,107.51,36.745
64,2,4.9167,22.782,115.96,38.396
64,2,3.9812,23.166,113.62,36.711
64,2,4.2294,22.642,112.4,37.135
64,2,3.3682,23.836,121.98,39.696
64,2,3.9244,22.409,109.46,36.374
64,2,5.0338,22.636,112.42,36.735
64,2,3.4453,21.876,108.99,37.82
64,2,3.6021,23.175,119.23,40.389
64,2,4.3649,22.369,109.38,36.573
64,2,3.8607,21.161,95.872,31.474
64,2,4.5468,21.965,101.58,32.565
64,2,4.0761,22.735,112.54,36.968
64,2,5.3502,22.111,107.19,35.793
64,2,4.4795,22.892,108.66,32.902
64,2,3.9438,23.193,117.3,39.12
64,2,4.039,23.101,122.54,43.374
64,2,6.1247,23.78,123.79,41.432
64,2,4.6576,22.18,110.41,37.421
64,2,5.2712,22.826,116.39,38.299
64,2,3.1369,21.192,98.624,33.156
64,2,3.3446,23.907,134.04,47.327
64,2,4.4286,22.289,104.37,32.191
64,2,3.8455,23.059,116.34,38.282
64,2,3.6249,22.713,125.1,46.173
64,2,4.0412,22.648,110.53,36.619
64,2,5.3466,22.707,116.67,39.23
64,2,3.8816,23.809,123,39.176
64,2,3.9179,22.348,111.7,37.322
64,2,4.3387,21.906,109.03,38.191
64,2,3.3731,22.534,105.54,32.55
64,2,3.4302,23.236,121.66,41.976
64,2,3.9744,22.796,112.15,36.375
64,2,4.5528,23.42,122.51,41.731
64,2,4.798,22.711,117.96,42.843
64,2,4.0587,22.939,116.66,39.254
64,2,3.5104,22.774,117.45,40.283
64,2,4.4222,23.923,124.73,42.523
64,2,3.7968,23.928,123.63,41.866
64,2,5.1424,21.73,103.97,35.326
64,2,5.2089,25.421,143.69,48.276
64,2,3.8835,22.795,113.08,37.708
64,2,3.3224,23.049,118.85,40.808
64,2,4.331,23.373,118.8,39.926
64,2,3.9154,22.742,112.7,37.862
64,2,3.6737,23.455,123.37,42.699
64,2,3.4463,22.741,113.77,37.649
64,2,3.3132,22.091,113.07,39.461
64,2,4.0927,22.672,119.96,43.046
64,2,3.7604,23.091,117.89,39.997
64,2,3.9283,21.894,104.35,35
64,2,3.7983,22.933,113.29,36.486
64,2,5.2503,22.839,115.09,38.331
64,2,3.8711,23.147,112.57,36.373
64,2,3.4964,22.702,113.72,38.639
64,2,4.7146,22.338,111.19,37.415
64,2,3.9359,22.216,102.11,30.038
64,2,3.7906,23.536,123.29,41.216
64,2,5.9235,24.413,123.78,37.838
64,2,3.7608,23.172,117.24,40.4
64,2,4.1295,20.569,92.369,30.805
64,2,3.2267,23.058,114.35,36.391
64,2,3.218,23.057,118.08,39.25
64,2,4.5422,21.574,105.06,36.372
64,2,5.1466,22.518,111.79,37.768
64,2,4.0272,21.545,100.32,33.839
64,2,4.0675,21.707,100.87,32.393
64,2,3.2358,22.933,124.74,45.492
64,2,3.4919,21.159,97.131,32.121
64,2,5.0778,21.618,106.79,37.63
64,2,3.9969,22.09,109.61,37.516
64,2,5.2769,23.1,117.35,39.525
64,2,3.3331,21.502,101.75,34.605
64,2,4.4662,24.173,128.48,43.057
64,2,3.6143,21.848,108.9,38.434
64,2,4.9526,23.957,133.21,46.866
64,2,4.3991,22.229,116.03,41.596
64,2,4.1398,21.662,109.83,39.724
64,2,3.8462,21.932,103.97,34.158
64,2,3.6987,24.138,133.16,46.943
64,2,3.8183,23.756,123.8,40.705
64,2,4.3978,22.499,109.26,34.578
64,2,3.7634,22.777,116.53,39.626
64,2,4.5768,23.051,121.68,42.762
64,2,4.4744,22.669,114.36,37.353
64,2,4.0097,21.829,108.77,37.566
64,2,3.4083,23.016,112.76,36.112
64,2,4.4138,22.734,113.99,38.81
64,2,4.6461,23.337,120.39,38.333
64,2,3.7458,22.724,108.28,31.678
64,2,4.2799,23.107,114.29,37.675
64,2,4.3028,22.159,108.01,36.13
64,2,3.4012,21.365,101.35,34.053
64,2,4.7352,21.829,110.49,39.057
64,2,3.6934,22.054,101.97,31.545
64,2,3.9688,21.67,103.69,35.149
64,2,3.3179,22.454,113.39,39.919
64,2,3.7175,23.166,123.78,44.061
64,2,3.782,23.796,133.52,48.292
64,2,3.8149,23.119,116.17,37.836
64,2,4.0852,22.128,109.31,37.134
64,2,3.2359,22.378,113.13,38.961
64,2,4.8445,22.235,111.47,39.118
64,2,2.908,24.197,136.92,49.057
64,2,3.6757,22.251,112.31,39.241
64,2,4.7459,22.002,107.34,36.828
64,2,3.8563,23.243,122.44,41.46
64,2,3.448,22.679,118.25,41.575
64,2,3.1195,21.668,103.93,35.275
64,2,3.1369,22.615,116.51,40.196
64,2,5.7721,22.818,119.08,41.358
64,2,3.7791,22.378,114.99,40.898
64,2,3.796,21.381,102.2,35.812
64,2,3.543,24.793,139.34,47.735
64,2,4.7673,22.241,102.45,31.44
64,2,4.2757,20.525,82.695,22.689
64,2,3.9329,24.688,134.55,46.939
64,2,3.8991,23.687,134.66,49.02
64,2,3.5853,23.23,123.92,43.644
64,2,4.4625,22.419,115.55,39.777
64,2,4.5697,22.469,105.33,32.226
64,2,4.1662,22.24,103.64,32.161
64,2,7.3639,22.699,109.9,34.84
64,2,3.8658,22.797,121.62,43.025
64,2,3.311,21.922,107.7,37.006
64,2,4.7994,21.967,109.02,37.195
64,2,4.1272,22.785,115.01,39.964
64,2,5.138,24.056,138.19,50.67
64,2,4.2471,22.262,104.26,33.414
64,2,4.5744,22.519,110.57,35.978
64,2,3.579,21.191,100.78,35.356
64,2,5.1127,21.425,96.691,30.797
64,2,3.9211,22.754,111.21,37.5
64,2,3.8465,23.209,119.82,41.188
64,2,3.4902,21.831,104.84,35.198
64,2,3.5888,22.786,115.77,39.224
64,2,3.834,22.559,120,43.809
64,2,3.8132,24.12,133.71,46.768
64,2,3.6561,23.242,115.45,38.254
64,2,3.1406,22.736,120.68,44.008
64,2,3.075,20.279,88.371,28.757
64,2,4.9475,22.202,107.88,36.787
64,2,4.1551,21.655,101.74,34.314
64,2,4.0392,23.418,127.6,45.776
64,2,4.1614,21.78,108.53,37.984
64,2,4.3461,23.22,116.1,38.522
64,2,3.536,23.348,118.57,39.997
64,2,3.5279,21.717,99,30.352
64,2,4.3409,20.895,91.291,29.094
64,2,3.5982,22.419,114.79,39.938
64,2,3.203,23.052,114.88,37.772
64,2,3.8215,21.964,102.07,32.867
64,2,4.1143,22.924,115.25,38.85
64,2,4.2806,22.735,115.34,39.352
64,2,3.8668,22.554,106.96,33.798
64,2,4.2722,22.49,115.24,40.981
64,2,4.014,21.758,98.665,29.537
64,2,3.1671,23.338,114.65,33.497
64,2,4.0557,23.938,126.65,42.045
64,2,3.3247,22.656,111.03,37.539
64,2,4.6432,20.481,94.841,33.015
64,2,4.0977,22.967,112.59,36.47
64,2,3.755,21.092,93.114,29.277
64,2,3.1849,24.053,133.01,47.121
64,2,3.7823,23.256,121.42,42.374
64,2,3.7499,22.347,111.18,37.088
64,2,3.8452,22.145,110.33,37.31
64,2,4.5502,22.621,114.59,39.299
64,2,3.1569,22.462,115.15,40.941
64,2,3.7861,22.572,115.44,40.787
64,2,3.5293,21.762,106.29,36.8
64,2,6.8294,22.702,112.05,37.261
64,2,3.436,21.724,107.41,37.046
64,2,4.996,21.798,107.91,35.923
64,2,3.4618,20.944,96.094,32.25
64,2,3.829,22.691,108.91,33.58
64,2,4.1272,21.509,100.91,33.691
64,2,3.7823,23.274,120.28,40.357
64,2,3.7647,21.826,101.49,33.194
64,2,4.1261,22.635,112.56,37.047
64,2,3.9358,22.644,112.58,36.253
64,2,3.9148,22.535,114.98,40.897
64,2,5.1823,21.984,107.36,36.541
64,2,3.2021,23.217,122.67,42.277
64,2,3.4522,22.545,110.34,36.494
64,2,4.8462,24.101,130.34,43.104
64,2,5.329,22.14,110.22,38.017
64,2,3.8064,21.904,91.984,26.798
64,2,3.7954,23.565,124.38,41.464
64,2,3.685,23.098,123.92,45.074
64,2,4.8766,22.212,111.87,38.424
64,2,5.1447,20.938,99.995,34.205
64,2,4.4834,21.644,99.968,31.666
64,2,3.9897,22.931,124.4,45.068
64,2,4.2187,22.072,99.386,30.741
64,2,3.7517,20.349,95.115,32.346
64,2,5.4762,22.732,119.23,41.319
64,2,4.1334,21.304,103.93,36.486
64,2,4.2223,24.552,144.07,52.469
64,2,5.577,22.027,99.561,31.834
64,2,3.9759,21.377,99.285,31.17
64,2,3.768,22.195,107.21,35.096
64,2,5.3294,23.344,113.53,36.678
64,2,4.2171,22.957,112.96,36.705
64,2,3.3501,22.442,101.68,30.12
64,2,3.7085,22.18,108.06,35.355
64,2,4.0026,21.606,103.15,34.15
64,2,3.6685,22.845,115.03,38.356
64,2,4.6261,22.403,107.27,35.132
64,2,4.5481,22.068,106.61,35.861
64,2,4.6249,22.801,111.89,37.063
64,2,4.2398,22.505,110.31,35.465
64,2,3.7216,22.567,106.1,33.302
64,2,3.7154,22.121,106.85,36.135
64,2,3.4504,20.722,92.566,30.122
64,2,3.6331,20.139,86.994,27.289
64,2,4.9953,21.116,96.83,32.069
64,2,3.9483,20.279,89.955,30.381
64,2,3.7321,23.114,116.41,38.141
64,2,3.7468,21.978,105,34.925
64,2,4.9356,22.354,112.2,39.042
64,2,3.2812,22.148,113.48,39.414
64,2,4.0051,22.257,115.61,40.274
64,2,4.2761,22.778,119,41.055
64,2,3.5094,23.287,118.11,38.14
64,2,3.942,21.218,98.149,33.578
64,2,3.4848,22.517,113.48,39.103
64,2,3.0939,23.167,121.06,40.886
64,2,2.8773,23.313,118.12,38.966
64,2,3.6053,23.484,116.8,36.298
64,2,4.4552,24.082,126.09,42.99
64,2,3.9329,23.218,114.28,37.588
64,2,3.4312,22.626,120.36,43.28
64,2,4.6175,21.499,101.53,33.934
64,2,4.5193,22.89,111.38,36.146
64,2,4.7023,22.107,113.9,39.813
64,2,4.1964,23.099,122.33,43.749
64,2,4.8832,22.065,105.35,33.295
64,2,4.4162,23.355,125.26,44.223
64,2,3.191,23.852,128.88,45.58
64,2,3.341,21.939,103.85,32.264
64,2,3.6314,23.609,121.63,41.606
64,2,4.5769,24.031,130.46,45.268
64,2,4.3059,22.452,110.33,36.855
64,2,3.017,23.844,129.83,44.017
64,2,5.4501,22.433,112.49,38.066
64,2,3.8806,23.153,124.33,44.034
64,2,3.2993,23.25,120.81,41.123
64,2,4.633,21.492,93.651,28.446
64,2,4.084,24.152,131.88,45.481
64,2,3.3713,23.352,126.79,44.407
64,2,2.8822,22.987,124.52,44.522
64,2,4.1555,20.502,89.714,29.64
64,2,3.2929,22.519,113,37.93
64,2,4.8555,22.965,111.89,36.178
64,2,3.8465,22.657,106.57,33.196
64,2,3.7035,24.955,142.33,50.545
64,2,4.2755,22.829,116.65,40.146
64,2,3.9888,21.977,108.14,36.902
64,2,5.4137,20.496,93.486,30.789
64,2,4.5793,21.603,101.83,33.81
64,2,3.9962,23.727,115.85,34.161
64,2,3.2545,21.997,108.36,36.783
64,2,3.0007,23.539,125.6,43.722
64,2,4.0628,22.092,105.25,34.816
64,2,3.2839,24.427,122.95,36.418
64,2,3.8499,22.959,112.16,35.759
64,2,4.3808,23.116,115.89,37.894
64,2,4.64,23.236,124.37,44.081
64,2,4.9257,21.634,109.6,38.633
64,2,4.3422,23.359,123.01,42.725
64,2,3.6077,22.894,119.46,42.031
64,2,4.4366,24.728,134.6,45.358
64,2,5.3123,22.095,102.28,31.739
64,2,3.5326,22.491,111.14,37.329
64,2,3.9246,22.262,110.27,37.481
64,2,3.4241,22.443,115.75,40.704
64,2,4.048,20.988,98.057,33.134
64,2,3.8435,23.156,112.36,34.756
64,2,3.3066,22.418,110.42,37.081
64,2,4.7546,22.483,104.88,33.53
64,2,4.0765,21.891,110.76,39.145
64,2,3.1898,21.641,104.49,34.945
64,2,4.9227,23.324,125.05,44.779
64,2,4.4426,21.549,103.84,35.004
64,2,3.9249,21.979,106.73,35.932
64,2,3.5051,21.486,101.35,33.151
64,2,3.8373,21.016,94.666,29.486
64,2,4.6411,23.699,121.47,39.936
64,2,4.1428,22.066,108.98,36.66
64,2,4.3134,22.103,106.35,35.416
64,2,3.2626,20.836,94.664,31.135
64,2,4.312,22.676,115.9,40.325
64,2,4.7628,22.63,111.67,36.526
64,2,3.818,22.323,108.95,37.448
64,2,3.7463,24.553,139.3,50.244
64,2,3.9735,21.754,105.8,36.151
64,2,3.6623,22.654,110.06,35.064
64,2,3.6699,21.489,101.41,33.516
64,2,3.5243,22.412,111.87,38.058
64,2,4.939,22.984,125.2,44.544
64,2,4.0164,23.344,121.34,41.744
64,2,3.7421,22.822,120.05,42.749
64,2,3.5193,24.203,124.52,39.987
64,2,4.7034,21.744,109.48,38.631
64,2,3.754,22.49,111.82,38.094
64,2,4.6026,22.74,117.6,40.241
64,2,3.9829,21.998,106.23,35.13
64,2,3.5074,22.302,108.67,36.371
64,2,3.4734,22.715,117.87,40.496
64,2,3.7204,23.023,115.97,39.933
64,2,3.9433,21.123,91.592,28.613
64,2,3.6627,22.712,113.54,37.807
64,2,3.4831,22.632,114.83,39.641
64,2,3.2994,23.695,128.96,44.456
64,2,4.4379,22.461,113.52,38.238
64,2,4.6448,22.87,112.62,35.084
64,2,3.6127,22.921,115.8,38.548
64,2,5.6649,23.829,123.75,41.17
64,2,5.3163,22.211,108.3,37.038
64,2,2.9489,23.807,128.72,43.126
64,2,3.3229,22.491,114.62,39.936
64,2,4.1437,22.472,111.67,38.211
64,2,4.3249,22.551,97.896,27.768
64,2,4.8121,23.276,121.29,41.114
64,2,3.7209,22.773,118.5,40.731
64,2,4.0068,22.119,107.09,35.229
64,2,3.5615,23.235,114.46,37.049
64,2,3.9977,22.016,111.48,39.102
64,2,4.6615,22.735,115.25,38.143
64,2,2.882,23.097,117.67,38.512
64,2,3.5853,21.179,104.15,37.831
64,2,3.9546,22.293,110.02,37.425
64,2,5.4377,21.603,103.77,34.563
64,2,4.1377,22.877,114,37.003
64,2,5.0322,22.462,111.75,38.073
64,2,3.2445,23.269,126.4,45.385
64,2,5.7828,22.179,111.48,39.117
64,2,3.1329,22.802,120.25,42.966
64,2,3.6122,23.344,130.46,46.65
64,2,4.2313,23.294,120.35,40.795
64,2,5.1215,23.218,121.61,41.955
64,2,3.3962,21.114,102.53,35.524
64,2,3.4817,22.687,110.53,35.969
64,2,4.6576,21.444,103.86,36.015
64,2,6.311,22.562,112.14,38.17
64,2,6.849,20.353,94.011,32.288
64,2,4.0704,23.071,122.33,43.768
64,2,4.5992,22.842,120.69,42.88
64,2,5.8092,22.408,109.95,36.026
64,2,4.0353,22.248,101.97,31.011
64,2,3.5882,22.621,107.89,34.633
64,2,4.7698,22.69,119.07,41.789
64,2,4.0407,23.024,116.29,38.626
64,2,3.1346,22.905,117.13,40.8
64,2,6.1186,23.04,117.72,40.32
64,2,3.6736,21.581,107.98,37.108
64,2,4.7012,23.558,119.43,39.302
64,2,4.2012,22.634,118.56,42.064
64,2,3.2089,22.159,104.34,32.675
64,2,4.1283,23.635,130.4,46.571
64,2,3.6354,22.115,111.48,39.623
64,2,3.8959,20.663,92.282,29.526
64,2,3.9517,22.366,111.38,37.695
64,2,4.4882,22.986,113.78,37.905
64,2,4.7277,23.649,124.61,41.72
64,2,3.4753,21.51,101.97,34.661
64,2,4.2811,22.348,114.29,39.546
64,2,3.2772,22.027,102.43,33.572
64,2,4.4989,22.654,110.12,35.872
64,2,4.961,23.232,122.68,42.862
64,2,4.1514,22.658,112.34,37.059
64,2,4.1379,23.214,112.02,33.207
64,2,3.1931,24.323,129.87,42.901
64,2,4.2421,23.145,122.1,41.248
64,2,5.8532,23.198,122.68,42.831
64,2,3.9459,22.673,119.79,42.393
64,2,3.6179,22.932,115.16,38.042
64,2,4.8088,23.023,115.53,38.157
64,2,5.1001,22.758,120.63,43.496
64,2,3.3248,23.056,121.06,42.409
64,2,3.8322,22.434,109.67,35.614
64,2,4.099,22.028,105.03,35.145
64,2,3.4651,22.957,119.91,41.666
64,2,3.9748,21.092,98.202,33.035
64,2,4.961,23.572,121.08,39.952
64,2,3.5272,23.267,119.49,40.525
64,2,4.3774,22.608,112.29,37.754
64,2,4.6341,21.653,105.34,35.319
64,2,4.9095,22.637,110.42,36.752
64,2,4.0445,23.148,121.71,42.882
64,2,3.7923,21.888,97.511,30.567
64,2,3.1244,22.103,113.78,40.88
64,2,5.3808,23.576,125.91,43.85
64,2,4.6241,24.644,135.45,45.885
64,2,3.5195,22.782,113.1,38.068
64,2,3.7902,23.194,116.27,38.05
64,2,4.4213,22.358,108.83,36.353
64,2,3.8642,21.64,110.49,40.145
64,2,4.2996,22.708,116.12,39.975
64,2,5.4649,22.393,106.75,33.323
64,2,4.2258,23.148,120.01,39.624
64,2,3.1918,23.316,124.87,44.307
64,2,4.5446,23.264,117.64,37.701
64,2,6.6851,21.782,108.64,37.77
64,2,4.077,22.887,114.37,36.204
64,2,3.3735,24.559,137.7,46.628
64,2,4.3837,23.169,112.76,37.025
64,2,3.5237,20.588,91.236,28.05
64,2,3.9893,23.14,125.08,44.662
64,2,3.1777,23.318,119.39,41.127
64,2,3.6383,21.475,104.93,36.622
64,2,3.8327,22.799,117.82,40.144
64,2,4.0166,22.824,111.76,36.249
64,2,4.53,23.487,118.6,38.214
64,2,4.4532,22.003,105.81,35.551
64,2,3.6817,22.686,113.81,36.812
64,2,4.7822,20.434,90.327,30.366
64,2,3.6511,22.974,117.23,39.697
64,2,4.7431,23.696,122.58,41.652
64,2,3.499,21.522,104.21,35.913
64,2,5.3505,23.133,112.68,36.78
64,2,4.0801,21.233,103.84,36.824
64,2,3.3738,22.101,107.38,35.545
64,2,3.3847,21.824,105.46,36.521
64,2,3.7183,22.279,115.99,42.413
64,2,4.4167,22.063,104.7,35.027
64,2,3.3524,23.54,125.86,44.144
64,2,4.3826,23.246,109.92,31.578
64,2,4.1244,23.864,127.44,43.723
64,2,4.9529,22.413,109.5,36.301
64,2,3.4346,22.837,116.27,38.99
64,2,3.9624,22.79,111.31,36.383
64,2,3.8289,23.745,126.95,43.672
64,2,3.9713,22.192,113.85,40.058
64,2,3.709,22.043,106.36,35.57
64,2,4.405,22.481,111.26,36.803
64,2,5.3043,22.502,114.49,39.299
64,2,4.487,21.048,90.734,27.949
64,2,2.8513,22.572,115.59,39.264
64,2,4.27,20.816,93.885,31.183
64,2,4.1633,22.941,115.47,38.161
64,2,3.4235,23.51,117.87,36.216
64,2,4.0327,22.725,111.51,37.398
64,2,3.7774,22.771,105.97,29.823
64,2,3.0918,23.363,119.36,38.749
64,2,4.9954,22.959,111.9,35.208
64,2,4.3128,23.031,116.84,39.685
64,2,3.8422,22.564,116.22,40.089
64,2,4.2387,21.947,107.29,36.919
64,2,5.0705,21.55,102.6,34.414
64,2,3.4692,23.507,125.27,43.394
64,2,5.0872,22.235,108.93,36.888
64,2,3.4641,23.152,114.83,38.16
64,2,3.2911,22.815,113.45,37.283
64,2,4.1946,20.77,89.577,26.577
64,2,3.6805,24.911,142.05,47.826
64,2,2.6647,22.586,114.94,39.989
64,2,3.6,22.226,111.38,38.37
64,2,4.0953,22.114,107.66,36.653
64,2,3.9945,23.233,118.23,39.316
64,2,6.0003,21.349,105.84,38.277
64,2,5.1742,22.629,113.15,38.693
64,2,4.2233,21.177,98.461,33.469
64,2,4.3993,24.038,130.05,44.56
64,2,3.543,22.847,112.06,36.309
64,2,3.5473,24.333,138.11,47.851
64,2,4.0639,21.28,99.765,33.69
64,2,3.9112,22.557,111.42,37.271
64,2,4.6069,23.613,130.03,46.522
64,2,3.7256,21.842,104.62,35.787
64,2,4.2011,22.376,107.29,34.902
64,2,3.3239,22.77,115.23,38.872
64,2,4.1255,24.055,129.99,44.325
64,2,4.0437,21.552,104.51,35.937
64,2,3.4675,24.7,126.16,39.848
64,2,3.0768,22.745,113.46,37.941
64,2,3.662,22.65,115.56,39.971
64,2,4.3487,21.981,108.15,36.817
64,2,3.5395,22.869,111.28,35.833
64,2,2.9039,23.288,117.56,38.093
64,2,3.7641,22.287,107.41,35.435
64,2,4.2526,21.782,108.56,38.292
64,2,2.8284,21.365,105.42,36.796
64,2,3.762,22.122,104.52,34.446
64,2,3.7569,22.016,106.62,35.418
64,2,3.2049,22.35,100.61,29.709
64,2,5.0477,23.044,115.74,37.038
64,2,4.2417,22.835,112.29,36.577
64,2,4.3241,23.991,133.18,46.055
64,2,4.5065,23.074,116.94,38.294
64,2,4.5995,22.849,110.43,35.732
64,2,5.121,22.71,106.79,33.603
64,2,4.3654,22.695,110.22,35.282
64,2,3.5532,22.915,117.49,38.955
64,2,3.7897,22.216,112.92,39.49
64,2,4.1646,22.341,107.41,34.16
64,2,3.2887,21.931,98.762,30.706
64,2,3.5224,23.239,116.47,37.88
64,2,4.1693,22.095,115.56,41.917
64,2,4.6627,23.16,113.62,36.435
64,2,4.2072,22.982,116.22,39.579
64,2,4.9158,21.314,101.16,34.937
64,2,5.7807,23.032,118.14,40.207
64,2,4.478,23.825,116.45,36.568
64,2,3.9391,22.444,109.94,36.329
64,2,3.6086,21.791,102.15,32.737
64,2,4.3845,23.355,121.67,41.312
64,2,4.0611,24.338,130.64,44.176
64,2,3.6001,23.096,120.65,42.47
64,2,3.6575,23.426,119.37,39.507
64,2,4.3523,22.964,116.26,38.258
64,2,3.9165,22.693,110.83,36.568
64,2,4.5703,22.634,109.92,35.794
64,2,3.2485,22.721,118.99,41.368
64,2,3.894,21.7,103.38,34.298
64,2,3.518,22.467,113.36,36.773
64,2,3.4824,21.907,101.7,33.956
64,2,4.2724,20.737,89.231,28.63
64,2,3.6481,24.169,125.72,41.228
64,2,5.1461,22.888,111.28,35.862
64,2,4.3933,23.331,122.74,37.215
64,2,4.1569,22.507,109.72,35.28
64,2,4.1607,23.426,123.58,41.954
64,2,3.6197,23.578,117.47,38.465
64,2,4.1423,21.687,98.751,31.078
64,2,3.3977,22.3,110,38.192
64,2,4.9753,23.324,119.24,40.039
64,2,4.0853,22.904,116.64,38.113
64,2,3.3919,23.121,116.87,38.961
64,2,3.9952,22.141,112.69,39.082
64,2,3.3784,21.681,101.79,33.496
64,2,4.1694,23.371,117.53,38.354
64,2,3.5175,22.639,110.71,36.452
64,2,3.8133,22.102,115.84,41.726
64,2,4.0559,22.644,114.37,38.485
64,2,3.7376,22.752,118.65,40.785
64,2,4.0004,22.907,117.33,40.352
64,2,3.0075,22.346,115.15,40.116
64,2,3.9925,22.404,108.98,36.862
64,2,4.2114,21.454,97.556,30.204
64,2,3.5521,22.736,108.49,33.608
64,2,4.3068,21.643,97.337,31.654
64,2,3.2338,23.264,119.56,40.835
64,2,4.6815,23.337,122.75,41.349
64,2,3.8145,21.649,107.91,37.012
64,2,3.5778,21.979,113.15,40.078
64,2,3.9549,23.286,123.12,42.946
64,2,4.4531,22.85,118.49,41.043
64,2,4.0346,22.033,112.04,40.459
64,2,4.1979,22.795,104.52,31.402
64,2,3.8979,22.331,112.07,38.03
64,2,4.9853,21.242,100.05,34.406
64,2,5.03,23.566,116.32,36.654
64,2,4.084,22.717,110.66,36.478
64,2,4.5672,23.781,121.54,38.377
64,2,4.5009,22.794,118.66,41.292
64,2,2.9703,21.226,100.03,33.29
64,2,3.3865,21.335,98.858,31.575
64,2,4.826,21.629,102.85,34.664
64,2,4.0993,21.054,100.82,35.495
64,2,3.1749,22.98,126.74,47.519
64,2,3.9243,22.444,114.44,38.804
64,2,2.9402,21.755,105.49,36.637
64,2,3.8883,22.494,112.6,37.302
64,2,4.7602,22.168,104.45,33.78
64,2,3.5278,22.09,100.68,31.323
64,2,3.0526,21.98,108.46,36.971
64,2,4.1764,22.923,116.86,39.785
64,2,5.1869,23.694,121.65,39.709
64,2,4.3063,22.758,113.94,39.164
64,2,4.208,22.147,111.4,39.123
64,2,3.7402,22.692,111.2,37.149
64,2,3.7291,21.519,98.901,32.183
64,2,4.1908,22.709,108.07,33.202
64,2,4.1562,22.663,120.78,42.42
64,2,4.8501,22.226,102.75,33.051
64,2,3.2222,23.831,119.99,37.666
64,2,3.9738,21.494,101.89,34.914
64,2,3.7393,23.148,121.56,42.095
64,2,4.1666,22.197,105.83,34.281
64,2,4.4618,22.794,104.69,32.58
64,2,3.5178,23.202,117.76,39.848
64,2,3.8356,22.457,107.18,34.87
64,2,3.2549,22.711,118.08,40.623
64,2,4.2501,23.658,118.92,38.26
64,2,3.4888,23.159,125.87,44.318
64,2,3.9006,22.375,111.06,36.527
64,2,3.9052,21.725,109.83,40.202
64,2,2.9215,23.253,121.49,40.724
64,2,3.4501,21.932,104.69,34.535
64,2,5.7079,22.501,113.38,39.031
64,2,4.758,22.833,114.12,38.269
64,2,4.4185,23.564,122.98,41.026
64,2,3.4669,21.924,102.47,32.991
64,2,4.7559,23.29,124.92,44.167
64,2,4.1952,23.356,117.16,38.639
64,2,3.2456,21.452,98.765,31.803
64,2,3.5927,22.762,106.17,32.015
64,2,3.6232,23.047,121.61,41.615
64,2,3.195,22.284,109.17,34.457
64,2,4.8213,22.3,106.49,34.142
64,2,4.0496,22.063,108.06,36.707
64,2,3.4542,22.739,118.71,42.036
64,2,4.8673,22.24,104.44,32.134
64,2,4.2701,23.305,115.5,38.014
64,2,3.902,23.03,113.55,36.353
64,2,3.3477,22.474,117.19,40.853
64,2,3.2498,22.031,108.98,37.473
64,2,3.5205,22.127,101.19,31.865
64,2,4.6789,22.675,116.22,40.045
64,2,4.3536,22.231,112.07,38.822
64,2,4.3176,23.37,126.28,45.411
64,2,4.2455,23.087,117.51,40.009
64,2,3.6695,22.997,115.11,38.78
64,2,4.6759,23.731,126.69,43.883
64,2,4.1231,22.668,119.67,42.746
64,2,5.054,22.591,109.54,36.44
64,2,4.4345,23.589,124.35,43.208
64,2,3.717,22.959,116.55,40.395
64,2,4.4537,22.253,109.17,37.27
64,2,4.2079,24.798,137.07,44.443
64,2,4.2049,21.694,106.39,37.036
64,2,4.4416,22.785,109.88,36.209
64,2,3.7182,22.925,119.74,41.637
64,2,5.0674,23.106,126.83,46.925
64,2,3.5659,23.371,125.66,44.317
64,2,3.8138,21.016,92.47,28.546
64,2,4.7171,24.104,127.43,42.548
64,2,4.1729,23.634,124.14,42.627
64,2,4.4859,21.818,105.67,35.732
64,2,4.3251,22.326,110.85,37.899
64,2,4.7527,23.241,129.11,47.93
64,2,3.3323,23.302,118.96,38.434
64,2,4.536,21.835,102.46,33.999
64,2,3.2246,21.524,104.56,36.044
64,2,4.693,23.64,123.78,41.99
64,2,3.5335,23.507,123.9,41.259
64,2,4.9283,22.486,113.94,39.582
64,2,3.661,22.575,108.74,35.538
64,2,4.3347,21.279,96.845,31.721
64,2,5.3347,22.692,115.79,39.935
64,2,3.3228,21.215,99.824,34.307
64,2,2.7663,21.922,106.66,36.844
64,2,3.5264,22.71,107.95,34.207
64,2,6.0696,21.975,102.66,33.885
64,2,3.5273,21.758,106.97,36.047
64,2,4.3695,20.596,93.917,32.518
64,2,4.8166,22.027,106.55,34.525
64,2,3.5735,20.923,95,30.745
64,2,4.0097,22.492,108.94,33.552
64,2,4.4619,23.467,126.42,45.178
64,2,5.1576,22.273,110.95,37.119
64,2,3.9356,23.23,116.74,38.413
64,2,4.3168,23.125,121.15,41.964
64,2,3.2532,22.544,110.58,37.821
64,2,4.7052,22.768,111.54,36.673
64,2,4.5729,21.29,98.612,33.491
64,2,3.1397,21.783,105.09,35.52
64,2,3.5413,23.178,114.6,36.574
64,2,4.4288,22.226,115.45,38.903
64,2,4.5459,22.803,119.18,42.359
64,2,3.6887,23.323,125.05,43.958
64,2,3.4362,24.022,126.45,41.438
64,2,5.4751,21.763,103.36,33.71
64,2,4.9036,22.707,121.51,43.405
64,2,3.8213,22.576,121.1,44.238
64,2,3.692,23.999,123.3,39.219
64,2,3.9178,23.052,117.57,39.913
64,2,3.949,22.71,106.89,30.395
64,2,3.7928,22.701,109.84,36.27
64,2,3.8702,22.918,114.65,37.211
64,2,4.2888,22.996,112.78,36.066
64,2,3.8966,22.817,115.07,38.252
64,2,4.7814,21.617,101.05,33.83
64,2,4.0954,21.813,104.25,34.685
64,3,5.7017,26.721,160.73,56.252
64,3,4.2352,25.496,129.08,37.56
64,3,3.7664,26.204,157.55,56.382
64,3,3.672,25.186,145.35,51.219
64,3,7.4445,24.461,136.52,46.79
64,3,3.6057,25.054,136.77,46.421
64,3,4.8293,26.037,152.75,51.074
64,3,3.723,25.838,153.94,54.469
64,3,4.2075,25.346,145.46,52.031
64,3,3.9474,25.992,149.88,51.358
64,3,4.9802,26.464,147.53,47.694
64,3,4.2729,25.743,145.69,50.094
64,3,4.5571,26.27,158.98,55.749
64,3,4.8152,26.512,157.32,53.94
64,3,3.7207,26.233,157.31,55.773
64,3,4.4727,25.038,144,51.279
64,3,3.9245,26.906,158.42,52.299
64,3,5.6638,25.047,130.9,42.158
64,3,3.3993,24.618,130.48,44.104
64,3,5.1122,27.208,156.25,48.752
64,3,4.6936,23.906,130.45,46.677
64,3,4.8086,25.627,143.7,49.734
64,3,4.487,25.876,150.14,52.389
64,3,3.7639,24.726,136.71,46.886
64,3,4.3776,28.138,182.14,65.377
64,3,3.8133,28.442,187.35,67.537
64,3,4.0482,25.235,139.29,47.36
64,3,4.4248,25.78,140,44.837
64,3,6.3212,26.073,155.06,54.543
64,3,5.3598,27.191,163.61,55.729
64,3,3.2217,24.78,137.11,47.956
64,3,4.9827,27.165,171.93,63.193
64,3,4.5762,26.072,147.4,48.473
64,3,3.8691,25.052,144.16,50.791
64,3,3.9119,24.037,132.05,47.974
64,3,3.8458,25.676,145.49,49.42
64,3,4.4934,26.443,152.91,52.395
64,3,4.7939,26.47,158.48,55.942
64,3,4.253,28.293,175.11,58.79
64,3,4.5628,26.34,161.94,58.804
64,3,4.5279,26.693,162.07,54.763
64,3,3.7987,26.757,167.32,61.466
64,3,4.736,26.33,157.15,55.751
64,3,5.0727,26.695,161.37,58.343
64,3,4.4378,25.825,150.52,51.95
64,3,4.3235,25.618,148.24,51.902
64,3,5.112,26.501,155.52,53.149
64,3,6.175,27.583,178.14,62.807
64,3,4.0736,25.371,152.24,56.24
64,3,4.3556,25.177,139.81,47.759
64,3,3.5843,26.439,157.69,54.752
64,3,4.0911,27.337,168.29,58.997
64,3,4.1262,27.467,167.8,57.74
64,3,4.0537,25.052,139.25,44.791
64,3,4.1972,24.612,139.94,51.081
64,3,5.6391,26.761,164.97,59.45
64,3,4.4122,24.557,131.89,43.43
64,3,4.3436,24.926,138.19,48.202
64,3,4.1396,26.046,141.18,44.355
64,3,3.7304,24.466,143.05,50.247
64,3,3.6738,25.634,155.3,56.866
64,3,3.7507,25.642,148.19,51.777
64,3,3.3871,26.839,157.36,49.422
64,3,4.2554,25.809,141.75,46.2
64,3,4.4711,25.241,134.86,43.75
64,3,4.1577,26.322,153.72,53.969
64,3,3.4374,25.665,149.28,52.437
64,3,4.2694,27.046,169.14,60.645
64,3,5.4258,24.495,133.82,45.968
64,3,4.549,26.708,168.11,61.758
64,3,4.351,26.971,158.81,53.595
64,3,4.0901,26.656,152.57,50.926
64,3,3.456,25.747,142.09,42.579
64,3,5.3679,26.235,148.11,49.464
64,3,4.4564,25.725,149.19,52.435
64,3,3.5424,24.351,137.62,49.367
64,3,4.9867,27.201,163.75,55.869
64,3,5.2259,25.567,145.14,49.732
64,3,5.021,26.305,160.07,56.349
64,3,4.5885,25.09,139.77,47.536
64,3,3.8232,25.763,150.83,53.7
64,3,4.6461,27.442,165.93,57.617
64,3,4.6828,27.183,163.58,55.398
64,3,7.8804,24.946,136.55,46.772
64,3,6.9911,25.41,145.09,49.488
64,3,4.0549,25.436,135.96,43.165
64,3,3.5029,26.111,149.56,50.086
64,3,3.8795,25.618,151.21,53.188
64,3,4.7969,26.483,159.82,54.379
64,3,5.4877,27.951,183.92,66.984
64,3,3.1559,26.07,154.25,53.67
64,3,5.253,27.078,163.45,55.97
64,3,5.1007,25.92,159.29,59.15
64,3,4.0381,26.231,157.84,56.549
64,3,5.28,25.355,143.56,49.211
64,3,4.5247,26.58,166.05,59.477
64,3,4.8814,24.904,137.05,46.21
64,3,4.4994,25.008,136.26,46.861
64,3,3.9143,26.385,153.76,52.728
64,3,4.3107,24.61,127.13,39.028
64,3,5.1734,26.306,149.97,49.39
64,3,5.4739,26.768,153.06,49.218
64,3,4.2027,24.486,125.94,40.839
64,3,4.5586,25.218,136.91,42.075
64,3,5.267,25.937,151.78,51.533
64,3,3.5267,26.315,157.07,56.031
64,3,4.625,25.862,146.68,49.45
64,3,3.7399,26.145,149.62,48.228
64,3,3.6308,24.857,135.95,46.504
64,3,3.9704,25.717,141.53,46.518
64,3,4.4613,25.413,145.43,50.108
64,3,4.9438,23.938,133.02,48.535
64,3,4.1664,25.668,147.27,51.176
64,3,3.3254,26.121,157.08,55.864
64,3,4.8611,24.761,137.8,47.061
64,3,4.1247,25.654,143.17,48.04
64,3,4.0102,25.734,157.7,57.45
64,3,3.1914,26.14,159.05,57.052
64,3,4.5003,25.856,150.77,54.081
64,3,4.4767,25.831,147.89,50.017
64,3,3.8939,25.524,139.2,46.361
64,3,3.0307,25.792,152.42,53.91
64,3,3.4443,26.013,146.25,46.738
64,3,5.0386,26.716,158.62,53.591
64,3,3.1592,25.587,156.29,57.565
64,3,3.5028,24.818,134.3,43.974
64,3,5.3305,25.094,145.73,52.105
64,3,4.341,26.067,150.74,50.576
64,3,5.0562,25.13,141.46,49.41
64,3,5.1154,25.853,133.09,42.009
64,3,3.4645,25.538,148.87,52.556
64,3,5.4616,25.892,143.82,47.459
64,3,5.355,24.882,140.11,48.458
64,3,6.2558,26.385,161.63,58.025
64,3,4.7016,24.716,136.26,46.168
64,3,5.0624,26.687,159.66,56.705
64,3,5.497,25.214,146.67,50.839
64,3,4.1625,26.044,153.39,53.915
64,3,4.1429,26.251,152.13,51.154
64,3,4.3531,26.149,159.63,58.917
64,3,4.9493,23.974,122.4,41.153
64,3,4.2859,26.661,162.76,57.981
64,3,3.7538,25.682,147.02,50.255
64,3,5.9505,24.525,139.21,50.251
64,3,4.3961,26.262,163.23,60.566
64,3,3.6332,24.99,152.84,57.057
64,3,5.9935,27.29,159.07,51.708
64,3,5.6952,26.367,156.47,53.802
64,3,4.2296,25.832,146.91,50.312
64,3,3.8424,26.093,152.28,52.701
64,3,4.5319,27.064,163.27,55.662
64,3,3.8901,27.049,163.12,55.487
64,3,3.1655,25.395,153.51,55.822
64,3,4.8295,25.204,142.94,50.468
64,3,5.1205,25.899,151.34,52.948
64,3,3.9591,26.037,151.57,52.538
64,3,5.6402,25.134,140.15,46.207
64,3,4.7295,25.835,149.71,52.755
64,3,3.9541,25.577,138.54,46.285
64,3,6.2838,24.253,126.19,40.435
64,3,4.5074,24.061,132.96,46.902
64,3,4.501,27.095,160.82,55.326
64,3,3.4736,27.027,160.21,53.163
64,3,5.2525,24.863,138.13,49.066
64,3,4.859,24.281,133.12,46.7
64,3,4.8638,25.236,136.18,45.018
64,3,4.0551,24.929,131.77,43.334
64,3,5.2133,26.011,157.33,56.445
64,3,4.3281,24.243,135.27,50.481
64,3,3.8846,25.92,143.25,45.557
64,3,4.1871,25.477,142.76,47.886
64,3,4.2904,25.227,153.92,58.293
64,3,6.6134,25.4,138.53,44.615
64,3,3.6643,25.795,151.6,52.966
64,3,4.8605,24.288,133.1,46.948
64,3,4.4272,25.363,139.07,46.376
64,3,4.431,26.774,151.88,45.864
64,3,4.3407,24.764,141.07,48.999
64,3,5.2381,26.4,156,55.489
64,3,5.6869,25.684,145.02,48.567
64,3,3.8423,26.203,150.92,51.252
64,3,4.8527,25.816,148.26,51.923
64,3,5.3703,25.876,145.02,49.04
64,3,4.4665,26.572,153.21,50.326
64,3,4.1056,25.795,153.08,54.002
64,3,4.0696,26.356,160.08,57.175
64,3,3.6903,24.388,130.05,42.277
64,3,5.0636,24.519,132.2,42.937
64,3,4.0382,26.802,172.63,61.649
64,3,4.161,24.349,136.52,49.036
64,3,3.7483,26.701,164.28,56.054
64,3,5.2678,26.863,162.05,58.346
64,3,4.2318,26.63,149.58,47.917
64,3,3.9285,24.301,133.65,46.666
64,3,4.1235,25.707,146.74,51.696
64,3,4.9354,24.909,133.37,44.835
64,3,4.2894,25.541,147.27,50.355
64,3,3.2946,25.053,131.65,43.535
64,3,4.0964,25.443,150.96,54.359
64,3,8.1143,25.499,147.18,52.055
64,3,3.7106,24.839,135.17,46.424
64,3,4.096,24.104,133.83,47.746
64,3,4.2102,26.04,156.08,56.31
64,3,4.1764,25.697,141.93,46.649
64,3,3.4673,25.657,153.18,53.746
64,3,4.3621,25.879,155.8,55.513
64,3,4.3871,25.194,147.9,53.739
64,3,4.9508,25.48,145.91,51.423
64,3,5.4017,27.286,166.08,56.704
64,3,5.669,27.441,162.32,53.564
64,3,4.2439,25.456,143.72,46.741
64,3,4.0525,27.081,162.31,56.228
64,3,3.7027,25.732,143.57,48.258
64,3,5.2805,24.735,141.38,48.928
64,3,3.6426,25.402,131.82,37.499
64,3,4.7358,27.876,172.41,59.053
64,3,3.6808,27.304,165.07,56.388
64,3,6.2116,26.216,146.56,47.316
64,3,3.4831,26.075,149.54,49.607
64,3,5.4073,25.196,145.07,53.645
64,3,4.1062,25.699,156.88,58.414
64,3,3.4888,25.809,157.32,58.192
64,3,3.9986,25.663,147.73,51.066
64,3,3.8104,26.52,169.75,63.829
64,3,4.7271,26.556,152.75,49.783
64,3,5.1388,25.685,146.47,49.07
64,3,7.5659,26.34,154.23,54.325
64,3,5.2417,25.912,147.29,50.737
64,3,4.9986,25.523,149.58,53.07
64,3,4.462,24.209,129.46,45.256
64,3,4.8589,26.406,157.76,56.684
64,3,4.1654,25.406,146.24,52.105
64,3,4.2138,27.071,161.72,55.226
64,3,3.6848,25.548,146.12,49.967
64,3,5.2176,25.421,150.21,54.729
64,3,4.4465,26.015,144.06,47.583
64,3,4.5353,24.82,139.98,48.252
64,3,4.2788,25.588,146.43,52.064
64,3,4.8296,24.87,124.23,35.174
64,3,3.8661,24.336,129.27,43.765
64,3,3.4062,27.521,170.4,58.834
64,3,5.2517,25.924,143.45,46.954
64,3,4.0216,25.737,144.13,49.348
64,3,5.2665,27.326,162.52,55.111
64,3,6.9639,25.996,150.83,51.93
64,3,6.6433,26.219,147.03,49.033
64,3,4.1004,25.567,156.1,56.473
64,3,3.7119,25.588,145.41,50.274
64,3,4.5411,24.444,142.87,54.231
64,3,4.6004,25.412,145.81,50.47
64,3,3.1536,25.292,141.51,48.107
64,3,6.2428,26.656,164.4,58.075
64,3,4.1166,25.513,142.35,47.388
64,3,4.0294,24.431,137.58,49.034
64,3,4.1553,25.712,143.35,48.294
64,3,3.7719,26.974,172.15,63.297
64,3,4.7642,26.474,161.92,56.647
64,3,4.9631,27.377,163.25,52.527
64,3,4.2923,24.835,137.43,46.693
64,3,5.8263,25.603,140.8,45.567
64,3,4.1048,24.988,135.06,44.738
64,3,4.3946,25.342,131.88,39.435
64,3,5.7248,24.63,135.41,46.649
64,3,4.7868,25.866,157.4,57.276
64,3,3.7294,26.266,148.67,46.946
64,3,4.5777,25.557,137.32,44.519
64,3,4.7628,25.581,152.56,55.947
64,3,4.6818,26.2,152.85,52.271
64,3,5.1943,27.129,165.35,58.207
64,3,5.7207,25.858,149.38,50.977
64,3,4.1026,26.712,165.81,60.3
64,3,4.1632,25.416,143.03,48.671
64,3,4.6622,27.571,178.08,65.813
64,3,4.8055,26.506,163.41,59.763
64,3,3.9267,27.035,165.3,57.599
64,3,4.4707,25.606,151.98,54.196
64,3,5.9075,26.065,152.12,51.764
64,3,3.4537,25.233,151.7,56.36
64,3,3.484,26.04,146.86,49.131
64,3,4.6608,27.242,163.15,53.571
64,3,3.6889,26.725,155.86,50.674
64,3,3.8493,24.296,134.26,48.462
64,3,4.3269,26.166,154.09,54.625
64,3,5.4639,26.393,157.26,56.323
64,3,4.2223,25.245,140.28,47.157
64,3,4.4263,24.718,133.39,45.079
64,3,4.1954,25.238,144.72,50.196
64,3,4.329,26.34,155.73,53.355
64,3,4.1244,26.415,154.18,51.21
64,3,4.4988,25.387,142.27,48.439
64,3,3.5827,27.325,172.77,61.199
64,3,3.127,25.459,142.18,48.085
64,3,5.048,26.071,150.32,51.459
64,3,4.2448,27.186,169.93,59.473
64,3,3.8305,25.194,141.24,50.078
64,3,4.8467,25.065,137.56,46.377
64,3,5.0044,26.913,161.01,55.698
64,3,3.2409,26.005,150.81,51.403
64,3,3.4899,26.032,148.06,49.207
64,3,4.0949,25.839,151.26,52.693
64,3,4.2219,26.301,160.45,56.42
64,3,4.8444,25.892,151.12,53.374
64,3,4.1683,27.089,169.78,62.096
64,3,4.113,25.215,147.57,52.33
64,3,4.2457,25.577,152.92,54.608
64,3,3.6083,26.472,155.74,53.48
64,3,3.4842,25.562,143.65,47.162
64,3,5.5074,26.245,156.32,54.398
64,3,4.851,27.388,165.8,56.67
64,3,4.0576,25.157,130.06,42.136
64,3,4.5583,24.788,132.8,43.889
64,3,4.8491,26.914,167.65,60.326
64,3,4.7518,26.315,158.01,56.137
64,3,4.1554,25.493,142.64,48.739
64,3,3.7491,26.242,153.86,54.211
64,3,4.6135,26.158,163.29,60.944
64,3,3.6469,25.325,143.96,50.092
64,3,5.351,25.101,143.4,51.04
64,3,4.1503,24.99,138.19,47.184
64,3,4.4212,25.222,149.2,53.808
64,3,4.0766,25.341,136.3,44.198
64,3,4.9443,25.633,146.06,51.165
64,3,3.8254,25.349,139.35,47.16
64,3,4.0665,26.844,158.85,54.948
64,3,4.3795,25.066,132.85,39.082
64,3,4.6325,26.682,163.78,57.768
64,3,3.827,25.513,145.25,51.008
64,3,4.3192,25.571,153.71,55.358
64,3,4.1432,23.56,118.85,37.381
64,3,2.945,26.999,171.91,63.21
64,3,3.9484,26.878,169.18,60.04
64,3,6.1906,25.806,152.42,56.279
64,3,3.9353,26.077,156.15,55.475
64,3,5.6067,24.14,130.22,46.463
64,3,5.3465,26.617,163.32,57.838
64,3,4.5096,25.761,143.99,48.801
64,3,3.4775,26.042,147.44,50.055
64,3,5.5807,27.471,173.96,62.098
64,3,4.2945,25.305,140.14,47.151
64,3,4.4348,27.256,160.04,52.719
64,3,3.7994,25.332,144.86,51.481
64,3,3.5685,25.7,153.68,56.614
64,3,3.8816,25.82,148.46,50.346
64,3,6.1689,24.197,133.87,47.317
64,3,5.0702,26.337,154.36,53.841
64,3,3.8749,26.567,162.18,57.744
64,3,5.0639,24.955,133.1,44.645
64,3,3.5291,25.43,141.58,47.019
64,3,4.9314,26.306,150.84,49.182
64,3,5.2189,27.342,172.4,61.974
64,3,3.7052,26.962,161.41,52.477
64,3,5.2334,26.287,146.55,47.944
64,3,6.4006,25.181,143.18,49.304
64,3,4.3331,23.899,129.03,46.685
64,3,3.6799,26.463,157.74,54.753
64,3,4.0623,26.379,162.05,59.52
64,3,3.7681,24.026,127.76,43.407
64,3,4.268,26.419,150.53,49.432
64,3,3.6939,26.334,157.94,53.904
64,3,4.0277,24.684,142.21,52.25
64,3,4.2193,25.115,135.68,43.721
64,3,4.3066,27.474,172.73,60.626
64,3,4.1207,25.114,141.2,48.711
64,3,5.572,26.055,145.76,48.739
64,3,4.8655,25.27,131.13,40.193
64,3,4.6248,25.623,146.36,50.298
64,3,6.8382,26.907,158.57,53.662
64,3,3.8399,24.029,136.19,50.563
64,3,4.2161,25.408,146.53,51.003
64,3,4.237,25.903,146.64,48.891
64,3,4.2433,22.994,125.84,46.588
64,3,3.8827,27.803,179.98,64.706
64,3,3.9556,24.989,145.07,51.51
64,3,5.2608,24.262,124.91,40.9
64,3,4.6304,27.067,153.37,50.233
64,3,4.0757,25.716,145.73,49.684
64,3,5.2694,24.996,136.75,44.21
64,3,6.1525,25.604,142.45,46.414
64,3,3.7085,26.17,151.04,51.568
64,3,3.8197,24.63,137.01,48.634
64,3,4.8649,24.406,125.28,41.803
64,3,3.4743,26.341,155.42,54.521
64,3,4.4247,26.768,161.83,57.152
64,3,4.9311,25.423,134.89,42.992
64,3,3.5768,28.011,173.31,57.344
64,3,4.3922,26.474,151.93,49.446
64,3,3.3861,27.218,172.11,61.961
64,3,4.8346,25.041,136.34,46.735
64,3,4.0306,25.701,149.79,52.144
64,3,4.8991,27.37,173.79,60.903
64,3,3.2869,25.3,142.81,48.181
64,3,3.9689,23.919,129.18,44.349
64,3,3.9572,26.558,159.92,56.757
64,3,4.1753,25.455,140.65,47.643
64,3,4.4142,26.689,163.97,58.77
64,3,4.0122,25.73,148.22,51.199
64,3,4.3968,25.666,145.48,49.833
64,3,4.8232,25.753,142.79,45.418
64,3,3.0139,25.907,152.34,53.072
64,3,5.2133,27.192,165.84,58.623
64,3,3.7664,25.35,142.98,50.337
64,3,3.7697,24.58,132.18,45.511
64,3,5.2059,25.559,146.43,50.972
64,3,3.5517,25.778,158.74,57.791
64,3,7.191,26.969,157.97,54.125
64,3,4.1582,24.788,133.69,43.756
64,3,5.6411,25.655,150.5,52.718
64,3,4.4026,27.349,152.79,48.893
64,3,4.117,26.03,148.88,49.691
64,3,4.652,25.961,150.11,53.493
64,3,3.9187,27.36,172.35,61.554
64,3,3.4539,25.921,140.43,42.979
64,3,3.7969,25.083,139.42,46.51
64,3,4.2868,26.461,154.31,52.433
64,3,4.4546,25.645,145.98,48.651
64,3,3.9284,25.867,153.88,54.697
64,3,4.1545,25.018,140.56,48.56
64,3,3.8476,25.951,150.44,50.831
64,3,5.6975,27.054,163.7,56.91
64,3,4.1621,24.187,130.45,44.786
64,3,6.2596,25.163,138.2,44.884
64,3,4.5607,28.11,168.83,55.779
64,3,4.2687,26.88,165.77,57.536
64,3,5.0901,24.778,135.76,48.045
64,3,4.5742,24.543,139.63,49.667
64,3,5.2552,26.191,149.59,51.187
64,3,3.939,27.377,164.36,54.845
64,3,4.3564,26.275,154.63,53.794
64,3,5.3152,25.357,141.66,48.064
64,3,3.8373,24.58,143.37,53.347
64,3,4.1323,26.404,154.82,53.243
64,3,6.3894,25.442,141.69,48.732
64,3,5.3019,24.804,131.89,42.861
64,3,4.7163,27.044,159.84,53.682
64,3,4.4978,27.062,164.83,57.991
64,3,4.3547,26.647,159.56,54.403
64,3,4.4055,26.192,145.8,46.734
64,3,3.239,24.375,132.07,46.213
64,3,3.9322,26.257,157.61,54.031
64,3,4.0394,26.6,165.15,58.582
64,3,5.0268,25.758,134.15,37.709
64,3,3.6066,25.995,147.99,50.352
64,3,4.8498,26.622,159.07,54.723
64,3,4.8268,25.412,135.91,43.183
64,3,4.9449,27.02,162.85,56.759
64,3,3.3474,25.414,138.46,45.232
64,3,4.1996,26.492,152.39,51.645
64,3,4.0711,26.028,149.96,49.92
64,3,3.7149,25.031,135.72,45.744
64,3,3.9455,25.765,139.37,45.454
64,3,3.6373,25.822,146.76,49.683
64,3,4.3278,26.098,150.68,51.886
64,3,4.9404,24.647,132.42,44.618
64,3,4.7627,26.99,152.02,49.328
64,3,4.1732,26.76,159.18,56
64,3,3.8968,25.898,151.35,51.502
64,3,4.1097,25.399,145.68,52.455
64,3,4.4464,25.75,144.36,48.619
64,3,4.8313,26.327,153.01,53.617
64,3,3.3982,24.803,130.03,39.35
64,3,5.1248,23.656,119.46,39.164
64,3,3.9204,24.995,148.17,54.918
64,3,3.6547,25.204,136.33,45.032
64,3,3.8041,27.554,188.27,73.723
64,3,3.5961,24.204,128.17,43.949
64,3,3.4715,26.372,151.87,52.092
64,3,3.9258,27.007,174.51,64.22
64,3,3.9585,24.419,132.03,46.056
64,3,4.625,27.546,177.95,62.569
64,3,4.9118,26.584,160.29,55.602
64,3,6.0644,25.958,155.41,54.344
64,3,3.4752,27.679,169.91,58.018
64,3,4.0387,25.692,149.23,52.673
64,3,4.8269,25.417,149.72,54.753
64,3,5.6053,25.064,139.44,47.677
64,3,4.7346,25.347,146.61,53.354
64,3,3.9336,25.483,141.42,48.963
64,3,3.2553,26.723,156.53,52.353
64,3,5.0395,28.086,171.51,56.138
64,3,6.1523,27.025,157.23,51.25
64,3,3.8561,26.366,148.33,49.069
64,3,4.4187,26.187,154.72,53.953
64,3,5.3274,25.275,135.92,43.811
64,3,5.2125,25.203,142.81,49.342
64,3,3.9289,25.917,142.19,46.577
64,3,5.1704,24.894,135.56,46.939
64,3,4.5457,25.831,145.28,48.992
64,3,4.6316,26.646,164.71,57.86
64,3,4.8483,25.921,143.84,46.571
64,3,3.2216,26.425,155.85,52.203
64,3,6.1377,25.488,148.62,52.76
64,3,4.4599,24.37,129.3,42.841
64,3,4.7164,25.559,151.73,53.027
64,3,6.1558,26.318,159.91,56.799
64,3,7.8471,24.743,144.63,52.035
64,3,5.5061,25.821,145.12,48.375
64,3,3.849,26.022,154.04,54.384
64,3,4.3873,25.865,155.99,56.675
64,3,4.9828,26.625,157.01,51.851
64,3,4.7572,25.881,151.36,53.008
64,3,5.4413,24.619,132.32,44.286
64,3,4.5583,25.612,148.26,51.811
64,3,5.8507,25.72,145.19,48.792
64,3,4.7486,25.285,135.25,43.679
64,3,3.2489,25.832,159.13,58.771
64,3,3.3079,26.597,156.05,50.265
64,3,4.0011,26.969,157.8,51.2
64,3,4.5212,26.965,169.05,61.461
64,3,3.4263,25.927,152.46,54.493
64,3,7.0424,24.596,132.17,45.078
64,3,5.2246,24.043,120.15,37.985
64,3,3.3408,26.684,158.16,53.943
64,3,4.4934,24.268,124.98,40.487
64,3,4.1077,25.378,148.34,52.136
64,3,5.0319,25.673,157.98,59.091
64,3,3.7767,25.321,143.36,49.951
64,3,5.655,23.815,120.95,38.924
64,3,4.0298,26.37,158.37,56.32
64,3,4.5095,26.349,153.19,48.118
64,3,3.6264,25.44,146.61,50.939
64,3,4.6005,27.081,162.53,54.885
64,3,4.1732,24.255,131.23,46.177
64,3,4.0136,26.837,163.85,58.762
64,3,4.029,24.751,139.99,49.029
64,3,3.7826,26.319,148.33,50.005
64,3,5.656,26.339,149.32,49.525
64,3,4.2509,24.801,142.17,51.277
64,3,5.1098,25.594,134.42,42.218
64,3,4.5353,24.599,136.33,47.371
64,3,5.4091,25.418,141.8,48.896
64,3,4.2843,27.144,163.81,53.498
64,3,4.9827,25.448,137.33,44.167
64,3,4.7712,25.586,140.3,47.145
64,3,3.7429,25.305,143.92,50.849
64,3,4.0213,26.106,141.6,42.221
64,3,3.9586,26.946,163.21,56.221
64,3,5.3022,24.996,142.65,49.758
64,3,3.2976,25.846,152.32,54.318
64,3,4.1933,25.268,147.3,53.567
64,3,4.8285,25.406,141.88,49.243
64,3,5.1503,27.938,170.83,56.348
64,3,5.6365,25.883,150.54,51.937
64,3,4.9595,24.806,127.45,39.347
64,3,5.2701,26.932,157.43,52.394
64,3,4.4064,24.98,136.26,46.494
64,3,4.1859,27.069,166.95,58.119
64,3,4.168,25.559,144.65,49.453
64,3,4.2956,25.241,139.58,45.423
64,3,4.1315,25.305,150.24,54.703
64,3,4.4641,26.582,156.89,55.094
64,3,4.5506,26.67,153.6,50.985
64,3,5.1921,25.206,133.19,43.008
64,3,4.2394,26.749,149.36,46.318
64,3,4.2984,26.848,162.41,56.663
64,3,3.8791,24.271,130.02,44.067
64,3,4.5818,25.44,147.95,52.791
64,3,3.1004,25.889,157.13,55.914
64,3,3.6805,25.338,141.9,49.611
64,3,5.0331,26.774,160.47,55.583
64,3,4.1259,25.551,146.04,49.379
64,3,5.2912,24.416,134.13,45.591
64,3,4.8234,25.581,151.61,54.703
64,3,4.9309,25.261,138.55,47.19
64,3,4.8917,24.701,131.12,44.161
64,3,5.2736,24.626,135.46,45.647
64,3,4.9427,27.603,167.8,58.558
64,3,4.8433,26.998,158.76,54.339
64,3,3.6888,25.676,150.82,54.418
64,3,4.1749,25.512,149.67,54.155
64,3,4.0483,25.665,151.78,53.456
64,3,4.1381,26.294,151,51.118
64,3,3.6216,25.658,143.87,48.453
64,3,4.3678,25.026,144.75,52.153
64,3,4.8323,26.199,160.48,58.083
64,3,4.0302,25.825,154.46,53.09
64,3,3.5365,26.238,155.97,53.054
64,3,3.7163,25.149,144.83,51.018
64,3,4.7633,24.683,138.98,48.953
64,3,4.4189,25.73,152.18,54.358
64,3,4.2393,24.376,130.4,43.308
64,3,4.6793,25.576,138.17,44.526
64,3,4.5484,24.155,115.68,32.949
64,3,4.6088,27.619,173.62,60.066
64,3,4.1948,26.766,168.02,62.484
64,3,5.1962,24.042,133.79,48.88
64,3,6.0099,25.908,147.88,50.642
64,3,4.5617,25.728,149.4,51.489
64,3,5.9146,26.211,148.68,48.839
64,3,4.1763,24.531,130.87,44.68
64,3,4.3384,25.752,143.03,48.33
64,3,4.4595,26.16,158.14,55.808
64,3,4.3032,27.166,170.22,61.871
64,3,3.7189,27.315,158.02,51.109
64,3,4.2589,27.189,164.68,57.214
64,3,4.9919,25.894,154.38,53.984
64,3,5.5064,26.464,158.52,55.646
64,3,4.6593,26.248,145.62,48.055
64,3,6.3978,26.631,156.13,52.897
64,3,4.0688,26.043,145.67,47.279
64,3,4.0549,25.581,144.63,50.582
64,3,3.2673,24.055,135.15,49.372
64,3,4.8446,26.317,144.99,46.9
64,3,5.0287,26.619,152.3,50.335
64,3,5.046,25.314,144.4,48.935
64,3,3.8031,24.745,144.38,51.772
64,3,5.5653,28.012,161.25,53.023
64,3,4.0992,26.733,155.5,50.062
64,3,4.6818,24.301,133.64,47.205
64,3,4.772,25.027,135.79,45.055
64,3,4.1546,24.638,141.14,52.108
64,3,6.2682,25.853,161.91,61.801
64,3,4.6004,25.385,140.81,47.062
64,3,3.7725,27.626,167.29,56.395
64,3,5.0702,27.549,171.22,60.97
64,3,3.9194,24.747,133.48,45.435
64,3,4.3687,25.463,148.16,51.08
64,3,4.901,24.91,129.25,40.614
64,3,4.9578,25.529,141.66,46.409
64,3,4.2021,24.536,133.23,45.734
64,3,4.9702,24.158,124.53,40.987
64,3,4.552,26.286,150.07,51.039
64,3,3.687,26.683,150.47,48.787
64,3,5.5999,26.521,149.49,49.53
64,3,3.5359,26.321,160.54,56.269
64,3,4.7095,25.21,141.53,46.258
64,3,3.6813,25.35,140.07,47.026
64,3,5.6609,24.646,134.47,45.985
64,3,3.8995,24.486,132.16,44.988
64,3,5.3375,25.421,147.94,52.509
64,3,4.4908,25.472,140.92,48.664
64,3,4.5866,25.161,139.59,47.675
64,3,5.7556,27.288,166.53,58.088
64,3,4.2619,26.436,156.72,54.205
64,3,4.2911,26.19,148.22,48.98
64,3,4.8308,25.833,145.18,49.787
64,3,6.473,25.55,152.58,55.418
64,3,4.4171,25.669,153.22,56.065
64,3,3.8157,24.964,139.3,48.575
64,3,3.3822,26.369,159.83,58.368
64,3,3.7287,24.236,123.23,39.43
64,3,4.0283,26.552,159.97,56.688
64,3,4.7679,28.032,169.53,55.021
64,3,3.7938,26.673,158.13,54.741
64,3,6.5019,27.131,158.1,50.927
64,3,4.1389,27.04,170.99,61.825
64,3,4.6042,25.734,147.18,51.88
64,3,3.3545,26.414,162.58,58.799
64,3,5.2308,26.893,162.82,51.823
64,3,5.3741,24.092,127.06,42.623
64,3,3.7655,25.631,138.67,42.069
64,3,4.1354,25.828,143.81,47.295
64,3,3.9229,25.765,149.6,51.969
64,3,4.8714,25.049,131.77,40.94
64,3,6.2254,26.638,161.29,56.624
64,3,4.4858,25.763,140.62,45.142
64,3,3.463,26.34,152.7,51.317
64,3,5.4943,25.722,150.69,53.838
64,3,6.5162,25.874,146.97,50.527
64,3,4.4649,26.1,156.57,56.445
64,3,4.5613,26.217,155.47,54.61
64,3,3.5139,26.606,157.71,52.762
64,3,5.6989,24.623,137.07,48.309
64,3,3.5736,25.503,137.21,44.12
64,3,4.8788,25.513,151.67,53.512
64,3,3.2047,25.847,152.47,53.632
64,3,4.1718,26.147,154.18,54.376
64,3,3.8755,26.491,157.14,52.817
64,3,6.2009,26.197,147.6,50.023
64,3,4.3313,24.194,127.76,43.315
64,3,3.2707,26.001,157.3,55.443
64,3,3.8438,25.892,145.03,48.546
64,3,4.8777,25.407,146.01,52.05
64,3,3.8624,25.651,148.85,52.256
64,3,3.9705,26.66,164.64,59.003
64,3,4.9055,25.918,145.3,47.269
64,3,3.8581,25.271,142.13,48.517
64,3,5.5172,26.396,155.56,53.948
64,3,4.0408,27.868,179.71,63.79
64,3,3.2573,25.743,143.26,47.375
64,3,3.9415,26.559,169.5,63.808
64,3,4.3515,26.198,156.45,54.673
64,3,5.9401,25.018,133.46,43.463
64,3,5.0709,26.898,168.27,59.784
64,3,6.6054,26.861,168.83,60.396
64,3,3.4116,26.141,152.51,53.778
64,3,3.4363,25.683,148.72,50.053
64,3,5.4161,24.204,129.24,44.713
64,3,5.3359,25.594,144.05,48.215
64,3,3.8269,24.979,135.03,44.702
64,3,3.6503,26.703,154.48,51.191
64,3,4.8811,25.283,140.06,46.1
64,3,4.9456,25.882,139.97,40.109
64,3,5.1781,27.726,154.93,46.934
64,3,3.7743,25.891,151.87,52.897
64,3,5.0104,25.806,153.9,54.554
64,3,4.2219,26.688,157.7,52.85
64,3,5.2212,25.196,140.88,48.619
64,3,7.3386,24.519,140.22,52.529
64,3,3.4158,25.967,148.88,50.785
64,3,5.6404,26.132,151.63,51.444
64,3,7.0021,24.907,129.18,41.463
64,3,4.874,26.411,157.87,55.105
64,3,3.7834,26.85,168.72,60.818
64,3,4.6623,27.4,166.66,57.977
64,3,4.888,26.38,159.94,56.871
64,3,4.6904,26.119,155.88,54.554
64,3,3.3001,26.415,159.32,55.288
64,3,3.9483,24.193,130.82,44.504
64,3,3.868,25.475,148.38,53.27
64,3,4.2288,25.835,153.84,55.459
64,3,4.6302,24.601,135.6,46.523
64,3,5.0345,26.34,148.87,49.444
64,3,5.9829,26.29,155.21,53.682
64,3,4.9556,25.427,135.99,45.025
64,3,6.3135,25.058,142.86,48.835
64,3,4.4121,25.596,152.7,54.086
64,3,4.6072,26.752,158.76,55.637
64,3,3.5374,25.234,140.3,47.824
64,3,3.8138,26.349,159.48,56.231
64,3,3.7893,26.512,163.28,57.144
64,3,3.9507,25.117,142.12,49.484
64,3,4.3308,26.101,142.48,44.787
64,3,5.2074,24.548,140.8,50.608
64,3,4.0006,26.147,149.27,50.66
64,3,5.8251,26.293,151.11,49.054
64,3,3.9617,24.722,138.3,48.362
64,3,4.6514,25.272,143.89,50.432
64,3,4.5625,24.003,122.97,40.241
64,3,4.1764,26.514,161.56,57.618
64,3,5.0789,25.244,147.05,53.33
64,3,6.1011,25.237,136.53,45.904
64,3,4.0719,24.983,144.67,51.034
64,3,4.0276,25.826,143.04,47.719
64,3,3.6866,24.104,131.52,46.367
64,3,4.7029,23.929,122.35,40.622
64,3,4.3421,25.735,158.97,59.737
64,3,3.778,26.754,152.81,50.091
64,3,4.4624,27.109,167.53,56.907
64,3,4.0845,26.807,160.93,55.003
64,3,4.7919,26.342,152.06,50.721
64,3,4.8341,25.998,153.9,54.693
64,3,3.615,24.479,134.68,46.776
64,3,4.608,26.096,156.39,55.579
64,3,3.5148,27.991,174.01,61.089
64,3,4.3113,26.153,160.98,59.408
64,3,5.0418,26.995,156.96,53.037
64,3,3.5365,26.138,156.96,55.72
64,3,4.6042,25.402,136.66,45.207
64,3,6.6035,26.1,140.19,43.394
64,3,4.2171,25.093,137.6,45.869
64,3,3.2733,25.015,138.22,47.334
64,3,7.3998,24.539,144.25,53.381
64,3,3.8842,26.47,149.91,49.411
64,3,4.6039,26.153,148.24,49.363
64,3,4.3391,27.813,171.13,58.241
64,3,5.7063,25.507,135.99,43.428
64,3,4.7745,25.066,145.55,51.513
64,3,4.2906,24.637,143.62,53.466
64,3,5.1389,26.499,153.06,52.585
64,3,5.2313,25.426,143.62,47.906
64,3,3.74,24.628,135.54,47.392
64,3,3.8803,24.711,137.48,46.666
64,3,4.639,24.633,134.25,46.051
64,3,4.9282,24.59,136.58,47.279
64,3,4.7955,25.514,149.12,53.416
64,3,4.8914,26.359,151.18,49.747
64,3,4.5067,25.773,150.31,53.439
64,3,5.3244,25.211,137.96,45.058
64,3,4.3684,26.042,154.04,54.34
64,3,4.7786,27.12,167.17,57.859
64,3,4.4268,25.571,148.42,54.249
64,3,5.655,25.679,140.76,47.058
64,3,6.6423,26.5,149.17,49.006
64,3,3.4416,24.747,133.49,45.329
64,3,3.4534,26.895,154.09,50.083
64,3,3.6747,25.687,147.06,50.492
64,3,4.2572,26.056,152.3,51.105
64,3,3.9737,25.869,156.89,55.492
64,3,4.973,26.71,156.13,51.991
64,3,3.7007,24.678,125.06,35.096
64,3,5.9763,25.418,143.77,49.429
64,3,5.5784,24.991,150.08,55.668
64,3,4.4026,26.597,160.64,56.074
64,3,4.8708,26.907,169.89,61.451
64,3,3.6965,25.284,149.4,53.657
64,3,3.3894,26.572,152.64,48.829
64,3,3.5411,24.836,133.34,44.341
64,3,4.7313,26.213,151.18,50.817
64,3,4.6202,26.224,161.18,58.112
64,3,4.3638,26.953,163.64,57.333
64,3,3.3954,25.023,144.95,52.006
64,3,3.9899,26.384,158.06,56.126
64,3,4.4197,27.122,166.2,57.691
64,3,6.0591,27.01,160.56,53.2
64,3,3.9622,26.085,151.54,52.077
64,3,4.2281,25.452,150.62,54.907
64,3,4.6288,25.692,143.9,49.497
64,3,5.4266,25.763,146.84,48.584
64,3,4.3402,24.824,131.94,42.091
64,3,3.0258,24.783,143.43,50.512
64,3,5.6194,25.926,152.97,53.912
64,3,4.8541,26.208,143.82,45.804
64,3,4.4268,25.909,153.4,53.9
64,3,4.0099,25.082,137.22,46.542
64,3,3.6986,24.228,132.96,45.929
64,3,6.7524,26.29,152.9,52.859
64,3,3.3823,26.064,153.41,53.813
64,3,5.2052,24.703,133.47,44.567
64,3,3.7627,25.281,149.33,54.503
64,3,4.0779,26.112,156.75,55.876
64,3,4.3746,25.448,144.52,47.74
64,3,4.1364,24.603,135.71,46.036
64,3,5.8136,25.991,147.12,50.127
64,3,3.9321,25.171,142.3,49.251
64,3,3.8982,25.962,147.8,50.34
64,3,4.4835,25.718,151.66,54.637
64,3,5.3916,26.225,149.14,47.706
64,3,4.0586,26.524,157.68,53.463
64,3,4.5597,25.933,154.82,54.61
64,3,5.0591,26.436,157.35,54.968
64,3,4.7284,25.272,134.57,42.761
64,3,4.1301,25.484,140.6,46.572
64,3,4.4556,26.073,144.36,46.241
64,3,4.6598,25.567,144.62,49.773
64,3,3.558,25.541,142.71,48.111
64,3,4.0248,26.355,146.95,46.992
64,3,4.3096,24.496,127.36,40.728
64,3,4.4241,25.64,150.45,51.395
64,3,3.8044,25.71,145.55,47.804
64,3,6.3065,26.414,161.52,58.85
64,3,4.683,25.822,151.48,53.266
64,3,4.0063,26.598,153.64,49.175
64,3,4.0494,25.415,137.27,44.094
64,3,5.2215,27.774,168.24,57.717
64,3,4.011,26.529,147.2,46.001
64,3,4.1171,26.242,156.63,54.516
64,3,6.5479,24.98,137.16,46.594
64,3,4.8456,26.928,172.42,63.669
64,3,3.6369,25.365,137.9,43.787
64,3,4.6398,24.827,139.28,49.648
64,3,4.1093,25.629,153.89,55.811
64,3,3.9912,25.337,143.32,49.993
64,3,3.9388,25.146,139.07,48.037
64,3,4.107,26.153,147.33,47.483
64,3,4.3379,25.2,138.15,45.535
64,3,3.5892,25.961,147.42,49.407
64,3,4.6355,27.903,176.93,60.997
64,3,5.78,26.007,151.68,53.171
64,3,6.4918,25.228,141.35,49.349
64,3,4.5074,25.983,149.25,51.556
64,3,5.878,27.037,161.16,55.223
64,3,4.3572,25.833,142.18,44.702
64,3,5.4757,24.969,140.58,48.37
64,3,4.336,25.889,146.46,48.242
64,3,4.6545,27.18,166.58,59.198
64,3,4.1364,25.417,141.61,46.85
64,3,6.4182,25.167,143.3,50.032
64,3,4.7591,25.876,150.3,52.464
64,3,3.8342,25.398,139.63,47.241
64,3,3.8768,26.208,161.3,57.921
64,3,3.5864,26.209,157.13,56.26
64,3,3.8298,24.973,149.69,55.541
64,3,4.3065,27.296,171.03,62.2
64,3,3.3332,24.679,135.69,44.467
64,3,3.9036,25.902,148.22,51.258
64,3,3.1641,25.823,147.2,50.021
64,3,5.3187,25.121,150.73,55.499
64,3,3.8247,25.273,143.76,50.271
64,3,3.8026,26.542,158.23,54.34
64,3,4.5728,24.76,131.82,42.239
64,3,6.5123,25.779,155.8,56.2
64,3,6.7679,26.009,154.84,55.817
64,3,3.8473,25.026,136.76,46.68
64,3,3.6767,25.054,143.08,51.35
64,3,3.4787,25.456,139.18,45.06
64,3,3.9547,24.783,136.1,46.724
64,3,6.0978,26.221,154.16,54.018
64,3,4.8441,26.784,167.32,60.923
64,3,4.9735,25.797,150.56,53.441
64,3,4.8735,26.077,141.67,45.033
64,3,4.166,25.611,141.27,47.284
64,3,5.9693,26.123,150.23,51.73
64,3,3.71,24.662,138.6,49.272
64,3,4.2326,26.972,168.9,61.556
64,3,7.3138,26.947,160.57,54.962
64,3,3.9398,26.041,152.96,51.557
64,3,3.2311,26.757,155.58,52.927
64,3,4.4625,24.982,141.76,50.371
64,3,3.7609,26.678,161.14,55.837
64,3,3.2639,25.534,146.03,50.507
64,3,3.6709,26.131,150.83,51.075
64,3,4.8349,24.527,141.13,51.263
64,3,3.8304,24.387,136.56,48.989
64,3,4.4326,23.831,123.74,42.198
64,3,4.4015,25.479,149.89,53.569
64,3,4.421,26.628,159.23,54.92
64,3,3.4641,25.075,143.09,49.436
64,3,3.4563,27.425,166.99,58.431
64,3,4.4116,25.789,144.92,49.302
64,3,4.2652,26.051,145.93,48.942
64,3,5.3884,25.545,148.26,52.489
64,3,5.7195,25.145,147.94,53.69
64,3,5.0088,25.483,142.62,49.785
64,3,5.6148,24.26,131.45,45.311
64,3,4.0784,25.385,153.79,57.995
64,3,3.7047,25.382,141.52,44.666
64,3,4.14,23.859,123.18,40.591
64,3,5.3309,24.948,142.18,50.776
64,3,3.4745,27.135,168.48,59.166
64,3,5.0107,24.806,147.88,55.201
64,3,3.4998,24.256,125.78,41.392
64,3,3.9051,24.458,136.12,47.251
64,3,4.3027,25.334,134.08,41.65
64,3,5.2821,24.947,132.15,42.075
64,3,4.0509,26.593,152.87,52.412
64,3,4.9646,26.431,154.12,52.779
64,3,4.7615,27.877,171.36,58.971
64,3,4.9247,25.491,147.73,51.311
64,3,4.2919,24.853,141.38,51.111
64,3,3.9537,25.061,137.53,46.534
64,3,4.6491,24.498,130.97,44.091
64,3,5.6366,27.081,162.69,55.867
64,3,3.9681,25.269,142.13,48.796
64,3,4.545,25.608,137.82,44.02
64,3,6.5135,26.884,168.24,60.171
64,3,4.1842,25.198,137.77,46.489
64,3,3.992,26.903,156.79,50.516
64,3,3.1935,25.849,145.73,47.092
64,3,4.7303,26.362,159.91,56.589
64,3,3.7588,25.735,142.67,46.009
64,3,4.4617,25.393,140.48,47.574
64,3,3.3764,25.426,144.1,49.892
64,3,3.4927,26.497,151.45,50.114
64,3,4.8541,24.86,134.04,45.793
64,3,5.9682,26.424,157.72,55.679
64,3,4.2581,25.584,145.97,50.174
64,3,4.3336,27.274,168,57.96
64,3,6.1309,24.999,136.28,46.46
64,3,4.4382,25.015,144.52,49.982
64,3,4.6296,25.088,139.89,47.418
64,3,4.2982,26.533,157.17,54.391
64,3,4.4691,25.482,145.07,49.984
64,3,4.6904,25.028,139.81,48.327
64,3,5.2808,26.577,160.6,56.997
64,3,5.7071,25.724,150.41,52.286
64,3,5.5303,26.402,150.03,50.15
64,3,4.3034,27.233,161.14,53.617
64,3,3.6235,24.988,140.88,49.62
64,3,5.9746,25.553,141.08,48.057
64,3,5.1094,25.288,142.42,49.22
64,3,5.1552,25.666,158.78,58.831
64,3,4.289,26.228,158.14,56.088
64,3,4.4625,25.059,143.14,49.573
64,3,3.969,25.532,143.47,47.107
64,3,4.2563,25.616,148.82,52.279
64,3,4.3865,25.861,147.07,50.379
64,3,5.7943,25.105,137.79,46.86
64,3,4.0036,26.658,159.81,55.588
64,3,4.4084,25.524,151.63,55.714
64,3,5.1812,27.131,165.8,57.959
64,3,4.2336,25.196,139.43,47.444
64,3,3.8718,26.79,158.52,52.326
64,3,4.5627,24.766,140.22,50.863
64,3,4.4722,27.088,164.18,57.508
64,3,6.8137,25.845,146.23,49.013
64,3,4.3369,24.901,143.44,52.183
64,3,4.049,24.902,137.3,45.701
64,3,3.6227,24.695,139.01,48.776
64,3,5.9465,25.799,149,51.732
64,3,4.7005,27.156,169.08,60.864
64,3,6.4356,26.334,154.92,51.161
64,3,4.9185,25.013,139.39,49.232
64,3,5.1682,24.776,126.83,38.849
64,3,4.3018,24.559,128.78,41.736
64,3,4.6003,24.132,137.3,48.731
64,3,4.9089,26.571,154.54,53.504
64,3,3.5846,27.332,163.9,55.759
64,3,5.135,24.75,137.28,46.192
64,3,5.2997,25.318,147.85,53.076
64,3,4.3979,25.808,149.87,50.591
64,3,3.7465,26.695,159.65,55.058
64,3,5.4234,26.03,151.5,52.683
64,3,4.1678,25.847,143.74,47.6
64,3,6.023,24.749,140.54,49.312
64,3,4.3248,26.61,146.07,44.124
64,3,4.1131,26.902,167.94,61.222
64,3,6.0706,24.086,130,45.237
64,3,3.4805,25.874,147.35,48.973
64,3,3.6464,24.843,142.35,51.11
64,3,4.47,27.293,172.73,62.685
64,3,4.6948,26.943,153.94,52.101
64,3,3.7213,25.683,148.28,51.474
64,3,3.586,24.817,137.64,47.119
64,3,3.8448,27.182,162.37,54.313
64,3,3.8473,25.048,139.06,47.87
64,3,4.0617,24.339,127.35,42.086
64,3,4.5527,25.401,148.26,53.699
64,3,3.6118,25.198,144.34,50.515
64,3,3.7804,26.276,152,51.75
64,3,4.6022,25.777,153.39,55.614
64,3,4.2752,24.39,128.32,43.263
64,3,4.5261,25.695,152.36,54.146
64,3,4.7048,25.757,148.05,50.784
64,3,5.4544,25.236,149.89,55.37
64,3,3.7763,26.283,159.73,57.036
64,3,4.8604,26.127,147.51,49.041
64,3,5.0496,25.148,145.27,50.936
64,3,3.373,25.958,153.99,54.212
64,3,4.7852,26.217,161.33,57.905
64,3,3.3598,26.618,164.33,58.998
64,3,4.3538,25.839,141.35,45.071
64,3,4.4535,26.133,156.71,55.205
64,3,3.6796,25.176,150.89,56.04
64,3,3.9386,26.109,150.58,51.487
64,3,4.1277,25.979,158.69,57.661
64,3,3.8544,25.164,148.39,55.489
64,3,5.8563,25.785,148.76,52.511
64,3,3.6422,25.38,144.44,49.291
64,3,4.4236,26.472,157.41,55.395
64,3,4.65,25.886,150.47,52.791
64,3,5.0312,25.82,153.16,55.236
64,3,4.6359,25.458,155,57.911
64,3,3.5035,24.513,137.36,48.096
64,3,4.7266,26.662,157.29,51.852
64,3,3.5269,28.046,181.65,64.228
64,3,4.3906,24.523,132.45,44.764
64,3,5.3378,25.09,142.31,48.475
64,3,3.9818,26.502,162.81,58.175
64,3,3.8443,24.935,138.35,47.184
64,3,4.218,25.978,152.48,53.485
64,3,3.6721,26.585,160.99,56.822
64,3,4.4595,27.152,167.85,59.158
64,3,5.0758,25.041,139.42,47.281
64,3,4.3426,26.945,172.42,63.927
64,3,5.2477,24.815,133.77,44.998
64,3,4.3927,25.688,147.37,50.719
64,3,3.921,26.196,151.94,49.127
64,3,4.0268,25.386,145.96,50.437
64,3,4.5951,26.502,156.06,54.963
64,3,5.5644,25.876,146.05,50.363
64,3,4.8447,25.486,142.2,48.907
64,3,5.4425,24.982,135.68,46.118
64,3,4.258,26.927,161.53,56.474
64,3,3.9239,25.49,146.25,49.824
64,3,4.1977,25.439,136.58,43.188
64,3,5.4249,24.767,138.73,47.909
64,3,4.6565,25.742,153.28,54.274
64,3,4.7971,26.869,157.34,53.809
64,3,3.6507,25.19,132.62,42.305
64,3,4.466,25.927,145.25,45.554
64,3,5.6453,25.324,139.18,46.459
64,3,4.2491,25.866,143.92,47.966
64,3,4.6945,24.931,132.36,44.264
64,3,5.7321,25.67,145.54,50.488
64,3,4.9674,25.365,138.46,44.899
64,3,4.6252,27.021,168.48,59.513
64,3,3.7079,27.153,164.63,57.241
64,3,4.1454,25.83,153.5,54.649
64,3,4.9279,25.971,157,55.947
64,3,4.6535,25.913,150.64,52.778
64,3,3.6661,25.191,142.71,49.131
64,3,4.0363,24.974,138.85,49.155
64,3,4.3199,25.727,145.83,48.702
64,3,4.949,25.607,144.14,49.42
64,3,3.3685,24.529,128.9,41.345
64,3,5.4027,27.631,174.3,60.629
64,3,4.874,25.435,144.47,50.798
64,3,4.3643,25.404,144.5,48.61
64,3,3.6345,24.83,145.56,51.747
64,3,3.6199,26.02,149.2,50.953
64,3,5.6315,24.427,142.34,51.97
64,3,6.2289,23.866,134.41,48.599
64,3,3.556,26.325,150.14,50.286
64,3,4.3475,26.07,152.03,51.56
64,3,3.8746,25.614,153.29,55.002
64,3,4.9969,25.547,140.92,46.184
64,3,4.8963,25.759,151.51,53.882
64,3,4.1691,24.546,128.59,42.145
64,3,4.3673,26.942,163.15,55.958
64,3,5.0363,25.679,149.74,51.265
64,4,4.146,29.01,188.15,67.053
64,4,3.6809,29.029,200.22,74.515
64,4,6.0139,29.884,200.57,71.556
64,4,5.1228,27.765,172.3,58.328
64,4,5.3828,28.699,196.32,72.827
64,4,5.0421,26.51,152.87,51.047
64,4,5.9376,28.747,195.43,73.224
64,4,4.7739,28.031,183.02,66.029
64,4,4.1039,30.969,220.19,79.349
64,4,5.6653,30.457,207.48,71.197
64,4,5.5817,29.829,201.18,71.428
64,4,5.6892,29.91,195.46,63.384
64,4,7.4392,27.68,170.61,58.581
64,4,6.1061,29.562,204.84,74.549
64,4,5.2384,27.455,170.16,59.984
64,4,5.9994,29.312,192.21,68.091
64,4,4.0986,29.207,202.71,75.126
64,4,4.2682,29.4,183.13,61.089
64,4,4.136,29.124,181.83,56.387
64,4,4.3963,29.426,200.96,71.487
64,4,5.269,29.692,197.81,68.473
64,4,7.2694,28.935,190.71,67.292
64,4,4.3974,28.946,190.11,68.149
64,4,3.9372,29.109,185.6,62.808
64,4,4.1625,30.013,217.97,80.696
64,4,4.1669,27.602,175.5,62.327
64,4,4.2698,28.684,186.27,65.88
64,4,3.8537,30.922,219.73,79.457
64,4,4.1119,28.19,184.59,68.607
64,4,4.8264,27.044,167.5,60.115
64,4,3.7925,28.026,188.15,69.784
64,4,4.5835,27.473,165.24,56.851
64,4,4.9909,28.668,183.9,64.614
64,4,5.0069,29.342,187.04,61.009
64,4,4.708,29.127,193.42,70.056
64,4,4.7172,29.918,192.63,63.946
64,4,4.5343,28.32,179.94,60.886
64,4,4.104,27.623,169.31,58.103
64,4,4.4258,27.548,172.31,60.471
64,4,5.6946,29.426,195.6,69.767
64,4,3.7025,29.133,198.52,72.321
64,4,4.8432,28.018,187.3,70.252
64,4,4.4865,27.851,181.89,68.15
64,4,5.5558,28.683,182.88,64.47
64,4,4.6787,29.652,194.08,67.781
64,4,4.465,27.861,187.48,70.637
64,4,6.5141,26.729,157.59,53.75
64,4,3.8196,28.224,195.05,74.508
64,4,4.7044,28.214,187.49,68.557
64,4,4.2803,28.696,198.14,75.588
64,4,4.3836,30.292,203.4,71.269
64,4,4.1589,29.766,202.69,69.775
64,4,5.3652,30.321,209.63,76.005
64,4,4.4243,29.601,200.68,72.708
64,4,7.0167,29.334,192.39,66.717
64,4,4.4323,29.843,198.08,68.919
64,4,4.1106,29.569,206.18,77.16
64,4,4.138,28.066,177.93,63.606
64,4,4.4627,28.051,173.43,59.917
64,4,4.7446,30.09,207.58,73.799
64,4,4.2698,27.561,180.08,66.485
64,4,4.7631,28.176,176.74,61.665
64,4,3.5603,28.511,181.89,63.637
64,4,4.143,29.511,202.86,72.729
64,4,7.5207,28.34,179.62,61.86
64,4,5.0829,27.74,187.75,71.82
64,4,4.8741,29.088,189.24,66.088
64,4,5.0116,28.377,185.32,66.494
64,4,4.1394,29.286,188.18,63.776
64,4,4.9291,29.962,195.31,66.346
64,4,5.0348,27.926,176.94,62.532
64,4,5.1147,28.706,187.93,66.757
64,4,5.032,29.66,194.24,66.954
64,4,5.239,27.846,175.1,61.618
64,4,5.1244,29.328,193.14,67.421
64,4,4.7502,26.456,154.3,52.936
64,4,4.6933,28.383,189.37,69.468
64,4,4.0335,27.578,174.44,61.826
64,4,5.1643,29.062,193,68.805
64,4,6.5014,28.967,188.03,64.601
64,4,4.084,27.629,171.63,62.373
64,4,4.4366,27.701,178.53,66.378
64,4,5.1857,29.071,191.53,67.067
64,4,6.0252,28.165,176.21,62.058
64,4,5.163,28.961,192.49,69.03
64,4,7.7041,28.005,176.66,62.754
64,4,6.171,29.177,189.91,67.309
64,4,5.5017,29.485,197.97,71.767
64,4,3.794,28.705,201.4,78.116
64,4,5.2881,27.712,174.08,61.545
64,4,6.3234,27.333,168.41,58.745
64,4,4.7583,28.417,188.58,68.452
64,4,6.4101,28.738,186.78,66.352
64,4,5.057,29.356,185.97,62.207
64,4,5.1019,29.567,197.85,70.001
64,4,5.5373,27.39,169.88,61.146
64,4,4.8278,29.054,195.15,69.5
64,4,5.2053,31.596,230.34,80.52
64,4,6.8117,30.313,212.76,76.474
64,4,4.8934,28.042,187.23,68.474
64,4,4.8263,30.412,208.29,70.27
64,4,4.4406,27.484,174.3,62.588
64,4,3.4707,28.063,184.61,67.208
64,4,4.5402,28.219,181.4,66.057
64,4,5.3533,29.228,188.59,63.693
64,4,7.0151,28.672,177.54,58.233
64,4,4.411,27.422,174.29,61.798
64,4,6.4472,27.582,172.72,60.407
64,4,4.9832,28.992,187.79,67.069
64,4,5.9691,29.329,186.07,62.286
64,4,3.8434,28.468,191.95,71.354
64,4,3.9611,30.762,219.25,79.07
64,4,5.1091,27.844,172.07,58.367
64,4,5.6889,27.18,161.1,54.087
64,4,5.0226,28.375,187.53,67.913
64,4,5.048,28.504,197.12,74.739
64,4,4.0407,27.046,161.83,56.107
64,4,3.9855,30.776,219.8,77.286
64,4,4.9299,31.439,210.16,67.828
64,4,5.9512,28.415,187.79,68.714
64,4,4.5077,27.762,173.47,60.847
64,4,5.0629,28.584,182.55,63.747
64,4,4.7512,28.319,188.68,69.195
64,4,6.2494,28.962,186.33,64.578
64,4,5.5055,27.302,156.42,52.164
64,4,4.406,29.645,195.55,65.97
64,4,4.8226,30.155,205.62,71.963
64,4,5.0231,28.25,180.58,64.516
64,4,5.787,31.26,209.58,69.003
64,4,4.1434,28.405,179.75,62.793
64,4,3.8607,30.013,203.03,72.183
64,4,4.1201,29.996,207.6,76.596
64,4,4.8106,28.767,184.15,63.771
64,4,5.3885,28.17,173.69,57.397
64,4,3.9381,27.627,169.23,60.095
64,4,7.5491,29.719,196.05,66.502
64,4,4.7758,30.049,211.38,77.18
64,4,3.9129,29.387,199.15,71.902
64,4,5.5029,28.976,188.09,67.694
64,4,5.2073,28.383,184.55,67.598
64,4,4.1049,29.975,205.08,72.049
64,4,3.8976,29.253,192.97,66.926
64,4,4.9526,28.293,182.7,63.985
64,4,4.2703,30.333,216.99,81.369
64,4,4.8517,27.59,175.67,62.756
64,4,3.8583,28.684,189.48,69.139
64,4,6.002,28.809,188.13,68.019
64,4,5.2548,28.616,176.29,58.493
64,4,3.7161,28.922,192.21,68.284
64,4,4.3682,29.497,196.53,70.872
64,4,4.5251,29.922,207.1,75.186
64,4,5.3147,28.245,179.97,60.676
64,4,4.2709,30.936,224.01,83.078
64,4,5.3313,30.412,201.32,68.583
64,4,4.34,30.434,210.88,73.308
64,4,5.3523,28.148,183.45,66.898
64,4,4.7221,29.755,212.69,80.654
64,4,6.3314,30.661,213.93,75.38
64,4,3.9435,28.354,184.57,65.056
64,4,4.6683,26.836,162.67,54.146
64,4,3.2902,29.845,219.89,84.766
64,4,6.5189,29.515,205.51,73.823
64,4,4.6746,26.456,153.28,51.002
64,4,5.4474,27.885,181.62,65.123
64,4,5.0678,29.624,202.8,71.66
64,4,4.7288,28.942,191.76,69.337
64,4,5.6696,28.556,186.61,67.001
64,4,4.9884,28.567,185.94,65.422
64,4,4.5159,27.278,167.81,59.351
64,4,5.7344,29.531,207.01,75.265
64,4,6.6169,29.361,196.73,70.146
64,4,4.1574,27.366,165.62,57.136
64,4,4.0905,27.31,164.32,56.09
64,4,4.3452,27.34,163.46,55.922
64,4,5.6125,29.322,196.48,70.968
64,4,4.0504,27.837,187.24,70.954
64,4,5.8022,29.521,191.36,64.481
64,4,3.6118,30.014,198.56,67.351
64,4,5.0584,29.023,192.2,70.152
64,4,4.5918,27.895,166.08,54.366
64,4,4.1953,29.271,190.17,66.935
64,4,4.5178,28.019,182.76,65.869
64,4,3.8147,29.064,191.74,67.538
64,4,4.8779,28.403,181.97,63.336
64,4,6.3557,28.019,175.62,62.533
64,4,4.5594,28.715,176.63,59.631
64,4,4.2121,28.764,175.67,55.612
64,4,5.5963,27.773,164.97,53.686
64,4,5.2256,28.963,189.25,66.192
64,4,4.7877,29.793,203.32,73.508
64,4,4.878,27.946,175.48,61.112
64,4,7.187,29.512,194.19,66.503
64,4,5.157,27.391,157.16,52.923
64,4,3.6525,28.327,183.01,64.937
64,4,6.3527,27.932,173.4,58.082
64,4,4.2106,28.916,182.7,62.927
64,4,4.7708,28.874,188.21,66.641
64,4,4.933,28.952,184.28,64.68
64,4,4.8001,29.16,194.26,71.153
64,4,5.6852,28.506,195.05,74.255
64,4,5.3948,27.983,168.69,55.826
64,4,4.0773,28.841,181.55,62.204
64,4,5.9305,27.03,173.72,64.261
64,4,5.3021,29.033,190.79,67.563
64,4,4.0434,28.7,194.47,72.492
64,4,4.491,29.353,199.89,73.108
64,4,5.607,29.067,189.77,66.821
64,4,4.9352,29.272,187.91,62.492
64,4,4.2287,30.063,215.73,79.605
64,4,4.2147,29.556,194.22,67.097
64,4,4.7329,28.352,181.23,64.165
64,4,4.1513,28.533,180.09,61.53
64,4,6.5004,29.065,185.19,63.193
64,4,3.8275,27.986,165.77,52.222
64,4,5.0654,28.124,181.24,65.888
64,4,6.013,27.954,176.88,64.157
64,4,4.1361,29.442,201.26,73.513
64,4,5.378,26.777,158.61,54.181
64,4,5.0841,28.339,178.14,59.701
64,4,6.2006,29.07,185.23,63.339
64,4,7.7157,31.74,226.77,80.65
64,4,5.0202,28.417,184.99,66.821
64,4,4.4134,28.184,174.42,58.774
64,4,4.2681,28.281,179.55,62.093
64,4,4.3309,26.946,159.29,50.858
64,4,4.9359,28.703,185.21,64.616
64,4,4.5762,29.346,204.1,74.931
64,4,4.3959,29.169,184.88,62.392
64,4,6.2037,29.384,194.36,67.978
64,4,5.6997,27.436,170.38,60.24
64,4,5.3935,28.193,178.49,62.573
64,4,4.1594,29.606,199.16,70.449
64,4,3.904,27.626,160.81,51.174
64,4,8.0512,28.311,186.79,67.169
64,4,4.2506,31.446,226.6,79.846
64,4,6.1988,31.465,229.73,81.492
64,4,4.6749,29.171,188.59,63.401
64,4,5.406,29.349,193.56,67.138
64,4,5.2983,29.703,201,72.524
64,4,7.4997,28.989,188.2,66.516
64,4,4.1074,28.303,196.25,74.912
64,4,5.1676,28.54,181.08,63.082
64,4,3.9264,30.426,204.75,70.962
64,4,5.0006,27.944,172.49,57.651
64,4,5.7929,30.228,218.64,82.94
64,4,5.6866,29.533,202.03,73.675
64,4,4.8736,29.161,187.27,62.21
64,4,4.8631,28.534,180.31,62.368
64,4,4.4756,26.582,166.85,58.892
64,4,3.8434,28.46,188.68,69.09
64,4,4.8959,29.01,197.32,72.327
64,4,5.9141,28.64,196.65,73.894
64,4,4.3051,30.266,201.99,66.808
64,4,4.8126,29.716,211.78,77.226
64,4,4.9695,30.866,227,82.502
64,4,4.9628,30.22,195.01,64.009
64,4,4.9981,30.043,205.83,74.809
64,4,4.4939,29.028,187.84,66.729
64,4,5.1919,30.006,201.75,70.784
64,4,3.953,29.503,203.38,75.451
64,4,4.3281,29.735,202.06,70.454
64,4,4.1485,29.804,207.62,75.028
64,4,3.7119,30.931,222.43,83.597
64,4,4.0792,28.212,171.59,56.771
64,4,5.5513,28.861,184.56,63.129
64,4,6.4853,29.527,194.51,68.301
64,4,7.6628,28.867,186.3,66.531
64,4,4.6257,30.037,200.28,69.954
64,4,5.3347,29.095,192.94,67.937
64,4,5.5223,27.797,172.09,59.365
64,4,4.5821,29.138,198.83,71.715
64,4,5.649,28.028,179.68,65.019
64,4,6.0227,28.773,178.49,57.45
64,4,4.366,28.18,180.1,63.36
64,4,6.6335,28.841,195.93,71.708
64,4,4.2369,28.641,184.4,65.149
64,4,4.3286,28.128,173.55,59.611
64,4,4.7526,28.88,186.67,65.369
64,4,5.1865,27.74,169.05,58.074
64,4,4.0326,28.403,181.77,64.594
64,4,5.505,28.977,185.76,64.387
64,4,4.7831,26.775,153.7,50.863
64,4,3.8115,27.727,179.6,64.421
64,4,5.0578,28.491,173.23,56.712
64,4,4.9114,27.884,164.33,53.572
64,4,3.7591,29.258,190.02,65.456
64,4,4.3581,27.276,170.18,61.179
64,4,6.2344,30.223,194.87,57.038
64,4,4.7745,29.48,200.85,71.167
64,4,4.4516,29.603,212.91,82.022
64,4,3.992,29.047,173.59,57.617
64,4,5.1925,28.945,187.87,67.364
64,4,4.6014,30.118,206.1,73.828
64,4,4.8398,27.847,171.8,58.647
64,4,4.4318,27.593,175.5,64.54
64,4,4.0424,27.623,164.16,53.977
64,4,4.0499,27.689,168.8,58.661
64,4,4.5666,28.846,193.34,69.077
64,4,4.8203,28.44,179.6,62.729
64,4,4.6223,28.341,184.29,65.325
64,4,5.0286,28.605,187,66.587
64,4,8.112,29.856,203.86,72.917
64,4,4.9207,29.282,200.28,74.445
64,4,5.9181,31.01,209.86,71.588
64,4,4.677,27.624,171.52,59.999
64,4,5.2738,28.397,188.44,69.251
64,4,3.8227,29.29,199.75,72.792
64,4,8.9554,28.656,172.08,57.377
64,4,4.7412,28.949,186.37,61.663
64,4,4.4259,29.349,201.21,71.651
64,4,4.1011,29.536,194.42,68.288
64,4,5.2502,27.699,174.23,62.436
64,4,4.8366,27.774,154.47,47.784
64,4,5.6133,29.207,186.8,65.412
64,4,4.4389,27.89,177.3,62.46
64,4,5.8089,28.621,186.01,65.634
64,4,5.764,28.866,190.27,69.097
64,4,5.2227,29.175,182.17,58.612
64,4,5.2762,28.266,181.09,65.371
64,4,5.5565,29.722,210.32,77.392
64,4,4.5236,29.454,212.17,81.706
64,4,5.2225,29.537,197.24,68.543
64,4,6.5165,27.298,165.82,57.734
64,4,4.2729,28.584,193.11,71.984
64,4,3.9127,29.295,191.34,67.347
64,4,4.3635,29.281,194.5,69.571
64,4,4.5796,27.254,169.8,63.073
64,4,5.0582,30.403,203.98,70.046
64,4,4.6437,27.229,165.42,56.389
64,4,4.3699,28.909,197.82,72.339
64,4,4.5119,28.307,177.43,60.056
64,4,3.6233,30.065,209.92,74.481
64,4,4.7939,29.228,200.76,73.53
64,4,4.3903,28.248,179.19,61.842
64,4,4.0872,28.09,178.47,64.804
64,4,6.2174,29.144,200.38,73.91
64,4,5.1883,28.239,177.37,61.739
64,4,4.7317,27.842,183.42,69.004
64,4,5.2309,27.486,177.16,64.946
64,4,4.6393,28.679,180.44,61.058
64,4,4.5609,28.002,178.13,64.126
64,4,4.6649,29.392,189.87,65.66
64,4,5.0262,29.852,210.51,78.184
64,4,4.0966,29.915,198.63,67.205
64,4,5.2067,28.976,198.77,73.45
64,4,5.3353,27.974,173.31,59.195
64,4,4.9704,28.3,193.24,72.556
64,4,4.2305,31.244,214.71,72.284
64,4,6.8008,28.35,180.8,63.325
64,4,4.1042,27.396,168.7,59.949
64,4,4.5737,29.044,183.51,63.671
64,4,4.7519,30.745,219.05,77.916
64,4,4.821,28.834,197.51,75.396
64,4,3.89,27.431,174.19,64.909
64,4,4.5019,28.553,187.99,66.588
64,4,3.5781,27.509,177.84,62.808
64,4,5.5763,29.73,198.1,68.514
64,4,6.0776,27.575,178.21,64.379
64,4,5.5829,30.49,202.43,63.37
64,4,4.0849,28.611,183.78,62.178
64,4,5.151,29.638,195.32,67.471
64,4,4.1137,28.78,195.28,69.727
64,4,5.7956,28.243,175.75,61.845
64,4,4.8694,29.598,203.23,72.422
64,4,5.5457,28.583,193.18,70.19
64,4,5.5261,27.234,171.09,61.416
64,4,4.5491,29.508,202.84,74.388
64,4,4.5202,27.552,172.35,62.226
64,4,4.6514,29.337,199.55,73.671
64,4,4.8359,28.597,201.56,78.562
64,4,6.2478,27.395,162.55,55.493
64,4,5.4536,29.271,195.28,71.577
64,4,4.258,28.826,182.51,63.21
64,4,4.4379,29.786,212.39,79.234
64,4,7.0871,28.302,171.58,57.851
64,4,4.5755,27.144,169.41,61.806
64,4,4.7633,29.333,201.13,73.19
64,4,4.6528,29.805,207.53,76.401
64,4,5.2382,29.54,192.12,67.434
64,4,5.6644,29.107,197.62,72.32
64,4,4.0444,29.413,194.64,68.832
64,4,5.3848,28.755,174.51,57.381
64,4,4.0377,28.677,182.57,64.245
64,4,4.7898,28.952,182.77,63.892
64,4,5.5357,29.532,191.23,66.174
64,4,4.5408,28.894,186.49,65.156
64,4,4.0887,28.744,178.5,59.604
64,4,3.9877,26.8,166.58,61.439
64,4,5.7107,30.356,214.48,78.57
64,4,4.2917,27.034,164.99,58.12
64,4,4.5505,27.745,186.34,69.176
64,4,4.625,29.875,201.63,72.445
64,4,3.9755,27.178,165.38,57.932
64,4,4.4371,28.797,193.3,67.006
64,4,4.8083,29.126,187.13,63.596
64,4,4.5808,30.017,220.44,84.93
64,4,6.0017,30.149,198,67.867
64,4,4.3014,29.794,204.2,71.846
64,4,3.9652,29.307,191.25,66.738
64,4,4.233,28.56,186.95,66.738
64,4,3.8425,27.983,179.22,64.648
64,4,4.4622,29.306,204.81,78.189
64,4,4.1695,31.263,233,86.33
64,4,3.8411,29.024,193.39,68.54
64,4,3.9467,28.203,185.54,66.592
64,4,4.8977,28.975,187.45,66.436
64,4,3.8243,29.678,208.39,74.551
64,4,5.1851,27.662,173.99,63.042
64,4,5.2811,29.529,199.73,71.513
64,4,4.668,27.508,186.18,72.616
64,4,4.5646,29.766,200.19,70.959
64,4,5.0795,27.306,166.3,58.992
64,4,4.9907,27.409,167.4,57.743
64,4,3.7502,28.631,188.24,67.96
64,4,7.6661,29.892,197.73,67.607
64,4,4.6653,29.291,197.33,72.094
64,4,5.1331,30.171,205.23,72.076
64,4,6.1734,29.012,189.66,67.628
64,4,4.7964,28.263,189.93,71.281
64,4,5.2985,28.596,176.66,59.081
64,4,4.2526,28.753,180.02,59.171
64,4,4.3438,29.06,198.72,71.965
64,4,4.6432,28.493,179.51,62.229
64,4,5.1671,29.679,201.87,70.998
64,4,4.7491,30.218,204.28,70.955
64,4,5.0218,29.019,193.89,70.643
64,4,5.1893,28.99,199.15,75.332
64,4,4.4214,27.663,174.96,62.268
64,4,6.894,29.098,202.75,75.749
64,4,4.7866,29.483,190.27,63.692
64,4,4.2352,28.384,180.35,63.577
64,4,4.9801,28.707,177.18,57.203
64,4,4.6032,28.776,182.26,62.755
64,4,4.1709,29.431,200.71,74.258
64,4,4.6789,29.281,192.66,68.025
64,4,4.9484,29.891,206.34,73.866
64,4,4.447,29.239,196.25,70.582
64,4,4.9714,28.814,178.67,61.018
64,4,3.8088,26.926,162.07,54.792
64,4,5.1156,28.365,181.7,62.702
64,4,5.3448,29.095,194.59,68.346
64,4,5.2054,28.197,177.78,63.43
64,4,4.5987,30.232,204.28,70.644
64,4,5.124,28.682,188.83,66.761
64,4,3.8893,29.285,195.37,69.952
64,4,6.3571,28.444,193.84,74.178
64,4,6.3245,28.796,192.38,69.9
64,4,3.8687,29.283,181.04,59.466
64,4,5.0247,27.775,180.53,67.496
64,4,4.377,28.488,185.41,66.183
64,4,6.0184,27.777,177.01,63.036
64,4,5.3782,28.367,194.67,74.285
64,4,4.6518,27.406,171.26,60.797
64,4,5.5536,29.571,198.56,70.196
64,4,4.8379,28.466,172.29,58.229
64,4,4.196,30.649,209.66,71.187
64,4,6.3028,28.377,187.41,68.856
64,4,3.7501,30.167,221.72,82.767
64,4,4.5403,28.975,195.5,71.911
64,4,4.4159,29.413,200.81,72.067
64,4,4.3602,27.31,167.23,58.195
64,4,5.3825,28.964,195.27,71.424
64,4,5.9522,28.06,178.22,63.116
64,4,6.2306,29.156,182.07,59.06
64,4,4.5412,27.69,168.06,58.184
64,4,4.8374,29.588,203,72.832
64,4,4.34,27.826,181.13,65.717
64,4,4.4208,28.098,175.7,60.349
64,4,4.8129,29.769,198.34,69.328
64,4,5.6257,30.131,212.72,77.653
64,4,4.0782,27.116,164.49,59.266
64,4,5.3501,28.016,180.43,63.865
64,4,3.8935,28.512,189.99,70.036
64,4,6.7904,29.546,201.61,71.572
64,4,4.0029,27.297,162.41,55.592
64,4,3.8598,27.559,173.62,61.041
64,4,4.7188,28.689,189.33,68.61
64,4,5.0878,28.528,179.82,62.206
64,4,4.2978,28.845,204.93,78.315
64,4,4.9823,28.954,187.34,65.198
64,4,4.3277,27.978,171.97,58.809
64,4,7.4997,29.081,193.08,68.987
64,4,4.7277,29.199,201.96,74.099
64,4,4.492,31.869,225.73,79.447
64,4,4.0734,30.685,211.88,73.454
64,4,6.203,27.616,178.32,65.916
64,4,3.8105,27.711,179.07,63.449
64,4,4.6583,30.172,209.94,76.794
64,4,5.2978,29.209,190.6,66.519
64,4,4.9138,27.775,175.87,63.007
64,4,5.9467,29.439,193.85,66.327
64,4,4.4377,27.72,175.04,62.775
64,4,4.5063,28.33,178.9,60.57
64,4,4.5173,29.85,207.16,74.991
64,4,5.2191,29.368,186.18,60.901
64,4,4.4777,28.892,181.97,60.633
64,4,6.617,29.26,185.74,60.501
64,4,4.4466,29.838,202.02,70.255
64,4,4.1872,28.489,167.58,52.028
64,4,4.4764,28.645,190.42,69.273
64,4,4.6829,28.621,189,69.54
64,4,4.0818,27.322,171.55,62.867
64,4,4.377,29.201,198.9,71.509
64,4,6.8417,27.883,168.28,56.556
64,4,5.5128,28.434,188.91,68.136
64,4,5.6051,27.696,182.27,67.964
64,4,3.8983,29.83,212.71,79.189
64,4,6.6646,30.294,223.67,85.94
64,4,5.3277,28.611,174.97,57.585
64,4,3.8426,27.075,168.42,60.824
64,4,5.0518,28.868,174.68,57.796
64,4,4.5864,28.633,186.88,66.621
64,4,6.2219,29.773,191.11,64.895
64,4,5.4131,28.072,173.68,58.998
64,4,7.223,30.823,215.6,77.27
64,4,4.9591,28.396,176.38,59.693
64,4,5.8062,28.216,173.04,57.554
64,4,5.877,27.444,171.41,61.746
64,4,5.2853,28.725,188.01,67.805
64,4,4.9715,28.132,181.13,64.728
64,4,4.2279,29.665,196.71,70.363
64,4,4.3684,26.832,155.93,52.131
64,4,4.5829,26.681,152.21,51.795
64,4,5.8668,27.27,162.94,54.969
64,4,4.5075,29.685,195.08,67.097
64,4,4.189,30.657,216.55,77.007
64,4,5.0185,29.247,193.92,68.83
64,4,4.2055,29.296,183.39,61.619
64,4,5.3648,29.367,186.84,59.991
64,4,5.1521,29.363,193.48,67.896
64,4,7.8051,29.926,205.82,72.284
64,4,4.4956,28.746,173.66,56.649
64,4,4.3364,28.824,194.37,70.79
64,4,5.2167,29.912,205.17,73.784
64,4,4.0695,26.708,158.08,54.512
64,4,6.1609,29.659,201.39,68.632
64,4,4.3092,30.362,200.89,67.888
64,4,4.5508,29.567,192.67,63.696
64,4,4.919,30.272,215.23,79.19
64,4,5.953,30.225,198.08,66.144
64,4,3.6748,28.451,189.35,69.685
64,4,5.5771,27.901,165.19,53.861
64,4,3.9847,32.356,230.45,76.535
64,4,4.39,30.887,215.05,77.571
64,4,4.4251,31.608,225.52,80.494
64,4,5.1233,28.231,168.54,54.701
64,4,5.4696,29.778,200.6,70.012
64,4,4.1796,29.712,191.73,63.703
64,4,5.6246,29.362,198.16,70.771
64,4,5.5845,28.398,185.83,67.568
64,4,4.7419,30.375,211.48,76.857
64,4,5.569,28.035,175.42,61.699
64,4,4.1495,29.943,203.22,70.441
64,4,5.1768,28.494,186.26,66.139
64,4,5.4949,30.284,214.93,78.04
64,4,4.2709,27.589,172.25,60.778
64,4,4.5409,28.058,177.65,63.277
64,4,3.7437,28.396,191.98,71.119
64,4,4.3298,30.323,203.84,69.809
64,4,4.1209,27.561,176.53,66.401
64,4,3.5036,27.905,179.32,63.674
64,4,7.1377,28.272,185.43,68.172
64,4,4.5834,29.745,198.28,69.878
64,4,5.2719,27.922,186.33,69.516
64,4,5.2214,28.79,187.57,66.681
64,4,5.0169,27.305,173.59,62.263
64,4,3.7971,27.407,173.87,62.75
64,4,4.3338,28.224,189.82,70.325
64,4,4.473,27.019,166.51,57.656
64,4,5.5222,26.649,160.73,56.833
64,4,5.6439,29.451,202.93,75.613
64,4,6.3424,27.525,169.58,60.536
64,4,5.9317,29.229,196.04,70.491
64,4,4.5029,29.196,197.64,69.806
64,4,6.27,28.533,178.01,59.237
64,4,5.8263,28.69,179,59.882
64,4,7.6374,28.478,178.79,61.974
64,4,4.4577,28.353,173.96,56.423
64,4,5.5168,29.372,202.84,75.144
64,4,5.2916,30.184,209.15,74.705
64,4,3.8027,28.787,192.2,68.72
64,4,5.3424,28.181,178.53,62.194
64,4,3.7002,27.426,172.47,62.484
64,4,6.2582,28.413,190.92,72.671
64,4,4.8393,27.948,184.38,65.456
64,4,4.9603,27.357,171.61,61.208
64,4,4.7263,29.239,195.36,71.166
64,4,4.7333,28.764,186.86,64.452
64,4,5.3328,28.313,183.2,65.881
64,4,5.4499,28.1,178.69,63.115
64,4,5.2239,28.789,194.74,71.676
64,4,4.5716,29.348,193.9,67.93
64,4,6.6114,28.835,188.66,67.876
64,4,4.3023,30.237,213.21,77.305
64,4,6.4201,28.543,198.84,76.09
64,4,4.9817,29.2,191.61,67.227
64,4,5.8585,29.556,198.34,69.986
64,4,5.3051,29.301,183.28,60.438
64,4,4.3133,28.376,181.42,62.794
64,4,4.3548,27.813,175.85,61.523
64,4,4.4575,30.093,205.32,70.757
64,4,4.2461,29.604,206.97,77.175
64,4,6.8704,27.099,165.15,58.807
64,4,4.2178,28.084,170.85,56.842
64,4,5.0156,27.841,178.94,65.314
64,4,4.3709,29.952,207.5,75.234
64,4,3.7215,29.16,192.06,66.032
64,4,3.4937,29.846,197.75,66.146
64,4,5.008,29.209,186.59,63.461
64,4,5.7916,29.346,208.74,78.568
64,4,4.5062,30.637,207.98,72.915
64,4,4.0883,28.353,179.65,62.295
64,4,5.8212,27.751,179.65,66.167
64,4,6.0617,28.565,197.91,75.737
64,4,5.0759,28.925,192.01,71.333
64,4,3.9519,29.437,192.36,65.404
64,4,6.1387,29.101,187.94,64.615
64,4,5.9915,27.905,169.41,57.162
64,4,4.7811,29.362,193.58,66.488
64,4,4.2207,28.802,181.49,61.703
64,4,4.4349,28.568,185.74,67.895
64,4,5.7917,28.266,180.8,64.202
64,4,4.4372,27.995,165.96,54.207
64,4,5.0965,27.712,174.46,62.945
64,4,6.9028,30.117,190.47,62.534
64,4,4.2588,28.139,178.09,62.181
64,4,4.1633,30.088,205.18,72.132
64,4,5.2768,28.846,183.9,65.17
64,4,4.8933,29.239,195.51,69.69
64,4,5.4982,30.27,205.82,73.214
64,4,5.95,28.362,183.44,65.578
64,4,5.2121,29.939,186.51,56.013
64,4,5.5737,29.082,199.31,72.28
64,4,4.7316,32.139,229.23,79.38
64,4,4.7377,28.908,180.37,60.865
64,4,6.1086,31.676,214.35,72.287
64,4,4.6361,28.649,183.29,63.258
64,4,5.061,27.609,176.02,64.348
64,4,5.0895,28.957,184.01,62.941
64,4,3.6139,29.165,192.31,67.375
64,4,4.2915,27.815,171.04,58.756
64,4,4.2343,29.331,191.23,65.4
64,4,4.1608,28.174,172.8,58.308
64,4,6.1135,28.998,197.53,71.837
64,4,4.2399,30.803,217.37,75.745
64,4,6.8898,30.111,201.89,71.842
64,4,5.435,30.631,213.18,75.571
64,4,3.9697,29.03,186.57,64.385
64,4,4.1725,30.001,197.34,68.658
64,4,4.2069,28.252,181.28,63.846
64,4,4.3737,28.002,171.46,58.52
64,4,4.8147,27.613,174.08,63.309
64,4,5.2349,29.128,190.88,68.854
64,4,4.3629,27.87,172.33,59.158
64,4,6.1064,28.112,176.95,61.985
64,4,4.0512,28.074,187.52,69.593
64,4,3.9393,29.661,193.05,65.492
64,4,5.5184,30.602,234.85,93.569
64,4,4.1508,28.741,179.81,62.352
64,4,5.9816,28.343,176.38,60.017
64,4,5.6963,30.116,218.77,82.81
64,4,6.1131,27.946,176.93,62.788
64,4,4.2397,28.849,186.91,68.119
64,4,5.2253,29.593,206.21,75.515
64,4,5.4509,28.993,200.17,73.788
64,4,5.3761,29.19,187.86,64.325
64,4,5.1236,29.382,198.64,71.311
64,4,4.6122,27.567,168.05,57.993
64,4,4.7093,30,202.28,70.316
64,4,5.3425,29.236,196.46,70.125
64,4,5.6561,28.551,179.12,61.491
64,4,3.4607,28.3,175.39,59.162
64,4,4.2609,30.159,212.91,79.175
64,4,4.7337,31.83,234.52,81.016
64,4,5.0862,27.856,170.64,58.717
64,4,4.7802,28.698,184.21,63.414
64,4,5.8971,30.182,188.19,54.129
64,4,3.6923,27.679,188.31,71.897
64,4,4.5129,28.415,176.19,59.366
64,4,4.2592,30.268,190.26,61.829
64,4,4.3758,28.957,187.11,65.375
64,4,4.6101,28.825,176.64,57.853
64,4,4.9766,25.586,150.67,53.995
64,4,5.671,28.329,187.36,68.52
64,4,7.9515,29.697,194.14,67.15
64,4,6.6433,28.588,176.84,58.725
64,4,4.2541,30.368,213.1,76.418
64,4,5.1782,28.815,186.07,63.514
64,4,5.3666,29.274,185.53,61.719
64,4,4.7579,28.782,187.19,67.469
64,4,5.6173,28.622,182.28,61.778
64,4,4.7972,29.538,186.85,62.463
64,4,4.5804,29.461,192.43,66.752
64,4,4.8911,27.602,170.82,58.83
64,4,5.5205,28.583,172.87,57.608
64,4,4.1689,28.571,181.01,64.272
64,4,5.1453,29.622,201.47,71.827
64,4,6.2168,30.894,212.51,73.951
64,4,4.3734,29.102,193.49,70.911
64,4,4.9376,29.322,203.25,74.682
64,4,5.9014,29.451,190.3,64.326
64,4,4.7042,29.773,203.85,73.582
64,4,4.7806,28.461,187.53,67.018
64,4,9.2107,29.557,202.23,72.683
64,4,5.346,28.171,180.68,64.814
64,4,4.4387,29.774,208.83,77.878
64,4,4.7373,30.16,210.98,76.59
64,4,4.9491,28.591,178.03,61.376
64,4,4.5392,29.275,195.09,69.742
64,4,4.2791,28.286,172.77,56.64
64,4,4.6504,29.031,184.7,63.165
64,4,5.0612,28.783,203.88,78.769
64,4,7.2622,29.061,199.97,74.823
64,4,4.8519,28.327,178.5,64.394
64,4,6.6143,29.998,199.65,67.98
64,4,4.8696,28.787,196.29,73.321
64,4,3.8933,29.833,200.38,70.487
64,4,4.388,29.392,189.45,64.115
64,4,3.9089,27.929,176.26,62.286
64,4,6.9105,28.143,172.23,56.353
64,4,6.6501,27.981,177.62,63.937
64,4,4.7992,28.422,185.64,66.442
64,4,4.8027,29.38,204.53,75.866
64,4,5.2986,29.132,189.2,65.288
64,4,5.6447,28.812,190.31,68.244
64,4,5.0214,29.486,201.6,74.157
64,4,3.4787,28.984,180.24,60.931
64,4,5.0537,28.642,191.92,68.47
64,4,6.0225,28.426,174.54,58.608
64,4,3.5763,27.572,176.93,64.684
64,4,4.8995,29.197,204.34,75.357
64,4,3.8983,30.153,208.05,76.144
64,4,4.2722,32.386,235.44,83.766
64,4,4.4433,27.941,171.88,57.948
64,4,4.5736,29.335,199.44,73.418
64,4,8.9094,28.86,196.18,71.959
64,4,4.1883,30.267,211.32,77.344
64,4,3.7138,28.448,185.09,65.189
64,4,5.939,27.693,170.27,58.378
64,4,5.8364,28.28,173.32,58.399
64,4,5.9946,27.601,171.48,59.56
64,4,4.0921,27.786,169.17,58.575
64,4,3.8854,29.754,210.83,79.188
64,4,5.493,30.332,219.38,81.902
64,4,4.9208,30.318,215.21,76.944
64,4,4.1727,30.203,214.15,80.511
64,4,6.1363,28.713,183.47,64.934
64,4,5.5756,30.573,223.97,83.849
64,4,3.6068,28.156,171.63,50.228
64,4,4.0543,29.519,189.39,61.685
64,4,4.7764,28.331,179.96,63.625
64,4,4.2748,29.187,201.08,73.215
64,4,5.0788,26.797,154.65,52.35
64,4,4.3824,29.33,194.72,70.138
64,4,7.1182,28.061,173.48,60.888
64,4,6.2308,30.171,205.91,72.87
64,4,4.3408,28.44,179.81,62.396
64,4,4.6183,30.314,210.89,74.62
64,4,4.9819,27.86,173.41,62.093
64,4,5.4576,29.802,201.53,72.298
64,4,5.5394,28.74,181.85,62.043
64,4,5.3355,29.228,207.05,78.201
64,4,5.5532,29.029,196.24,72.409
64,4,4.8297,26.576,153.53,52.273
64,4,4.0097,30.428,213.17,76.522
64,4,4.4062,30.69,218.75,78.046
64,4,8.4814,29.875,202.58,71.551
64,4,4.3826,28.522,178.97,61.209
64,4,4.4587,29.744,205.04,73.052
64,4,6.239,28.103,179.09,65.013
64,4,4.2378,27.84,171.51,57.267
64,4,4.927,27.682,177.02,64.346
64,4,5.4273,30.847,217.37,78.713
64,4,3.9551,30.351,204.22,69.552
64,4,5.2531,28.633,183.68,62.316
64,4,5.2732,30.029,202.55,71.345
64,4,4.8273,27.18,165.91,59.345
64,4,4.1519,28.216,179.76,65
64,4,5.3083,27.659,172.24,60.384
64,4,3.7863,27.702,184.07,70.156
64,4,4.7807,28.302,182.24,65.058
64,4,4.9863,29.928,203.7,72.85
64,4,4.2316,28.099,184.1,65.947
64,4,4.0213,28.711,189.76,69.552
64,4,4.0486,28.894,191.31,68.683
64,4,4.5037,28.438,175.41,58.648
64,4,3.7787,28.835,196.73,71.553
64,4,4.6135,28.392,185.37,66.451
64,4,5.5268,28.727,195.34,71.596
64,4,5.7413,26.929,163.26,58.239
64,4,5.66,30.203,214.61,79.08
64,4,4.2509,29.152,194.55,70.684
64,4,3.8971,28.665,181.69,62.401
64,4,4.4281,28.914,178.2,58.974
64,4,4.1097,29.213,199.78,73.871
64,4,6.1311,29.212,202.83,75.839
64,4,4.8332,28,172.57,59.514
64,4,5.1701,28.595,191.5,70.927
64,4,4.2879,28.533,184.89,65.013
64,4,3.9078,29.04,187.2,65.645
64,4,5.1195,30.609,219.47,81.176
64,4,4.1636,29.543,204.27,74.481
64,4,5.2581,29.181,177.34,58.17
64,4,4.4542,28.42,183.41,62.819
64,4,3.6737,24.659,126.12,38.587
64,4,5.1193,29.118,191.09,67.085
64,4,4.6368,29.488,187.82,62.901
64,4,5.6659,29.029,188.41,65.749
64,4,4.2221,31.041,205.46,69.858
64,4,4.4652,28.08,183.7,66.652
64,4,5.8288,28.522,185.02,64.157
64,4,4.8337,30.539,212.3,76.007
64,4,5.0804,29.241,198.75,72.325
64,4,4.2217,28.66,192.27,72.331
64,4,4.1215,27.284,169.65,59.674
64,4,3.9187,28.267,183.69,67.59
64,4,4.6061,28.462,179.88,63.242
64,4,4.5215,28.891,181.52,60.564
64,4,3.6546,30.906,221.43,80.011
64,4,4.017,28.667,176.9,59.686
64,4,7.1196,26.934,163.91,58.348
64,4,4.5037,29.308,193.79,66.66
64,4,5.058,28.312,187.85,67.869
64,4,4.6634,28.113,176.06,60.641
64,4,4.3097,29.333,193.12,68.042
64,4,5.4744,28.482,188.9,69.715
64,4,4.2873,30.02,206.12,73.357
64,4,4.1129,27.72,172.12,59.418
64,4,5.239,27.707,181.19,66.066
64,4,7.0894,29.558,200.72,73.254
64,4,6.9879,27.424,161.17,52.838
64,4,5.5844,28.79,189.54,66.97
64,4,4.4854,26.861,170.12,62.227
64,4,4.7736,28.815,188.24,65.802
64,4,7.1322,28.69,196.82,73.084
64,4,4.9097,26.576,158.93,55.714
64,4,4.8679,28.026,168.91,56.792
64,4,3.6947,29.846,199.05,70.996
64,4,4.5479,27.428,175.49,64.266
64,4,3.2678,28.015,179.02,64.053
64,4,4.8507,26.621,176.61,69.32
64,4,3.6754,29.697,218.33,82.694
64,4,3.9835,29.628,186.33,59.808
64,4,4.1305,30.907,215.22,74.899
64,4,3.9693,29.106,193.71,68.954
64,4,4.5881,27.609,175.9,63.92
64,4,6.1531,30.025,200.12,68.735
64,4,4.9013,30.393,202.63,69.622
64,4,4.1622,28.214,180.31,62.351
64,4,3.6333,27.203,167.6,57.535
64,4,3.6389,28.929,186.49,62.598
64,4,4.0217,28.906,199.77,74.985
64,4,4.3518,28.534,183.84,64.583
64,4,4.3309,28.661,186.36,65.268
64,4,3.6806,29.484,194.43,67.292
64,4,4.7607,29.614,197.72,68.035
64,4,4.3827,30.854,216.1,77.266
64,4,5.7812,28.51,191.29,70.229
64,4,4.3316,29.658,195.31,68.205
64,4,6.2388,29.384,193.43,68.737
64,4,3.8171,28.801,177.19,59.408
64,4,4.9641,28.564,182.09,63.162
64,4,4.419,30.061,202.04,71.131
64,4,5.1881,27.659,169.87,60.031
64,4,6.6001,28.334,179.66,63.914
64,4,4.3661,28.558,180.87,63.393
64,4,5.5845,28.074,174.5,59.128
64,4,4.0044,26.841,168.64,61.584
64,4,4.1815,27.789,167.85,57.811
64,4,4.9815,29.176,185.34,63.886
64,4,5.1113,28.66,187.38,68.294
64,4,4.8774,27.717,177.32,64.062
64,4,6.1643,29.911,191.3,62.15
64,4,4.8425,29.15,183.26,59.491
64,4,6.9438,29.266,194.75,68.412
64,4,4.2696,28.477,180.96,60.741
64,4,6.1358,28.108,180.09,65.625
64,4,5.5966,29.395,204.92,75.126
64,4,4.6573,29.268,190.59,67.271
64,4,4.6627,29.682,196.01,65.674
64,4,8.2864,28.791,192.08,70.493
64,4,3.915,27.665,159.01,50.25
64,4,5.9048,27.258,174.04,63.919
64,4,4.5757,28.591,188.71,69.304
64,4,4.8787,31.192,209.5,68.124
64,4,4.7896,29.23,187.77,64.741
64,4,5.2542,27.583,170.97,58.856
64,4,4.9119,30.407,207.47,73.772
64,4,4.2388,27.929,173.71,60.072
64,4,3.7194,28.94,189.73,66.674
64,4,5.3252,29.13,194.5,69.502
64,4,5.6929,27.276,163.27,54.545
64,4,4.4366,28.645,188.58,67.513
64,4,4.0996,29.365,190.04,65.455
64,4,4.1436,27.574,166.58,56.341
64,4,4.7075,28.734,168.3,49.905
64,4,3.9,27.899,178.24,61.882
64,4,4.5294,29.057,193.68,70.07
64,4,4.1338,27.801,177.65,63.03
64,4,3.8954,27.521,171.81,59.935
64,4,6.6403,29.978,202.35,72.105
64,4,5.3026,28.992,189.01,66.371
64,4,4.548,28.471,186.19,66.478
64,4,5.0076,31.464,220.63,76.466
64,4,5.8947,29.957,207.53,76.289
64,4,5.3593,29.03,192.46,70.138
64,4,4.6354,28.465,183.65,63.886
64,4,4.679,28.526,190.09,71.106
64,4,4.2694,28.003,175.8,62.603
64,4,4.2703,29.93,197.93,68.774
64,4,3.7431,28.932,180.47,60.056
64,4,4.72,30.47,211.58,76.907
64,4,6.1339,29.211,189.81,67.324
64,4,6.6806,29.463,196.68,69.796
64,4,3.7237,28.256,178.38,63.636
64,4,5.2163,28.608,188.07,68.412
64,4,6.5222,28.732,189.35,68.283
64,4,4.8133,28.119,175.67,61.59
64,4,5.4907,28.201,189.24,71.272
64,4,4.0169,27.723,171.6,58.294
64,4,4.3959,29.316,185.68,61.607
64,4,4.3536,27.956,178.86,62.843
64,4,5.1762,28.597,187.96,66.894
64,4,5.8652,28.716,184.5,64.003
64,4,6.1755,27.84,173.69,59.141
64,4,4.9445,28.301,179.28,60.939
64,4,4.5623,28.126,177.14,61.213
64,4,4.2005,28.907,185.37,64.65
64,4,3.6319,29.56,205.88,75.512
64,4,4.5625,30.912,216.31,74.262
64,4,4.8826,28.842,192.5,69.751
64,4,5.5137,28.888,195.16,72.851
64,4,6.5684,29.693,199.44,70.105
64,4,4.1484,28.428,180.26,61.716
64,4,5.2607,29.561,201,72.099
64,4,4.543,29.942,206.58,75.195
64,4,4.3196,28.182,186.37,66.817
64,4,4.9106,29.047,184.42,59.783
64,4,5.0369,28.121,182.43,66.298
64,4,6.0252,28.332,181.52,65.712
64,4,4.2859,30.039,212.78,77.773
64,4,4.0944,30.022,208.15,74.938
64,4,4.5482,29.188,194.06,69.709
64,4,9.6682,29.414,195.62,70.32
64,4,5.1098,31.184,221.89,78.55
64,4,5.5921,27.647,179.71,67.021
64,4,4.9076,29.989,199.01,69.656
64,4,5.2422,28.86,185.53,62.541
64,4,5.5165,28.97,187.9,65.186
64,4,4.8381,27.767,177.12,64.584
64,4,4.4438,27.877,180.3,64.491
64,4,6.4232,29.408,185.94,62.554
64,4,5.5998,30.765,210.44,73.398
64,4,4.7518,28.819,181.33,60.789
64,4,5.3315,28.26,196.38,74.901
64,4,5.7407,28.45,173.58,57.38
64,4,4.894,27.884,175.68,61.743
64,4,4.9469,29.427,194.56,68.007
64,4,5.8293,28.331,182.71,64.859
64,4,5.0676,27.608,168.2,56.066
64,4,4.4214,29.042,189.34,67.486
64,4,6.2035,28.235,175.78,60.159
64,4,4.1785,30.024,204.08,70.349
64,4,6.6293,29.843,198.86,70.131
64,4,4.9689,27.589,161.44,50.136
64,4,6.9447,27.487,167.6,56.307
64,4,6.0269,28.748,199.16,74.696
64,4,5.4826,27.839,176.92,63.045
64,4,6.3194,29.544,197.81,70.836
64,4,3.8443,30.592,212.38,73.266
64,4,4.2309,28.807,198.12,73.308
64,4,5.2997,27.201,160.12,54.26
64,4,4.7436,29.407,193.23,67.71
64,4,4.9971,30.664,218.48,78.859
64,4,6.6385,30.42,204.31,67.593
64,4,7.8753,29.9,205.16,74.047
64,4,4.3923,27.824,175.13,60.869
64,4,5.144,27.061,170.82,61.785
64,4,7.3234,27.781,173.96,60.909
64,4,5.3162,28.288,171.58,58.034
64,4,6.8592,28.014,174.34,58.808
64,4,3.8873,31.053,227.88,84.09
64,4,4.0877,28.304,177.44,62.428
64,4,6.0728,28.342,176.73,58.496
64,4,4.7492,30.145,194.76,64.941
64,4,4.3606,29.511,195.68,68.373
64,4,5.1309,30.386,214.88,79.101
64,4,6.0838,28.738,192.05,69.6
64,4,5.5041,27.088,167.62,60.633
64,4,3.2997,28.119,187.06,68.236
64,4,4.3506,27.451,171.94,60.033
64,4,5.7439,27.512,169.48,55.409
64,4,4.6043,28.103,178.92,63.425
64,4,4.3497,27.476,177.23,64.93
64,4,4.6492,30.538,203.55,70.185
64,4,4.4701,30.865,215.25,74.659
64,4,3.8832,26.955,170.5,63.588
64,4,3.7313,30.105,212.4,77.947
64,4,5.258,30.967,224.17,83.235
64,4,4.578,29.209,186.58,62.63
64,4,4.8645,29.467,189.44,65.436
64,4,5.2828,28.725,185.03,64.288
64,4,4.8002,30.149,203.43,71.025
64,4,5.2201,29.565,202.01,72.32
64,4,4.7672,29.649,201.78,72.834
64,4,6.3083,29.225,195.93,69.322
64,4,4.2477,28.693,184.05,61.378
64,4,4.7092,27.666,173.66,60.232
64,4,4.3487,28.772,188.18,66.896
64,4,7.7997,29.734,198.23,69.386
64,4,4.4479,29.458,201.48,72.923
64,4,4.1799,26.356,164.39,61.212
64,4,4.1381,28.142,184.92,67.995
64,4,5.227,28.418,174.31,58.956
64,4,5.1272,29.81,196.16,67.461
64,4,5.5048,27.586,168,56.598
64,4,4.2908,30.093,209.19,74.579
64,4,3.6891,28.83,191.13,69.042
64,4,6.4229,28.829,193.16,70.115
64,4,5.0337,27.896,170.58,58.904
64,4,4.2915,28.461,176.23,61.386
64,4,4.5908,28.53,183.91,67.062
64,4,6.7115,28.72,175.16,58.285
64,4,4.1517,28.858,198.55,72.994
64,4,4.1466,29.844,210.58,78.114
64,4,4.7121,29.901,198.08,69.43
64,4,5.7598,29.541,198.36,71.813
64,4,4.538,27.822,171.32,56.857
64,4,4.9713,30.2,207.11,71.874
64,4,4.151,28.794,193.42,72.169
64,4,7.3429,28.397,178.11,60.965
64,4,5.4155,29.265,184.69,62.251
64,4,5.9467,27.84,171.79,60.591
64,4,6.8925,29.052,178.22,58.899
64,4,4.4146,28.22,171.87,55.417
64,4,8.8316,29.925,204.89,74.256
64,4,4.7872,29.99,202.64,71.781
64,4,5.1699,28.224,179.43,62.748
64,4,4.3932,29.382,208.23,79.807
64,4,5.9666,27.403,174.25,63.1
64,4,5.1358,29.408,181.89,59.851
64,4,6.2673,30.244,207.4,72.932
64,4,5.6516,27.931,172.06,60.219
64,4,5.4128,26.054,158.77,57.336
64,4,4.0302,28.889,181.78,62.082
64,4,5.5417,31.028,213.99,75.655
64,4,4.2414,29.532,190.57,63.282
64,4,4.812,29.361,196.07,71.549
64,4,5.9925,29.898,199.46,69.783
64,4,4.6111,28.499,186.38,65.961
64,4,7.7239,28.98,194.7,71.821
64,4,4.6836,27.453,167.35,58.195
64,4,5.2148,27.871,162.78,51.506
64,4,5.3175,27.664,164.87,55.506
64,4,4.8855,27.867,176.16,61.476
64,4,4.3683,28.91,197.22,73.42
64,4,4.6309,30.473,223.45,84.671
64,4,5.5895,28.462,178.54,59.923
64,4,4.9042,30.813,210.84,71.145
64,4,5.6434,29.631,194.51,66.866
64,4,4.7249,31.167,224.81,82.476
64,4,5.799,27.494,176.32,64.14
64,4,9.3317,29.292,206.42,77.614
64,4,4.9801,28.783,186.38,65.203
64,4,5.0511,26.761,150.45,47.878
64,4,6.8625,28.955,180.64,59.471
64,4,4.3467,27.63,164.42,52.9
64,4,6.4847,29.572,199.2,71.067
64,4,4.629,28.749,189.07,68.125
64,4,5.5593,27.761,169.4,57.63
64,4,5.2009,29.429,195.95,68.948
64,4,5.2049,29.802,190.4,61.983
64,4,4.5093,30.153,206.18,72.934
64,4,4.6428,29.288,177.04,56.442
64,4,5.1886,28.488,186.36,68.318
64,4,4.6106,26.882,154.16,47.597
64,4,5.4326,26.532,158.21,56.169
64,4,5.5738,30.183,222.27,83.678
64,4,5.7217,29.53,214.68,83.634
64,4,4.769,29.655,194.54,66.844
64,5,5.8343,31.37,236.12,90.156
64,5,7.1711,31.967,221.36,75.566
64,5,5.58,31.493,226.21,79.671
64,5,5.9665,32.712,245.94,89.638
64,5,4.2734,31.856,214.41,63.654
64,5,7.653,32.594,251.86,95.449
64,5,5.5362,31.57,236.23,89.146
64,5,6.0207,32.453,243.81,90.14
64,5,5.6747,31.118,224.39,82.292
64,5,4.7995,30.705,230.01,88.115
64,5,6.0943,29.837,207.32,77.297
64,5,4.6593,31.787,233.6,86.831
64,5,5.3028,29.927,209.63,78.031
64,5,5.7855,29.027,198.73,73.007
64,5,5.9912,30.326,218.42,81.881
64,5,5.1583,32.407,245.18,90.3
64,5,5.8512,30.538,218.51,81.75
64,5,5.0162,34.255,259.68,91.163
64,5,6.7997,30.479,215.44,79.426
64,5,5.3765,29.799,204.67,74.164
64,5,4.923,31.332,228.65,84.12
64,5,4.3439,31.933,239.51,87.381
64,5,4.3344,30.478,210.08,76.248
64,5,5.1048,31.676,244.03,93.216
64,5,5.0348,30.621,231.91,90.689
64,5,4.4859,31.414,236.8,89.88
64,5,6.821,29.792,210.03,76.347
64,5,5.6974,29.653,196.87,70.215
64,5,5.8295,30.772,215.5,77.541
64,5,7.1615,30.367,219.17,84.056
64,5,5.6748,31.692,228.78,80.427
64,5,6.7014,31.747,235.05,86.416
64,5,5.7417,31.848,224.3,79.711
64,5,5.8166,31.788,230.56,79.16
64,5,5.1179,33.162,251.12,89.54
64,5,6.9809,31.636,230.93,85.779
64,5,9.9305,32.47,244.93,89.978
64,5,5.6285,31.687,232.07,83.067
64,5,5.2999,32.644,247.61,89.496
64,5,5.2824,31.245,235.04,88.001
64,5,5.1873,31.414,234.82,88.872
64,5,6.9447,30.155,208.99,76.077
64,5,4.0315,33.651,266.57,98.423
64,5,6.3588,32.312,242.32,89.352
64,5,5.0933,32.532,230.62,82.018
64,5,5.5258,31.839,233.85,87.193
64,5,5.725,30.508,216.54,78.153
64,5,5.4434,32.805,250.57,93.33
64,5,5.9964,31.469,222.06,78.901
64,5,6.2387,32.061,236.94,85.095
64,5,5.6709,31.49,232.58,85.983
64,5,4.0312,31.914,256.29,100.61
64,5,5.3384,32.688,266.24,104.22
64,5,4.8823,32.881,241.15,84.139
64,5,6.2528,32.836,256.81,96.555
64,5,5.6831,31.723,237.41,86.295
64,5,5.2575,32.28,239.46,87.124
64,5,5.6503,30.583,225.43,86.631
64,5,6.2722,31.785,223.35,73.583
64,5,4.7042,32.045,229.97,80.705
64,5,4.6695,33.002,243.8,89.411
64,5,4.6199,31.944,240.05,90.184
64,5,4.7255,31.555,245.06,95.07
64,5,6.6223,31.274,235.86,88.958
64,5,4.2357,30.969,221.89,82.771
64,5,4.7168,31.888,239.24,88.7
64,5,5.4399,31.041,214.92,75.905
64,5,5.3109,30.151,208.38,75.914
64,5,7.5581,30.443,222.09,83.242
64,5,4.5141,30.138,213.43,78.962
64,5,4.7279,32.49,251.54,92.605
64,5,4.8035,33.783,265.94,98.136
64,5,6.1181,32.137,227.62,77.805
64,5,5.162,33.963,267.06,97.855
64,5,5.1454,32.705,248.41,90.781
64,5,5.3329,33.077,257.59,95.074
64,5,4.7033,31.992,243.84,90.562
64,5,4.3821,30.575,220.86,83.204
64,5,5.0158,32.869,245.72,87.142
64,5,5.357,31.742,230.1,83.783
64,5,5.7429,29.874,193.05,64.541
64,5,4.7022,31.46,231.76,83.505
64,5,4.3567,31.647,235,89.481
64,5,6.1248,33.541,264.22,96.685
64,5,7.3413,29.801,206.43,76.916
64,5,5.897,31.762,237.71,85.556
64,5,4.2722,32.169,236.43,85.625
64,5,3.6495,31.546,236.04,89.751
64,5,4.6026,32.422,237,83.222
64,5,5.6317,32.077,236.42,86.588
64,5,3.9634,31.117,224.75,82.798
64,5,4.719,32.693,258.46,97.828
64,5,5.7713,31.107,218.99,76.715
64,5,4.5123,32.109,228.25,81.002
64,5,4.7274,32.684,242.26,87.383
64,5,6.4,32.214,227.72,79.237
64,5,4.905,28.82,186.97,65.169
64,5,5.4281,31.526,223.02,76.728
64,5,6.7892,30.891,219.7,79.586
64,5,3.7981,31.234,229.99,85.472
64,5,5.0174,30.962,216.16,79.658
64,5,4.7433,30.7,216.15,78.513
64,5,4.2421,30.628,222.78,81.943
64,5,5.7131,30.614,214.08,75.071
64,5,4.8911,30.427,216.08,81.094
64,5,7.6534,31.02,219.85,78.164
64,5,4.7612,31.078,218.38,77.741
64,5,4.4746,32.681,255.26,96.453
64,5,3.8627,31.33,232.33,85.596
64,5,4.5025,33.356,248.81,86.872
64,5,11.363,30.859,217.85,80.539
64,5,4.9133,29.513,212.15,80.979
64,5,5.0052,32.368,235.6,86.28
64,5,5.4624,31.629,229,81.693
64,5,7.5053,31.02,221.14,81.555
64,5,4.3293,30.626,217.11,76.014
64,5,6.563,32.555,245.56,88.883
64,5,10.328,30.098,208.98,75.293
64,5,5.2689,32.035,235.86,86.649
64,5,4.521,31.655,224.76,78.442
64,5,7.4515,32.95,260.71,98.968
64,5,5.3079,29.38,193.59,70.108
64,5,4.7649,31.298,235.18,89.62
64,5,7.9891,32.757,238.77,83.494
64,5,6.1817,30.669,218.53,76.603
64,5,6.4454,30.889,221.84,80.797
64,5,4.8338,31.363,230.85,85.838
64,5,4.7735,33.121,243.03,83.828
64,5,6.1198,32.084,238.95,86.361
64,5,5.3812,31.779,237.71,88.855
64,5,5.6827,32.085,227.62,79.375
64,5,4.9682,30.592,217.09,78.951
64,5,5.2245,31.096,227.96,83.104
64,5,4.6938,31.879,239.33,86.536
64,5,4.8283,30.503,213.63,76.119
64,5,4.0199,30.693,228.23,85.826
64,5,4.9563,31.274,222.97,79.324
64,5,5.4063,31.928,243.54,93.434
64,5,4.6233,31.196,227.14,80.603
64,5,3.9334,32.67,232.9,76.936
64,5,4.9886,32.508,253.23,96.153
64,5,5.7809,29.821,201.6,71.511
64,5,3.9529,30.898,225.81,83.174
64,5,8.5396,30.179,216.22,80.984
64,5,5.5904,32.665,242.49,87.495
64,5,5.3178,31.966,223.54,76.641
64,5,4.7077,29.938,213.77,81.754
64,5,5.6386,31.616,224.17,78.373
64,5,4.3479,31.705,233.63,84.787
64,5,5.9219,31.873,248.2,97.43
64,5,7.2996,30.276,214.68,80.131
64,5,5.9107,33.183,265.67,98.728
64,5,3.9027,31.804,233.24,83.796
64,5,8.2615,30.327,218.88,82.678
64,5,7.6559,33.687,258.73,93.036
64,5,5.8663,32.702,233.67,78.613
64,5,7.0066,32.145,226.76,79.711
64,5,3.9772,32.058,247.27,92.201
64,5,4.7673,29.883,209.83,76.463
64,5,6.3105,33.195,259.53,96.496
64,5,4.3581,31.722,241.33,90.714
64,5,4.6743,31.691,226.1,80.97
64,5,4.8407,33.524,259.74,92.127
64,5,4.4876,33.045,261.76,99.506
64,5,5.2525,33.28,236.44,80.547
64,5,5.1218,30.414,207.3,73.927
64,5,6.463,33.807,270.65,98.406
64,5,4.279,30.648,221.1,81.983
64,5,4.9148,29.669,197.7,69.437
64,5,5.1096,33.941,257.55,93.001
64,5,5.722,29.72,208.83,77.768
64,5,4.837,30.736,222.27,82.192
64,5,6.4722,32.676,243.69,87.463
64,5,4.6833,31.7,235.87,89.936
64,5,3.8262,32.597,243.53,85.96
64,5,5.1981,30.794,227.04,85.799
64,5,5.9963,31.828,225.25,80.562
64,5,6.3988,31.025,224.61,83.414
64,5,5.9578,32.569,240.5,86.036
64,5,4.2483,32.825,254.23,93.433
64,5,4.3978,31.098,220.43,78.56
64,5,6.0572,33.084,252.39,92.419
64,5,5.1615,31.962,227.53,80.236
64,5,5.3172,31.702,234.31,87.242
64,5,6.5321,32.504,230.14,81.377
64,5,5.2367,32.947,237.15,82.426
64,5,5.7536,31.574,224.35,80.318
64,5,5.2671,30.197,219.8,83.09
64,5,4.5618,29.986,205.19,76.176
64,5,6.4511,31.742,241.46,91.728
64,5,4.9549,31.492,230.38,85.099
64,5,4.5363,33.15,251.06,90.699
64,5,5.7205,32.633,246.45,91.816
64,5,5.5802,31.633,226.79,80.994
64,5,3.9098,32.551,253.22,95.28
64,5,5.6579,30.07,209.83,78.091
64,5,4.4459,31.694,234.19,86.175
64,5,6.4415,31.734,242.41,90.503
64,5,5.2014,31.335,217.4,74.019
64,5,5.2706,31.234,240.81,93.91
64,5,5.4441,31.452,228.05,82.828
64,5,5.5388,33.046,255.25,93.991
64,5,8.0352,32.35,252.89,94.878
64,5,6.8973,29.869,202.32,68.587
64,5,5.1842,33.352,244.12,84.508
64,5,4.7254,31.729,230.67,84.432
64,5,7.1388,30.703,225.93,85.879
64,5,5.2741,31.512,224.67,80.279
64,5,6.5015,31.321,222.77,77.74
64,5,5.4463,33.548,261.14,94.525
64,5,4.7873,32.164,228.45,80.037
64,5,6.0724,32.305,245.18,91.824
64,5,4.576,30.34,219.7,82.923
64,5,6.5576,30.518,221.39,84.149
64,5,5.8892,31.59,217.1,69.903
64,5,5.92,30.138,214.51,79.31
64,5,4.5199,31.081,221.31,75.811
64,5,5.5239,30.002,213.92,81.968
64,5,4.9412,33.104,256.15,94.45
64,5,6.1253,32.192,230.64,79.027
64,5,5.6686,31.114,227.9,84.642
64,5,5.1461,32.508,237.47,84.399
64,5,5.5795,30.89,223.1,82.697
64,5,5.3124,30.747,216.34,76.887
64,5,4.1945,31.759,239.9,90.554
64,5,5.3261,31.203,226.26,84.279
64,5,5.5752,29.321,198.05,69.116
64,5,5.8476,32.152,238.11,86.746
64,5,6.418,30.668,215.12,77.865
64,5,4.1393,31.707,235.29,86.428
64,5,5.575,29.731,198.87,69.358
64,5,5.1467,31.075,221.79,77.877
64,5,6.0732,32.015,237.21,89.221
64,5,7.0916,33.051,252.51,93.154
64,5,5.8355,31.111,221.5,79.425
64,5,5.1688,31.722,230.88,83.964
64,5,4.8023,35.17,282.98,105.13
64,5,5.0908,31.919,239.7,88.262
64,5,5.4755,30.413,210.65,76.024
64,5,6.759,30.819,221.58,83.289
64,5,5.6128,30.567,209.75,73.85
64,5,4.5679,30.541,210.06,75.809
64,5,4.7559,32.012,238.49,88.621
64,5,5.6511,30.605,217.05,79.711
64,5,7.0982,30.825,205.95,68.223
64,5,5.0278,29.541,204.91,74.749
64,5,5.2377,30.927,219.56,80.08
64,5,5.0881,31.969,245.38,92.918
64,5,5.5221,30.305,204.01,69.455
64,5,6.294,30.959,223.95,82.527
64,5,4.6735,30.825,204.63,68.095
64,5,4.4891,34.055,267.57,97.543
64,5,5.4527,30.327,212.02,77.083
64,5,4.6135,32.159,234,82.348
64,5,5.4422,31.338,226.57,80.445
64,5,5.2549,32.181,246.25,92.292
64,5,4.8497,32.498,245.11,89.831
64,5,5.4899,31.438,241.29,93.208
64,5,6.0078,33.525,261.49,97.587
64,5,7.2216,32.302,244.82,92.259
64,5,4.414,31.955,235.36,87.077
64,5,5.2709,30.949,217.84,77.985
64,5,5.4276,31.259,216.29,76.07
64,5,5.6642,31.448,231.78,84.133
64,5,6.8762,33.28,262.1,99.098
64,5,5.2106,30.532,217.59,78.245
64,5,4.062,31.611,228.47,81.321
64,5,9.7086,31.189,214.89,76.004
64,5,4.7283,32.137,238.68,88.357
64,5,4.4366,33.682,267.42,97.539
64,5,5.8225,31.869,235.12,86.472
64,5,5.5083,33.681,255.95,89.91
64,5,4.7439,30.932,221.93,81.223
64,5,5.1984,31.802,228.64,83.794
64,5,6.4753,31.412,225.83,77.432
64,5,4.4252,31.147,239.01,92.442
64,5,5.7247,31.655,229.79,85.121
64,5,4.111,32.772,242.26,85.543
64,5,5.7291,32.538,251.78,95.996
64,5,7.5386,31.039,226.87,83.918
64,5,4.7318,30.274,219.91,82.276
64,5,6.618,31.554,235.05,88.076
64,5,11.413,31.367,228.97,85.691
64,5,8.352,31.637,239.28,89.162
64,5,7.3544,30.574,213.38,74.515
64,5,4.9907,32.437,230.67,79.891
64,5,4.3811,31.401,231.62,84.907
64,5,6.7983,31.245,216.16,71.067
64,5,7.7668,33.292,253.84,91.51
64,5,4.839,29.714,206.35,74.421
64,5,5.5675,30.915,218.38,79.973
64,5,5.2512,31.673,239.73,88.313
64,5,7.2637,32.04,241.84,88.691
64,5,7.4143,32.908,237.49,83.352
64,5,4.4379,30.445,216.95,78.185
64,5,5.4256,31.601,231.1,82.916
64,5,5.7774,31.3,227.78,81.723
64,5,6.581,30.781,214.54,77.05
64,5,5.2472,31.444,241.38,92.516
64,5,6.4864,31.359,234.9,87.148
64,5,5.0223,31.381,224.98,83.206
64,5,5.263,32.448,253.46,95.918
64,5,5.0796,32.329,230.61,79.549
64,5,4.5509,32.433,244.75,88.247
64,5,5.2274,33.504,252.23,87.976
64,5,5.8835,33.042,255.45,94.195
64,5,5.9893,34.194,270.56,100.47
64,5,5.5199,32.346,249.8,95.791
64,5,4.2878,30.274,213.92,76.993
64,5,4.4349,31.124,217.06,77.463
64,5,5.2426,33.745,269.26,101.09
64,5,5.0927,31.188,224.59,81.736
64,5,5.8483,33.117,258.87,97.162
64,5,5.5221,31.349,229.73,85.513
64,5,3.8503,30.136,211.3,77.223
64,5,6.18,31.442,221.53,76.987
64,5,4.1203,31.257,216.78,77.98
64,5,6.0277,31.522,214.94,70.962
64,5,4.6949,30.782,210.92,72.763
64,5,5.5519,33.931,269.49,96.841
64,5,5.5086,31.637,235.46,87.689
64,5,5.2678,30.978,221.44,80.681
64,5,7.9902,31.951,235.21,86.748
64,5,3.3223,32.743,259.05,96.832
64,5,5.1396,34.234,263.6,95.476
64,5,4.6698,30.687,226.25,87.544
64,5,6.3993,30.479,214.45,78.634
64,5,4.5861,32.374,242.07,89.27
64,5,5.6875,32.544,238.99,86.431
64,5,6.2197,31.709,231.57,81.751
64,5,5.1927,31.612,236.15,86.64
64,5,5.6953,33.336,253.23,88.124
64,5,4.2557,31.676,233.82,84.571
64,5,6.1435,29.465,205.92,76.835
64,5,4.9695,31.437,234.85,88.185
64,5,4.3956,31.525,225.13,80.176
64,5,4.7838,30.715,220.5,79.988
64,5,5.6609,32.406,246.94,90.964
64,5,5.7032,31.345,222.2,78.705
64,5,5.4217,29.706,195.72,67.65
64,5,6.3621,30.517,222.64,84.068
64,5,3.6088,29.616,208.53,77.82
64,5,6.1732,31.173,214.7,73.759
64,5,7.2498,32.268,232.96,81.638
64,5,6.6571,30.02,203.45,70.586
64,5,4.7896,31.638,222.66,76.627
64,5,5.7749,31.762,243.57,93.156
64,5,5.6261,29.314,192.2,69.772
64,5,4.4551,32.252,236.12,84.673
64,5,4.5794,30.862,218.61,80.029
64,5,4.361,32.058,243.31,92.077
64,5,4.2035,31.549,227.93,82.697
64,5,5.9571,30.77,213.6,74.197
64,5,4.0014,32.528,246.07,89.913
64,5,4.9572,30.848,219.62,82.756
64,5,5.7097,30.519,220.58,81.894
64,5,5.5554,30.961,224.36,83.639
64,5,5.1374,31.315,223.74,79.738
64,5,4.7364,31.311,228.38,85.582
64,5,4.3647,33.276,247.87,86.719
64,5,4.2221,30.301,219.76,83.084
64,5,4.6688,31.925,233.1,85.305
64,5,4.0272,30.976,221.37,79.573
64,5,5.6639,30.189,201.38,69.594
64,5,4.5249,33.247,261.79,97.586
64,5,6.1635,30.54,215.04,76.931
64,5,6.0489,30.237,198.72,69.263
64,5,5.8246,32.361,240.14,86.379
64,5,3.8231,30.789,232.23,89.244
64,5,4.4839,30.293,221.25,84.347
64,5,5.434,33.926,275.59,105.16
64,5,5.5112,32.145,232.81,81.909
64,5,4.4172,32.983,243.17,84.016
64,5,5.6524,31.503,226.73,76.463
64,5,5.2528,32.386,255.83,100.95
64,5,5.5106,33.032,245.83,88.154
64,5,5.6157,30.412,219.44,81.575
64,5,5.0769,33.012,248.03,90.04
64,5,5.7444,29.899,204.91,71.767
64,5,4.8317,31.567,238.43,90.419
64,5,5.0475,32.232,248.34,92.77
64,5,4.6274,30.979,227.64,87.224
64,5,5.3474,32.035,223.41,76.514
64,5,4.6583,33.083,262.31,98.645
64,5,5.2993,31.002,211.24,71.705
64,5,5.2532,31.82,228.81,81.957
64,5,5.4208,34.087,268.17,97.264
64,5,4.9278,31.357,213.62,71.932
64,5,4.3969,33.137,250.95,89.134
64,5,4.7256,30.933,233.74,90.507
64,5,4.931,30.34,205.89,73.754
64,5,5.8003,31.765,239.18,90.14
64,5,5.6867,30.575,199.71,67.587
64,5,7.8897,30.874,224.04,81.393
64,5,3.5451,32.901,255.4,95.55
64,5,3.9218,31.524,234.98,88.797
64,5,6.8456,31.864,235.52,86.691
64,5,5.0307,32.655,235,80.444
64,5,4.7741,32.489,252.48,96.166
64,5,5.7937,30.751,219.66,80.142
64,5,5.3137,31.929,219.79,74.986
64,5,3.7451,31.39,224.43,79.762
64,5,6.7584,32.846,248.64,87.598
64,5,4.9114,32.4,246.72,91.672
64,5,4.9979,32.287,218.53,73.275
64,5,4.4233,30.662,211.84,75.097
64,5,4.6286,30.494,222.02,82.202
64,5,5.2314,33.467,266.13,98.243
64,5,6.1215,32.403,249.5,95.055
64,5,5.1595,31.285,226.52,83.125
64,5,6.4978,33.218,264.37,99.281
64,5,5.8726,30.463,218.97,78.469
64,5,6.0427,28.869,185.2,66.665
64,5,7.2718,31.168,228.68,85.148
64,5,4.4738,31.127,216.94,74.797
64,5,4.8408,31.71,230.48,83.692
64,5,8.3875,32.528,234.15,80.648
64,5,4.604,31.031,229.57,86.333
64,5,6.7254,29.6,207.76,78.691
64,5,6.9984,33.175,270.76,103.34
64,5,4.9537,31.167,228.78,85.009
64,5,4.4268,31.381,215.05,72.276
64,5,4.8686,30.65,215.17,76.15
64,5,5.9995,31.343,233.01,87.486
64,5,5.0413,32.554,247.63,92.549
64,5,5.2173,31.227,218.65,76.562
64,5,6.0254,32.039,241.14,91.021
64,5,6.001,30.717,212.8,73.947
64,5,4.1181,32.996,261.93,98.853
64,5,4.3292,31.746,237.31,87.832
64,5,5.4357,31.334,225.16,79.144
64,5,4.4616,31.962,230.58,82.68
64,5,6.5604,32.065,233.29,82.815
64,5,4.8647,33.147,259.09,97.452
64,5,5.6795,30.501,221.86,83.064
64,5,4.1514,32.404,249.48,94.581
64,5,4.2788,31.743,239.56,89.458
64,5,4.1001,31.051,221.05,79.903
64,5,7.7265,31.723,233.91,84.439
64,5,4.3422,32.183,236.98,85.476
64,5,5.0004,32.803,240.46,82.954
64,5,8.5123,33.582,256.56,90.453
64,5,7.237,31.59,227.67,83.236
64,5,10.279,31.011,221.27,80.382
64,5,8.4951,32.229,238.94,84.523
64,5,4.6686,32.53,247.43,93.168
64,5,6.1923,32.112,251.08,93.907
64,5,4.7931,31.538,235.27,85.383
64,5,7.0971,31.408,228.37,85.482
64,5,6.0234,32.425,243.42,89.411
64,5,6.2324,31.219,218.18,75.695
64,5,5.2197,31.68,234.71,85.875
64,5,5.1751,30.687,214.75,75.996
64,5,6.9424,31.744,234.74,85.986
64,5,5.0342,30.258,210.08,76.34
64,5,6.1542,31.107,232.31,87.111
64,5,4.5737,31.15,237.45,90.098
64,5,5.2645,33.188,253.79,92.468
64,5,6.4295,31.121,220.08,80.2
64,5,3.8605,30.095,219.31,85.395
64,5,8.3718,32.519,239.88,85.445
64,5,6.9138,31.633,232.41,84.496
64,5,7.0109,30.631,218.6,80.137
64,5,5.7219,31.703,225.73,78.674
64,5,5.6136,31.173,226.84,84.319
64,5,6.3486,30.137,205.35,71.138
64,5,4.4278,30.834,228.79,87.609
64,5,6.0372,31.775,223.05,76.913
64,5,4.5321,31.838,240.5,90.954
64,5,5.3173,29.239,192.96,69.54
64,5,4.8616,32.163,238.26,86.51
64,5,6.234,32.639,252.19,95.055
64,5,5.9201,30.638,222.67,81.614
64,5,5.2671,30.779,221.26,84.022
64,5,5.4197,32.495,244.52,90.662
64,5,4.6076,30.587,211.34,74.734
64,5,7.6967,31.954,246.31,94.736
64,5,5.7739,33.076,247.7,88.893
64,5,4.9992,31.984,238.19,83.9
64,5,5.1828,30.54,216.68,79.839
64,5,4.5433,31.485,213.29,72.006
64,5,5.7274,31.408,230.45,86.039
64,5,5.3836,30.583,219.4,82.22
64,5,3.9748,32.627,243.09,89.712
64,5,5.4562,32.968,255.42,95.779
64,5,5.3665,33.268,261.55,96.704
64,5,4.4169,32.02,229.44,82.658
64,5,5.5178,30.867,216.03,78.145
64,5,6.9009,32.312,228.81,79.257
64,5,6.3391,30.945,227.5,84.874
64,5,4.5045,30.597,220.98,81.166
64,5,4.8464,31.468,244.15,95.961
64,5,4.3207,30.308,222.64,84.917
64,5,5.0026,30.656,225.1,85.347
64,5,5.6624,30.11,196.03,59.447
64,5,3.6358,29.171,204.9,77.303
64,5,6.8204,32.233,234.89,78.707
64,5,4.5369,32.24,232.09,80.911
64,5,5.1023,30.506,215.15,78.677
64,5,5.6978,32.698,246.29,90.378
64,5,6.0298,33.164,268.94,103.11
64,5,8.0337,32.672,228.01,75.996
64,5,4.0904,33.738,242.99,78.674
64,5,6.5329,30.293,202.08,69.751
64,5,6.5368,29.369,197.87,72.979
64,5,5.2613,32.847,261.39,98.462
64,5,5.5139,29.735,198.17,70.029
64,5,6.6647,32.081,227.33,77.654
64,5,5.8463,31.056,209.79,68.948
64,5,5.3166,29.226,207.54,79.93
64,5,4.3412,31.116,225.28,81.781
64,5,3.8565,31.074,218.25,78.117
64,5,6.4271,33.183,254.14,89.802
64,5,4.928,31.27,217.19,76.51
64,5,4.4332,31.438,230.22,85.943
64,5,5.3283,32.882,239.75,82.51
64,5,6.0783,30.719,213.67,78.689
64,5,4.362,33.421,252.12,87.797
64,5,5.2155,30.784,215.61,76.356
64,5,5.5273,32.034,231.82,81.98
64,5,7.0533,31.743,241.29,91.996
64,5,6.3917,31.582,217.79,68.036
64,5,4.2835,31.412,219.89,76.869
64,5,5.1861,33.213,255.94,96.369
64,5,5.2323,32.791,248.54,89.658
64,5,5.3278,30.492,209.94,74.667
64,5,3.9651,30.039,214.75,82.417
64,5,7.0747,30.757,204.49,66.164
64,5,7.2408,32.462,245.9,90.771
64,5,6.6741,31.749,239.52,89.367
64,5,6.1741,31.075,220.8,80.205
64,5,4.8063,31.853,241.41,89.509
64,5,5.7924,31.03,217.44,76.52
64,5,4.5262,31.953,237.67,89.331
64,5,7.1678,30.012,208.9,76.746
64,5,5.1515,30.419,219.84,82.44
64,5,7.0592,30.541,223.48,85.31
64,5,5.5046,30.604,197.57,65.332
64,5,4.5259,29.916,212.49,80.601
64,5,4.7385,32.303,231.03,81.568
64,5,4.5873,33.601,261.56,92.325
64,5,3.8082,31.539,243.11,92.543
64,5,4.3066,31.802,231.16,83.271
64,5,6.3834,31.491,229.44,82.914
64,5,6.155,30.786,216.98,78.767
64,5,5.6034,31.932,230.3,81.217
64,5,5.9412,30.9,220.16,78.753
64,5,4.2507,30.33,215.7,79.021
64,5,4.7115,32.061,241.44,89.064
64,5,5.1,31.574,229.16,84.43
64,5,4.4715,31.533,229.87,84.521
64,5,6.4537,31.77,235.76,87.106
64,5,5.2951,31.8,233.74,83.968
64,5,6.015,32.403,246.3,90.694
64,5,6.0999,32.431,242.69,85.816
64,5,5.0671,34.055,263.44,94.853
64,5,6.6427,32.983,243.67,84.894
64,5,3.9118,31.554,224.45,79.401
64,5,5.9748,32.74,251.98,94.631
64,5,8.0179,32.245,236.68,86.319
64,5,3.995,31.851,243.67,89.866
64,5,4.1419,30.984,217.58,78.389
64,5,5.5367,30.815,227.37,85.66
64,5,5.0234,31.125,223.91,81.705
64,5,5.1463,32.323,239.17,86.533
64,5,5.6153,30.682,222.48,82.134
64,5,6.5075,31.792,226.16,81.86
64,5,5.6441,30.566,227.45,86.053
64,5,4.7258,32.71,248.84,92.438
64,5,5.2225,30.413,211.22,73.745
64,5,4.796,32.604,243.73,89.375
64,5,5.3894,31.555,229.19,81.949
64,5,5.5334,31.24,220.94,81.323
64,5,4.8136,30.801,212.61,76.092
64,5,4.6661,31.997,239.82,88.992
64,5,5.4418,32.105,238.07,87.346
64,5,5.1781,31.816,242.54,91.03
64,5,4.1408,32.57,242.05,86.147
64,5,4.5275,30.999,213.4,73.826
64,5,6.0807,32.471,242.4,87.306
64,5,4.134,32.969,246.02,88.442
64,5,5.6989,30.06,206.29,75.391
64,5,4.9145,32.965,269.54,106.78
64,5,5.0318,31.336,225.66,81.051
64,5,4.4089,31.926,247.92,95.38
64,5,5.2903,31.164,229.1,86.407
64,5,6.42,30.752,213.85,73.703
64,5,5.9193,31.069,220.74,79.493
64,5,5.0508,31.45,225.84,81.795
64,5,4.5604,32.241,229.86,77.712
64,5,4.0059,31.012,213.44,71.735
64,5,4.7835,31.037,218.65,76.274
64,5,5.0925,31.558,244.61,93.947
64,5,6.2508,33.165,269,103.21
64,5,4.2609,32.763,245.73,89.955
64,5,4.4054,30.997,222.93,83.032
64,5,5.3669,31.942,235.97,86.312
64,5,5.5533,32.799,250.79,90.457
64,5,4.4119,31.78,228.33,80.349
64,5,3.7916,30.926,226.74,82.912
64,5,7.0466,30.81,219.71,80.341
64,5,6.0198,32.234,251.76,96.853
64,5,6.0405,33.666,255.98,92.307
64,5,4.5246,31.72,237.05,87.179
64,5,5.3417,31.742,243.42,93.946
64,5,3.9979,30.161,207.79,73.712
64,5,6.5212,31.902,223.44,80.291
64,5,4.4649,33.77,271.43,102.19
64,5,7.0307,32.451,231.72,78.842
64,5,7.7826,33.129,237.86,81.273
64,5,4.1073,31.418,225.8,81.276
64,5,7.4954,31.431,238.57,88.661
64,5,6.0325,31.69,222.02,73.419
64,5,5.4647,32.506,248.31,93.203
64,5,4.5026,32.527,242.2,85.753
64,5,4.5986,32.062,238.25,86.401
64,5,6.2938,30.414,214.35,76.861
64,5,5.9794,33.296,266.1,101.52
64,5,4.8259,30.005,193.35,66.221
64,5,4.5847,31.153,223.85,82.285
64,5,6.1799,30.307,210.22,78.195
64,5,5.1755,32.552,246.52,92.043
64,5,5.0755,32.371,242.3,87.712
64,5,5.0606,30.611,207.34,70.696
64,5,6.7743,33.19,251.37,92.34
64,5,6.6753,30.512,207.88,71.327
64,5,4.6271,30.605,217.2,79.758
64,5,7.5906,32.402,235.14,83.626
64,5,6.4039,30.991,227.39,86.918
64,5,6.1371,35.027,285.83,105.37
64,5,5.957,33.538,259.04,94.444
64,5,5.5228,31.951,237.5,85.37
64,5,5.2496,29.3,201.2,74.017
64,5,4.3703,31.222,222.67,79.634
64,5,4.2801,32.14,235.75,86.309
64,5,5.4678,32.381,228.23,78.514
64,5,4.6916,31.619,226.7,81.448
64,5,4.8269,33.849,261.36,94.202
64,5,4.1387,31.845,230.78,81.403
64,5,5.0317,31.042,207.13,69.697
64,5,4.8577,32.67,232.37,79.432
64,5,4.7871,32.49,247.49,93.165
64,5,4.8578,31.632,229.24,81.448
64,5,5.4636,30.736,219.29,78.945
64,5,5.4473,31.128,223.38,80.844
64,5,4.9417,30.731,216.88,79.972
64,5,4.4959,32.082,233.88,80.077
64,5,6.4328,31.631,232.51,86.961
64,5,5.0158,32.199,244.98,90.645
64,5,5.5407,32.2,246.99,93.967
64,5,5.1256,30.876,215.71,77.737
64,5,4.2786,30.306,208.44,70.498
64,5,4.6975,30.478,221.82,82.444
64,5,5.259,31.4,228.77,83.702
64,5,5.3683,32.106,243.89,90.276
64,5,6.3676,30.389,205.13,73.365
64,5,5.8988,34.615,266.65,92.024
64,5,5.1473,32.048,234.26,84.458
64,5,6.6535,31.989,231.29,81.734
64,5,5.2783,31.293,233.64,88.043
64,5,5.9147,31.561,232.69,84.743
64,5,4.2863,33.393,265.16,100.57
64,5,6.561,31.969,233.07,84.136
64,5,7.3211,32.542,248.25,92.887
64,5,4.4159,29.306,190.11,63.282
64,5,5.5302,32.201,252.37,95.743
64,5,4.5517,29.972,207.93,75.417
64,5,4.5417,31.232,233.32,87.285
64,5,4.9174,31.409,233.12,86.066
64,5,6.7132,34.041,262.09,93.264
64,5,4.9408,32.464,253.77,95.506
64,5,6.058,29.348,199.61,73.935
64,5,4.2404,30.833,215.1,75.594
64,5,5.7687,31.249,229.76,84.783
64,5,5.8703,33.075,251.68,92.037
64,5,5.4408,31.655,220.32,75.567
64,5,4.8377,30.599,204.52,70.342
64,5,5.7516,31.475,230.03,84.005
64,5,6.4813,32.6,253.33,96.048
64,5,4.0947,30.712,220.59,83.026
64,5,5.4201,31.59,234.25,88.144
64,5,5.862,32.069,238.82,89.119
64,5,8.4085,29.547,196.38,69.995
64,5,6.153,32.732,250.52,94.233
64,5,3.9317,31.034,229.17,85.732
64,5,8.4497,31.411,225.27,80.022
64,5,5.1793,32.855,252.23,93.663
64,5,5.1912,31.694,233.41,87.496
64,5,4.5681,30.693,219.15,80.069
64,5,5.6001,31.514,234.74,87.637
64,5,4.6221,29.52,204.23,75.007
64,5,5.6704,33.001,252.46,93.158
64,5,4.74,33.826,268.79,96.567
64,5,6.3404,32.651,231.05,78.99
64,5,5.1621,30.621,219.42,80.837
64,5,5.0146,30.574,207.55,73.245
64,5,5.2962,31.043,225.61,81.701
64,5,5.3917,32.709,255.73,93.688
64,5,7.0174,32.429,235.7,82.557
64,5,7.1208,31.563,228.33,85.379
64,5,6.3122,30.879,228.35,85.92
64,5,4.896,29.059,199.83,74.506
64,5,5.9906,33.613,258.81,94.363
64,5,5.806,31.418,229.19,84.074
64,5,4.9475,31.091,221.14,78.985
64,5,4.2211,32.687,237.88,83.066
64,5,4.8855,32.001,234.62,84.171
64,5,4.528,30.262,213.54,77.814
64,5,5.4048,31.139,220.79,78.27
64,5,5.9113,32.856,253.14,92.244
64,5,3.8177,31.164,222.96,80.991
64,5,4.3142,30.332,221,84.83
64,5,7.7932,30.524,206.99,72.504
64,5,5.3486,30.526,222.47,82.145
64,5,4.339,31.09,217.21,76.839
64,5,4.2294,30.905,223.27,82.902
64,5,4.4273,28.694,184.09,63.457
64,5,6.0211,31.13,224.53,81.578
64,5,6.82,32.336,249.1,92.643
64,5,4.8318,32.794,248.5,91.65
64,5,5.672,30.681,204.76,68.89
64,5,7.0158,30.596,222.09,82.879
64,5,6.2765,32.328,233.79,81.976
64,5,4.6578,32.352,244.73,90.609
64,5,7.3961,31.693,238.1,90.446
64,5,4.5249,33.066,248.93,87.283
64,5,5.5065,29.966,213.31,79.715
64,5,5.0532,31.175,209.01,67.886
64,5,5.922,32.05,247.42,94.001
64,5,4.9264,31.769,230.4,80.207
64,5,4.6761,29.97,202.34,71.738
64,5,6.2939,33.363,257.07,92.38
64,5,7.1788,30.964,215.7,76.144
64,5,6.0479,32.718,245.28,88.6
64,5,6.6518,34.218,253.51,86.832
64,5,5.4249,32.151,229.18,78.238
64,5,3.8292,32.326,235.28,84.742
64,5,4.2857,31.429,226.32,80.841
64,5,5.7604,31.676,241.3,89.267
64,5,6.1893,30.359,209.97,74.974
64,5,5.2743,30.832,222.68,80.415
64,5,6.128,29.587,207.3,78.046
64,5,5.3301,31.228,210.74,71.039
64,5,5.1184,30.917,210.86,72.852
64,5,4.6778,32.088,250.23,96.776
64,5,4.4737,33.471,289.19,116.34
64,5,4.2317,30.736,222.34,82.156
64,5,3.9549,31.601,233.49,86.532
64,5,5.5783,31.286,230.84,87.891
64,5,5.4564,32.608,250.91,94.695
64,5,3.4309,30.582,223.25,84.859
64,5,5.8298,30.045,203.8,70.973
64,5,5.8053,30.221,210.27,75.011
64,5,6.4308,29.992,202.09,72.143
64,5,7.0632,31.515,228.69,82.996
64,5,4.5929,34.641,283.37,103.28
64,5,5.414,31.698,228.71,79.615
64,5,5.3707,30.911,210.71,73.532
64,5,6.1909,29.318,201.8,74.953
64,5,5.2807,30.33,213.22,76.775
64,5,6.2887,31.372,232.14,86.931
64,5,4.1475,31.148,226.13,82.634
64,5,5.2407,32.515,244.22,88.136
64,5,4.4854,31.27,218,75.992
64,5,4.6516,30.715,202.98,68.027
64,5,5.7585,31.228,230.02,86.371
64,5,7.3201,33.292,255.28,90.853
64,5,5.4445,30.957,220.66,80.802
64,5,5.5149,31.304,221.14,74.737
64,5,5.2431,31.209,214.93,77.358
64,5,4.5035,32.268,240.02,89.858
64,5,7.678,29.691,191.1,65.786
64,5,4.7709,32.095,222.95,75.909
64,5,5.1878,31.573,231.65,82.967
64,5,8.9236,33.18,245.18,87.124
64,5,4.1754,32.169,235.95,85.448
64,5,5.8945,32.887,259.09,97.892
64,5,4.5861,31.377,228.05,83.04
64,5,6.2735,31.52,232.09,86.169
64,5,4.8529,30.303,211.5,77.538
64,5,5.6769,31.332,215.55,72.025
64,5,6.0859,29.8,207.47,75.828
64,5,5.9615,32.592,245.98,88.253
64,5,5.6086,33.085,256.89,95.146
64,5,4.9393,30.52,211.7,75.947
64,5,5.4362,33.348,254.59,93.111
64,5,4.3782,28.557,186.3,65.913
64,5,5.9465,30.583,199.93,70.113
64,5,5.2239,33.594,269.36,100.25
64,5,6.062,32.069,239.48,87.182
64,5,4.4883,31.735,228.92,81.41
64,5,5.4233,34.009,269.37,102.01
64,5,5.3813,31.808,237.81,85.354
64,5,5.8292,32.681,262.33,101.72
64,5,5.6034,31.817,235.11,83.883
64,5,5.4706,32.555,259.36,98.08
64,5,4.4764,32.03,244.99,89.621
64,5,5.3684,31.896,241.14,89.445
64,5,5.5,31.979,247.64,94.991
64,5,4.6094,32.193,238.3,88.061
64,5,5.1963,31.546,227.61,81.961
64,5,4.2622,29.483,191.52,68.113
64,5,5.3172,32.458,232.07,78.64
64,5,4.9899,32.401,248.54,92.655
64,5,6.8877,31.892,238.78,87.451
64,5,5.578,32.138,240.69,87.547
64,5,5.1394,30.857,214.68,76.502
64,5,4.8642,33.112,246.87,86.452
64,5,4.9379,33.968,271.89,102.17
64,5,5.4601,30.627,213.26,75.739
64,5,5.0456,31.504,229.78,83.225
64,5,4.3802,31.309,235.58,88.966
64,5,4.0213,31.835,239.62,89.817
64,5,5.6555,30.451,226.73,88.725
64,5,4.8034,31.553,237.81,90.171
64,5,6.1734,32.001,235.74,85.087
64,5,5.113,31.488,243.63,92.531
64,5,4.1728,32.469,239.49,86.393
64,5,4.5818,33.442,266.1,100.73
64,5,5.8445,30.559,222.26,83.513
64,5,6.8161,32.316,238.65,86.762
64,5,4.6772,30.736,207.94,72.8
64,5,5.6804,31.979,248.71,95.76
64,5,5.2363,32.725,242.73,86.397
64,5,5.5133,30.364,215.8,80.613
64,5,5.1708,34.145,269.15,97.294
64,5,7.0831,31.644,228.4,82.597
64,5,5.2369,31.571,220.95,78.912
64,5,4.3823,29.913,213.75,78.681
64,5,7.4718,32.54,232.38,79.671
64,5,6.1922,30.678,216.79,79.348
64,5,3.6187,31.575,236.38,87.634
64,5,7.1998,31.569,231.4,85.12
64,5,4.6051,32.75,250.62,94.868
64,5,5.7031,31.719,233.92,83.6
64,5,4.8746,31.854,234.37,85.478
64,5,6.5809,30.811,219.4,81.099
64,5,6.6302,33.326,252.6,93.016
64,5,5.2715,32.327,249.3,92.868
64,5,5.7963,31.351,223.59,80.808
64,5,5.1097,30.968,218.44,78.609
64,5,4.8677,33.068,235.23,78.759
64,5,6.7164,31.483,226.16,82.644
64,5,5.4546,31.419,237.39,88.611
64,5,5.2326,33.146,256.5,94.752
64,5,4.7836,30.491,208.48,71.202
64,5,5.1531,29.391,193.92,68.319
64,5,4.8064,32.016,238.83,86.984
64,5,5.9882,31.76,240.11,91.381
64,5,8.4356,32.17,248.08,95.216
64,5,4.7542,32.751,237.4,83.952
64,5,5.283,31.529,237.94,88.952
64,5,5.5256,30.683,212.24,76.353
64,5,5.8763,32.884,244.11,84.867
64,5,5.3787,31.23,209.18,67.465
64,5,4.3342,31.517,224.62,81.088
64,5,6.5333,32.05,236.02,87.555
64,5,5.7616,32.171,237.04,86.319
64,5,4.7449,31.135,222.95,79.009
64,5,6.745,32.73,241.84,83.216
64,5,5.542,31.496,236.6,88.807
64,5,4.4109,30.675,228.83,87.512
64,5,6.4676,32.603,245.27,90.658
64,5,6.3223,30.238,210.31,76.225
64,5,5.2032,30.652,218.96,81.377
64,5,5.7715,32.85,248.26,89.293
64,5,6.7542,32.636,255.2,96.997
64,5,5.4072,32.263,228.24,80.88
64,5,6.1608,29.124,186.91,65.072
64,5,4.5973,30.27,206.2,71.538
64,5,4.1987,30.918,223.52,81.241
64,5,6.7416,32.787,249.71,90.269
64,5,6.0316,32.11,235.23,82.922
64,5,4.7751,30.031,210.48,77.424
64,5,5.2881,30.401,212.25,75.663
64,5,5.3536,30.227,219.94,84.538
64,5,7.9345,30.629,213.03,78.752
64,5,4.3115,31.157,223.55,81.232
64,5,4.8676,29.743,204,72.597
64,5,4.8923,30.708,214.91,78.086
64,5,5.088,31.426,205.42,67.253
64,5,5.0907,29.838,199.9,72.82
64,5,7.2577,34.101,264.06,92.916
64,5,6.5246,33.112,244.11,86.157
64,5,4.6286,33.016,265.41,104.09
64,5,4.4537,31.823,225.18,81.34
64,5,5.0189,32.779,245.71,87.637
64,5,3.8871,31.236,233.72,86.764
64,5,4.2717,31.336,234.36,87.893
64,5,4.1734,32.693,252.53,94.059
64,5,6.5214,29.854,209.98,79.487
64,5,5.8097,30.565,215.54,79.223
64,5,5.488,33.133,252.76,89.44
64,5,5.1835,32.447,237.37,86.61
64,5,5.2949,32.103,234.32,82.461
64,5,5.188,31.28,226.13,82.082
64,5,6.4919,32.527,253.21,96.677
64,5,4.4886,31.889,246.29,94.669
64,5,4.5292,32.16,234.21,84.919
64,5,5.569,31.941,246.11,94.329
64,5,6.3315,31.518,233.69,83.793
64,5,6.0075,31.44,218.71,75.762
64,5,4.647,33.352,265.64,98.387
64,5,5.0742,31.931,235.36,84.192
64,5,5.2752,30.78,225.6,84.612
64,5,5.4363,30.993,217.2,78.329
64,5,5.5535,31.998,245.05,91.766
64,5,4.8002,31.545,226.02,82.4
64,5,5.1102,32.623,244.63,88.329
64,5,8.2764,31.343,242.76,96.22
64,5,4.9529,32.673,226.07,75.596
64,5,5.7769,31.229,219.73,78.244
64,5,4.8908,32.916,231.57,76.963
64,5,5.6418,31.68,241.01,91.105
64,5,6.4476,30.771,230.79,87.88
64,5,5.1493,35.414,300.19,113.1
64,5,5.9909,32.513,248.81,93.236
64,5,5.2435,32.5,243,85.339
64,5,5.6748,32.683,246.89,91.501
64,5,4.0695,31.255,220.43,79.289
64,5,4.5345,31.879,230.34,81.419
64,5,5.5982,32.435,233.69,80.139
64,5,4.7642,31.073,219.31,78.735
64,5,6.2392,31.43,234.41,85.994
64,5,5.652,29.903,204.04,73.674
64,5,6.8897,33.221,254.32,90.471
64,5,5.7924,31.46,223.17,77.965
64,5,5.1818,31.576,222.45,78.756
64,5,6.1797,32.601,243.77,87.074
64,5,4.8249,31.867,239.92,87.843
64,5,4.5059,31.815,232.82,86.296
64,5,5.7684,31.543,237.3,89.664
64,5,5.4871,31.52,215.92,72.33
64,5,4.3689,31.805,240.99,89.609
64,5,5.1024,32.1,235.63,85.54
64,5,4.3913,32.758,247.87,91.975
64,5,5.2394,32.891,256.48,97.194
64,5,4.4483,32.473,241.38,86.95
64,5,4.7473,30.818,218.04,78.507
64,5,4.4003,29.985,206.12,73.837
64,5,5.9061,32.032,249.87,97.054
64,5,4.4163,32.518,252.46,94.429
64,5,5.3522,32.233,236.41,84.773
64,5,5.3082,32.048,227.1,81.122
64,5,6.3878,31.72,226.7,77.308
64,5,5.3147,32.688,234.44,78.936
64,5,4.7544,30.553,219.8,82.212
64,5,5.2921,30.843,224.54,86.343
64,5,6.0462,31.952,237.34,86.514
64,5,4.4879,32.729,246.88,90.562
64,5,5.1265,30.581,212.14,72.936
64,5,5.1302,30.399,221.9,83.232
64,5,4.5661,33.051,252.58,91.997
64,5,3.8131,32.588,238.78,85.283
64,5,6.6337,32.497,232.91,78.186
64,5,5.5343,31.66,238.11,87.106
64,5,5.2025,30.569,218.21,79.805
64,5,4.6987,34.761,289.92,111.4
64,5,6.4127,32.023,246.26,93.709
64,5,5.6703,31.99,238.82,89.825
64,5,6.431,31.629,227.88,77.833
64,5,4.9634,31.159,212.96,72.037
64,5,5.6282,31.802,220.4,77
64,5,4.9599,31.282,223.64,82.825
64,5,4.6675,30.348,222.87,83.824
64,5,4.1323,33.543,257.36,92.494
64,5,5.8216,31.852,233.05,82.756
64,5,5.531,29.665,204.37,75.796
64,5,4.8583,30.835,217.45,78.154
64,5,6.0834,31.181,226.37,78.484
64,5,7.1394,30.558,208.35,75.857
64,5,6.0144,30.349,210.35,72.11
64,5,6.0231,31.124,229.25,86.221
64,5,4.6774,30.818,217.21,78.336
64,5,6.253,33.09,239.33,80.779
64,5,5.0581,31.879,238.33,87.94
64,5,5.3217,31.133,223.32,81.023
64,5,4.6366,32.813,241.87,86.414
64,5,4.9558,30.567,211.74,73.254
64,5,5.5054,29.907,193.05,65.759
64,5,5.0146,30.608,218.34,80.885
64,5,4.6267,30.458,217.29,82.511
64,5,9.177,32.662,236.31,82.086
64,5,5.6444,31.012,223.96,84.489
64,5,4.1355,32.758,237.68,80.125
64,5,7.6008,33.864,268.44,101.15
64,5,6.0401,29.214,193.91,69.244
64,5,5.3082,33.252,237.97,78.199
64,5,6.056,35.498,295.22,109.63
64,5,5.6299,30.746,225.46,83.932
64,5,4.8061,32.491,237.88,86.006
64,5,6.115,34.135,282.69,107.45
64,5,6.7796,33.48,261.74,96.989
64,5,5.4413,29.895,209.77,78.479
64,5,3.9959,32.93,264.94,101.37
64,5,7.4847,31.883,238.87,89.296
64,5,6.8848,30.704,222.58,84.119
64,5,4.3789,30.681,230.99,90.13
64,5,4.5753,31.209,238.56,92.87
64,5,5.1622,31.396,230.67,86.529
64,5,3.9839,31.746,236.16,87.788
64,5,5.4528,29.089,185.2,65.516
64,5,5.2378,29.605,204.79,75.763
64,5,3.8311,34.488,288.16,108.6
64,5,7.7344,31.888,224.16,76.633
64,5,4.887,31.849,235.76,86.399
64,5,4.2905,31.52,234.51,87.362
64,5,8.9013,32.252,246.89,93.154
64,5,6.2037,31.185,226.91,82.77
64,5,5.6271,31.09,221.11,80.359
64,5,5.4199,31.645,218.31,74.837
64,5,6.3747,30.95,215.47,78.436
64,5,5.9858,30.66,210.7,75.551
64,5,5.0992,31.965,246.4,94.717
64,5,5.9881,30.371,210.86,77.406
64,5,5.4108,31.326,218.88,78.003
64,5,4.637,31.067,216.88,76.358
64,5,4.358,31.143,223.88,79.229
64,5,4.8579,30.988,220.7,79.153
64,5,6.6518,31.544,224.78,81.338
64,5,4.6386,32.972,237,80.894
64,5,7.2364,31.103,230,85.576
64,5,3.9627,31.381,227.59,79.526
64,5,4.8915,31.235,236.6,92.081
64,5,6.8867,33.338,255.65,94.701
64,5,4.2568,31.947,231.76,82.87
64,5,5.0236,29.459,208.21,77.603
64,5,5.6469,31.39,227.93,84.319
64,5,4.6422,30.54,210.8,73.097
64,5,3.8163,31.057,216.61,76.218
64,5,4.563,32.696,241.42,86.847
64,5,4.4573,32.097,247.8,93.573
64,5,5.5525,30.658,216.35,74.76
64,5,4.5179,32.189,241.52,86.801
64,5,6.2316,30.481,214.57,77.674
64,5,5.6335,33.915,261.57,91.606
64,5,4.5591,30.49,231.33,89.869
64,5,5.6897,32.82,244.29,87.037
64,5,5.6001,32.518,242.29,89.006
64,5,6.7826,31.72,244.37,92.582
64,5,4.9797,31.216,218.2,75.048
64,5,5.8347,32.591,238.07,81.854
64,5,6.3135,29.451,193.33,66.255
64,5,5.8368,31.365,221.67,80.334
64,5,5.7496,31.128,231.78,87.619
64,5,5.9089,31.64,243.57,93.268
64,5,6.1958,32.077,222.94,74.178
64,5,4.8858,33.664,266.42,97.822
64,5,5.3378,31.935,242.18,90.864
64,5,4.7287,32.192,247.83,94.152
64,5,4.9765,32.447,234.85,84.328
64,5,4.7889,31.31,235.79,90.408
64,5,5.8272,32.014,246.95,94.893
64,5,4.4847,32.281,245.63,90.618
64,5,5.0386,32.515,248.99,93.281
64,5,5.3317,30.078,212.07,77.797
64,5,6.0117,32.245,238.73,89.429
64,5,6.7073,32.06,238.92,87.563
64,5,3.519,30.253,220.46,82.287
64,5,5.9194,33.523,255.21,93.288
64,5,5.0161,28.973,188.61,66.689
64,5,4.7466,32.201,233.26,84.09
64,5,5.8585,31.138,230.03,86.136
64,5,4.9612,31.446,228.43,84.676
64,5,4.5332,29.69,211.37,78.039
64,5,8.5116,35.04,283.52,104.74
64,5,7.1198,32.662,243.38,87.629
64,5,6.0093,31.179,229.51,85.139
64,5,5.6728,32.394,234.58,83.352
64,5,5.8648,30.773,204.99,68.168
64,5,4.1928,31.781,222.01,75.855
64,5,7.2232,30.731,216.55,78.588
64,5,4.6351,30.306,216.51,79.048
64,5,4.9646,31.488,233.43,86.543
64,5,5.9672,32.233,230.96,81.594
64,5,6.0889,28.696,186.32,65.186
64,5,5.1931,32.725,248.49,92.99
64,5,6.3918,32.385,237.67,84.397
64,5,6.5409,30.404,218.13,80.181
64,5,6.8478,31.626,225.67,81.55
64,6,5.3597,34.422,282.74,105.72
64,6,5.8401,32.64,248.4,91.288
64,6,4.1589,34.29,285.31,107.67
64,6,6.3085,36.048,282.19,95.247
64,6,6.9542,35.906,296.46,108.37
64,6,5.8687,33.493,271.63,102.85
64,6,6.8477,33.556,276.91,108.54
64,6,6.0723,32.692,247.3,93.046
64,6,4.7992,33.804,261.47,93.649
64,6,4.9065,34.788,272.54,98.122
64,6,5.555,32.135,250.66,96.409
64,6,6.0684,32.252,248.34,92.733
64,6,6.7651,33.983,274.3,102.7
64,6,9.9908,33.877,270.63,102.14
64,6,5.3682,33.878,279.99,107.39
64,6,5.6511,33.241,255.13,90.31
64,6,6.5964,34.506,278.14,103.79
64,6,4.6445,36.203,315.44,120.44
64,6,7.0571,33.658,258.64,93.509
64,6,6.7775,35.062,287.12,107.79
64,6,8.4601,34.472,275.14,102.89
64,6,5.5018,34.356,277.19,103.28
64,6,8.6157,35.782,314.72,122.08
64,6,6.697,35.284,297.09,110.19
64,6,5.8177,35.342,292.65,106.78
64,6,4.9429,34.441,282.57,107.71
64,6,5.8554,34.226,266.27,95.173
64,6,6.4607,34.867,288.41,107.11
64,6,6.0353,33.618,264.39,98.033
64,6,5.8019,32.739,234.09,81.282
64,6,4.5996,33.93,278.74,106.91
64,6,5.7855,35.38,281.08,101.98
64,6,5.0331,34.893,288.9,109.21
64,6,6.0602,34.615,289.71,111.11
64,6,5.8224,36.578,337.05,133.97
64,6,6.2181,34.113,269.03,98.605
64,6,7.2515,33.386,233.12,77.484
64,6,4.9888,35.82,284.59,96.274
64,6,5.6062,34.41,265.91,95.585
64,6,5.7185,32.392,243.62,89.652
64,6,7.0156,34.497,290.09,111.47
64,6,6.3476,32.374,246.22,89.216
64,6,5.4002,33.848,261.72,93.312
64,6,4.8052,33.534,270.2,102.77
64,6,6.3969,34.596,281.78,106.12
64,6,5.3629,36.384,320.11,121.72
64,6,4.0418,32.267,248.12,91.795
64,6,6.8985,35.189,277.14,96.005
64,6,6.5946,31.453,231.2,84.921
64,6,4.4307,32.867,250.99,93.803
64,6,4.5631,36.218,318.13,121.94
64,6,5.8888,32.761,241.24,84.612
64,6,6.5129,33.247,264.04,101.07
64,6,7.0998,34.159,265.55,95.438
64,6,7.5953,31.42,228.55,85.046
64,6,5.1841,32.809,245.02,89.868
64,6,6.8372,33.289,265.48,101.08
64,6,4.809,34.427,282.43,105.8
64,6,5.4992,33.713,248.82,84.993
64,6,5.1916,34.156,285.5,111.4
64,6,6.3979,35.122,286.67,105.47
64,6,4.8835,32.798,253.4,93.183
64,6,4.7574,35.517,315.56,124.52
64,6,6.3067,35.762,298.67,106.79
64,6,5.6227,33.718,261.92,99.574
64,6,5.5791,33.08,265.22,103.03
64,6,4.8514,34.331,275.35,103.11
64,6,5.3345,33.43,269.59,106.67
64,6,3.8729,31.402,238.99,90.238
64,6,7.2233,34.11,285.17,109.54
64,6,6.0951,32.815,265.98,103.69
64,6,4.8148,34.095,266.85,95.42
64,6,4.4799,34.781,297.6,117.33
64,6,5.0311,31.543,241.06,92.16
64,6,6.3124,31.686,234.15,86.293
64,6,7.7148,35.436,302.42,116.49
64,6,5.9856,34.441,289.05,112.02
64,6,4.5059,35.951,301.64,110.52
64,6,7.5286,35.351,294.11,110.54
64,6,6.8638,33.665,266.62,100.95
64,6,5.5244,32.824,244.75,90.29
64,6,5.581,34.272,265.48,97.74
64,6,3.9914,34.257,262.37,91.508
64,6,5.8439,32.799,256.03,97.066
64,6,5.404,35.625,298.75,110.93
64,6,5.1437,32.694,257.37,98.938
64,6,4.7283,32.751,254.62,96.96
64,6,5.1696,35.29,299.1,115.7
64,6,4.9738,35.25,309.07,122.45
64,6,5.4837,33.285,248.5,87.424
64,6,6.1888,33.991,270.12,97.618
64,6,7.9927,36.322,312.55,116.05
64,6,5.7046,33.051,250.24,92.834
64,6,6.5205,33.51,268.52,101.59
64,6,5.7226,34.253,269.21,98.355
64,6,4.516,32.522,256.69,97.716
64,6,4.8762,34.997,281.16,100.77
64,6,6.0878,33.382,260.4,95.984
64,6,4.7886,32.782,257.57,98.387
64,6,6.2517,33.471,268.62,104.18
64,6,6.8332,32.763,248.12,89.949
64,6,6.262,35.744,306.3,117.42
64,6,4.9658,34.248,271.01,96.532
64,6,5.2331,33.81,274.4,106.35
64,6,6.3808,32.619,249.57,94.694
64,6,5.5881,34.88,295.48,113.07
64,6,5.002,32.313,241.38,86.758
64,6,5.5901,34.195,272.95,101.65
64,6,4.7044,33.319,250.42,89.173
64,6,4.6944,35.284,299,114.18
64,6,5.4907,31.7,243.28,91.149
64,6,5.7969,33.161,250.28,90.47
64,6,5.5542,34.011,302.5,123.73
64,6,5.5942,34.637,292.37,113.76
64,6,5.8055,35.796,305.27,113.9
64,6,4.5597,31.809,237.07,84.125
64,6,5.7753,34.377,276.32,100.71
64,6,5.1347,33.424,251.5,87.044
64,6,5.566,33.099,264.93,103.45
64,6,6.9679,33.728,276.37,104.44
64,6,6.721,33.61,263.79,97.858
64,6,6.0265,33.189,253.57,94.48
64,6,5.3756,32.068,245.58,94.531
64,6,4.4553,33.564,278.06,108.65
64,6,5.3515,33.902,262.97,96.506
64,6,5.3257,34.461,295.33,117.55
64,6,4.4888,35.935,301.02,112.36
64,6,7.4228,36.5,327.73,127.75
64,6,5.8662,31.691,232.73,86.578
64,6,5.7914,35.491,281.55,97.804
64,6,5.7835,33.911,277.98,107.24
64,6,4.5096,35.112,289.36,109.67
64,6,6.3278,33.642,279.17,109.42
64,6,10.903,33.447,261.48,96.878
64,6,4.574,32.599,253.93,97.138
64,6,5.7944,33.207,261.66,98.832
64,6,5.0959,34.67,288.4,109.23
64,6,6.6103,34.374,269.7,98.492
64,6,5.839,35.491,304.18,118
64,6,5.5884,31.67,242.97,91.598
64,6,9.8372,33.641,275.94,107.33
64,6,6.6086,34.733,282.47,106.58
64,6,5.674,32.982,246.56,88.569
64,6,6.0808,35.084,288.14,106.98
64,6,5.5339,33.556,257.15,89.077
64,6,5.6403,34.379,286.52,111.09
64,6,3.9109,35.231,292.84,106.92
64,6,5.7304,33.159,262.46,97.861
64,6,6.4048,33.904,269.11,98.863
64,6,6.3441,34.973,309.62,124.27
64,6,5.8353,35.207,298.64,113.92
64,6,5.4572,36.208,294.46,106.76
64,6,4.7685,36.355,301.92,113.63
64,6,4.8422,34.251,277.6,105.21
64,6,5.5762,34.458,280.61,104.36
64,6,7.1327,32.06,224.05,74.83
64,6,4.9549,33.738,271.5,103.69
64,6,5.9723,33.933,269.87,96.266
64,6,6.4959,34.476,268.14,94.063
64,6,4.156,33.27,257.22,96.287
64,6,5.8899,34.621,289.17,111.79
64,6,5.712,32.603,261.12,101.59
64,6,6.2328,35.612,301.09,114.98
64,6,7.1813,37.212,326.6,122.55
64,6,6.7436,34.893,272.17,95.972
64,6,5.7437,34.184,277.41,105.29
64,6,4.6642,36.114,310.42,117.32
64,6,4.9848,32.979,256.22,94.835
64,6,6.2548,34.804,278.46,103.68
64,6,5.3978,35.003,291.56,112.69
64,6,5.9006,33.456,256.91,93.883
64,6,7.6013,33.94,286.4,113.71
64,6,5.1584,34.486,287.49,111.71
64,6,3.9814,33.46,270.37,102.69
64,6,5.7861,32.511,251.57,94.956
64,6,5.7071,33.256,249.77,91.577
64,6,5.4185,34.933,286.92,108.34
64,6,5.6496,35.79,310.33,118.12
64,6,5.2352,32.958,255.91,96.986
64,6,5.6461,36.138,301.46,113.25
64,6,5.432,33.059,261.23,96.462
64,6,6.2482,34.951,287.86,105.98
64,6,4.8602,34.768,292.85,112.21
64,6,5.7208,34.151,287.38,110.13
64,6,6.0215,33.875,268.57,101.36
64,6,7.5274,34.116,284.07,110.81
64,6,5.7861,34.022,282.38,109.96
64,6,5.7765,34.048,267.49,97.3
64,6,5.8296,33.137,254.92,93.407
64,6,7.5628,35.056,272.03,93.083
64,6,4.2663,33.029,269.03,103.2
64,6,5.2679,33.652,260.15,93.496
64,6,5.969,33.353,255.02,91.181
64,6,4.9942,33.289,256.45,93.824
64,6,5.3374,34.247,271.35,97.988
64,6,5.6983,34.934,289,109.82
64,6,6.1441,33.194,253.06,92.925
64,6,6.3425,33.913,275.46,102.21
64,6,4.5157,36.3,298.58,108.64
64,6,6.203,35.996,303.74,111.7
64,6,5.8047,33.196,258.15,94.984
64,6,5.4543,33.916,276.96,105.63
64,6,5.4159,33.73,265.6,94.959
64,6,6.1294,33.525,273.05,105.86
64,6,8.9771,33.211,274.03,109.51
64,6,8.5635,34.805,286.89,105.67
64,6,6.2268,31.935,241.43,92.038
64,6,4.5587,34.189,274.2,103.9
64,6,4.8525,35.327,306.12,117.39
64,6,6.4724,37.69,329.39,122.5
64,6,7.8458,34.064,277.3,103
64,6,6.7695,33.868,273.85,105.03
64,6,4.4682,34.6,286.95,107.75
64,6,5.2457,34.327,280.99,105.23
64,6,5.9777,33.181,249.98,88.035
64,6,4.9189,33.206,275.8,110.62
64,6,4.9498,33.754,265.29,98.223
64,6,5.013,32.207,248.38,94.152
64,6,5.6861,35.689,298.83,111.07
64,6,5.5916,35.064,287.2,107.21
64,6,4.1234,34.266,293.26,116.03
64,6,5.0803,33.918,271.63,100.54
64,6,5.8802,36.709,301.71,109.33
64,6,6.1204,34.587,288.92,111.21
64,6,5.1052,35.355,283.99,104.65
64,6,6.3623,34.92,293.08,109.58
64,6,5.5734,33.623,270.36,102.26
64,6,5.815,33.442,274.18,104.72
64,6,4.2265,32.349,250.8,96.557
64,6,7.4922,33.851,269.42,100.96
64,6,4.4926,36.071,296.77,108.3
64,6,7.6687,33.761,260.62,94.883
64,6,4.48,35.128,285.84,104.46
64,6,5.0715,31.671,237.91,89.511
64,6,4.6102,35.835,306.68,116.01
64,6,5.1618,36.241,315.09,117.72
64,6,5.3447,32.634,253.31,94.958
64,6,5.8007,33.359,256.85,92.12
64,6,5.4648,34.002,284.34,106.39
64,6,6.4478,32.87,258.85,99.502
64,6,6.1342,34.569,270.24,97.921
64,6,6.7873,33.191,254.78,93.913
64,6,5.5137,32.492,254.36,96.547
64,6,5.5662,33.93,278.3,106.63
64,6,5.9964,33.277,257.24,97.082
64,6,4.3275,35.363,292.66,109.16
64,6,6.055,35.135,286.99,105.99
64,6,7.0858,35.971,313.4,121.81
64,6,7.1424,32.84,265.18,101.84
64,6,6.4682,33.169,248.53,92.079
64,6,6.0679,31.284,223.89,83.522
64,6,5.9333,33.805,278.8,108.36
64,6,5.9261,35.015,290.5,111.65
64,6,5.5371,33.178,264.62,101.29
64,6,4.9671,33.184,261.18,97.912
64,6,4.7916,33.265,258.79,98.288
64,6,5.065,34.453,283.45,107.57
64,6,5.8445,35.774,292.04,101.14
64,6,4.9787,34.111,281.9,106.66
64,6,5.8773,33.509,265.47,97.502
64,6,8.0477,37.324,314.46,112.9
64,6,6.3458,34.512,276.42,101.09
64,6,4.7557,33.392,258.98,95.865
64,6,6.893,34.482,286.04,111.21
64,6,7.0863,36.56,316.41,120.77
64,6,5.1217,35.15,293.6,112.7
64,6,6.2578,31.975,251.73,98.472
64,6,6.3053,34.771,278.29,102.37
64,6,5.4917,34.735,292.21,110.57
64,6,5.1189,35.501,303.72,113.9
64,6,5.8029,33.793,277.89,105.57
64,6,5.325,34.8,283.17,98.371
64,6,5.9581,33.434,265.5,102.27
64,6,4.8177,32.562,246.96,88.895
64,6,5.3256,32.695,257.21,97.564
64,6,4.9071,34.63,286.62,110.04
64,6,5.5865,35.146,281.6,105
64,6,4.9699,33.22,268.02,104.2
64,6,5.2852,34.15,273.5,100.63
64,6,5.5689,35.758,281.19,96.123
64,6,7.3409,33.97,273.77,102.45
64,6,4.4233,33.606,277.27,109.03
64,6,6.721,34.754,275.95,98.923
64,6,6.0156,34.663,292.45,111.76
64,6,5.5653,32.652,247.9,91.401
64,6,6.1723,33.291,270.22,105.31
64,6,4.6877,34.194,278.68,106.08
64,6,6.7323,33.997,285.09,112.88
64,6,7.1938,33.632,264.5,99.968
64,6,6.1527,35.393,292.88,108.94
64,6,5.979,34.371,279.94,105.41
64,6,6.2015,33.26,269.69,105.13
64,6,4.7864,33.412,265.42,100.68
64,6,4.7935,35.095,296.6,113.03
64,6,5.4171,31.621,231.52,87.461
64,6,5.1163,34.832,283.59,105.64
64,6,7.2776,31.903,238.24,86.946
64,6,5.2232,34.693,286.71,107.35
64,6,6.6609,33.4,265.69,103.78
64,6,6.1617,32.718,246.73,91.474
64,6,4.579,35.436,303.71,115.76
64,6,4.9987,33.03,264.05,100.7
64,6,5.2408,33.321,270.8,103.94
64,6,6.6841,32.248,250.99,96.773
64,6,6.9418,34.004,273.96,103.51
64,6,6.0432,34.474,282.79,109.74
64,6,5.1936,34.089,269.49,95.036
64,6,5.4881,33.652,277.42,107.57
64,6,5.4739,35.119,285.95,107.4
64,6,5.7001,34.12,268.67,98.117
64,6,4.5968,34.108,272.78,99.461
64,6,6.1676,33.869,258.8,95.411
64,6,6.4156,35.439,300.64,113.67
64,6,9.7469,33.184,250.74,90.986
64,6,6.4665,33.61,276.94,106.05
64,6,7.3381,33.622,269.77,101.23
64,6,5.0315,35.311,294.9,110.26
64,6,4.6158,31.674,239.63,90.73
64,6,5.3603,33.399,252.08,93.31
64,6,6.0067,37.412,330.62,125.54
64,6,6.6346,36.476,311.02,112.69
64,6,5.6291,35.169,292.65,110.68
64,6,7.1838,34.106,279.16,106.32
64,6,5.4484,32.986,260.78,99.153
64,6,10.642,32.24,241.49,87.716
64,6,6.9898,36.84,322.26,122.45
64,6,5.8311,33.76,270.2,100.65
64,6,5.3537,35.17,285.04,103.2
64,6,5.6522,34.905,283.3,104.95
64,6,5.4576,36.416,323.58,124.63
64,6,5.125,35.548,295.76,108.93
64,6,6.5642,34.634,264.19,93.334
64,6,5.7806,32.84,234.23,82.132
64,6,5.2076,33.889,284.32,112.57
64,6,5.7111,34.246,280.91,104.94
64,6,4.4082,34.08,275.3,104.31
64,6,5.1197,32.588,245.77,87.6
64,6,4.97,33.808,268.22,99.526
64,6,5.3018,33.563,268.27,98.568
64,6,4.4759,34.417,266.27,91.716
64,6,6.5025,33.481,264.91,101.66
64,6,7.2476,32.748,235.44,81.9
64,6,6.6347,32.749,244.9,88.485
64,6,4.9868,34.075,273.97,101.89
64,6,4.9987,33.737,260.97,93.066
64,6,4.9756,33.253,265.01,101.55
64,6,5.3074,35.065,292.43,112.1
64,6,6.6214,35.225,286.77,106.24
64,6,6.1892,35.598,296.59,109.52
64,6,6.2369,35.67,292.44,107.25
64,6,5.0089,33.483,266.91,100.05
64,6,5.3257,33.848,260.85,96.503
64,6,6.2778,35.808,300.09,110.69
64,6,4.883,34.923,307.26,123.06
64,6,5.9184,34.792,279.61,102.19
64,6,7.4831,32.114,239.88,86.446
64,6,8.2202,35.281,289.84,106.78
64,6,5.5781,33.984,264.39,94.671
64,6,6.2382,33.888,264.8,96.8
64,6,4.794,36.094,303.06,110.35
64,6,5.1306,34.191,288.23,111.65
64,6,5.0822,33.654,263.17,97.549
64,6,5.0761,34.859,290.69,111.16
64,6,6.864,33.855,274.82,104.73
64,6,6.8145,33.957,265.09,92.591
64,6,8.5025,35,285.03,102.35
64,6,5.0059,35.906,312.31,119.37
64,6,5.1021,34.715,291.58,112.52
64,6,4.8182,35.384,305.68,117.39
64,6,5.4649,33.542,263.49,96.65
64,6,4.8917,33.583,262.03,98.65
64,6,6.0876,33.698,275.28,103.97
64,6,6.8076,33.284,249.94,88.303
64,6,5.5538,33.919,272.88,106.07
64,6,4.6302,34.449,279.9,106.18
64,6,7.6141,35.185,302.79,116.67
64,6,5.3019,34.691,294.95,114.57
64,6,4.7445,32.352,251.05,96.025
64,6,5.8485,34.597,296.04,116.38
64,6,6.827,34.737,284.35,104.01
64,6,6.9547,34.423,278.11,102.33
64,6,5.7249,35.233,286.19,106.28
64,6,7.9319,34.83,298.59,118.68
64,6,7.5836,33.95,277.13,106.49
64,6,6.2751,35.553,309.07,119.11
64,6,6.251,34.184,264.88,96.922
64,6,6.227,35.353,278.61,97.558
64,6,5.0419,34.687,284.33,108.21
64,6,5.6874,34.454,297.48,118.13
64,6,6.6232,33.516,270.4,102.49
64,6,5.3133,35.562,300.44,110.5
64,6,6.948,33.393,251.91,88.513
64,6,4.0987,34.172,278.74,104.67
64,6,6.8047,32.894,255.55,96.041
64,6,4.8916,33.82,268.87,100.26
64,6,4.6958,33.129,256,96.916
64,6,6.005,34.336,265.18,93.017
64,6,6.4502,33.378,273.94,106.03
64,6,5.981,34.941,295.58,115.52
64,6,7.1356,35.434,301.03,115.12
64,6,6.5747,33.905,269.14,102.16
64,6,7.8953,33.819,269.44,101.17
64,6,4.7319,31.835,227.87,78.316
64,6,5.0702,34.642,291.07,110.09
64,6,7.1966,32.655,255.7,94.619
64,6,6.5719,34.459,288.58,112.77
64,6,4.7695,35.418,297.17,110.68
64,6,8.1489,32.524,245.91,91.644
64,6,6.9129,33.333,260.76,95.723
64,6,5.7074,33.331,260.86,99.139
64,6,7.6739,34.935,284.99,104.51
64,6,6.1105,34.603,280.11,103.81
64,6,5.3047,33.562,266.35,102.77
64,6,4.5311,34.299,282.48,109.06
64,6,6.4904,32.474,240.22,87.51
64,6,4.8487,35.126,293.6,109.82
64,6,5.2466,32.801,262.43,100.8
64,6,5.7983,33.565,263.01,97.765
64,6,5.695,33.474,279.87,111.4
64,6,5.1113,33.907,275.97,106.11
64,6,6.883,34.13,276.42,103.56
64,6,5.3352,33.139,259.49,97.408
64,6,5.773,32.045,245.56,91.465
64,6,6.8846,34.396,283.54,108.8
64,6,5.673,33.253,260.84,99.628
64,6,5.3473,34.65,280.12,103.97
64,6,4.1232,32.903,254.25,96.009
64,6,4.4571,35.218,302.25,115.93
64,6,5.7087,33.178,263.67,101.39
64,6,4.9747,33.561,282.07,111.75
64,6,7.6346,34.08,262.61,94.846
64,6,5.0608,33.06,256.33,96.343
64,6,4.9414,33.073,246.28,83.73
64,6,5.7457,33.168,262.75,98.874
64,6,5.2025,32.455,234.07,83.368
64,6,4.3242,34.032,246.95,81.759
64,6,5.0059,34.945,289.49,105.39
64,6,4.8911,36.594,315.68,120.82
64,6,6.4045,33.726,262.77,97.047
64,6,4.6144,33.147,268.4,103.76
64,6,4.7781,36.022,323.81,126.33
64,6,8.8553,33.344,265.26,102.26
64,6,5.425,33.137,247.54,86.208
64,6,6.5997,33.961,268.69,99.903
64,6,4.9796,34.538,263.85,92.94
64,6,4.6089,33.794,282.57,110.13
64,6,6.7981,34.733,282.7,106.63
64,6,5.7504,33.372,262.94,99.789
64,6,6.6274,33.183,251.66,90.774
64,6,6.6347,35.178,274.64,98.564
64,6,5.6677,34.63,272.41,100.66
64,6,5.1359,33.642,257.39,89.251
64,6,4.6039,32.673,236.35,83.762
64,6,5.5754,33.454,265.66,100.41
64,6,5.1633,33.706,261.49,95.766
64,6,4.75,32.99,252.46,93.151
64,6,4.625,34.087,267.19,96.925
64,6,4.8648,33.193,268.53,103.06
64,6,5.5825,34.559,264.11,91.29
64,6,5.7821,33.6,261.88,90.361
64,6,4.795,32.583,246.67,92.058
64,6,5.3108,32.36,253.04,96.766
64,6,6.6232,34.579,290.83,109.99
64,6,6.2803,33.749,266.52,98.782
64,6,4.5199,34.671,299.31,116.05
64,6,7.5149,33.173,260.37,96.293
64,6,6.3023,34.04,269.54,98.578
64,6,6.0994,35.96,308.28,117.43
64,6,4.7989,35.368,302.47,117.09
64,6,7.5584,33.552,263.24,99.092
64,6,5.6654,33.608,263.19,97.784
64,6,9.8789,32.769,244.56,85.973
64,6,6.4564,34.181,272.78,101.08
64,6,5.8995,32.07,251.82,98.565
64,6,6.1211,33.207,264.59,103.49
64,6,5.1988,33.652,263.4,94.933
64,6,4.5944,35.015,292.5,110.02
64,6,9.1723,33.844,252.67,89.032
64,6,4.9072,33.01,250.22,90.273
64,6,7.1078,33.331,260.36,96.417
64,6,4.6014,34.649,294.39,114.43
64,6,7.9624,33.703,278.41,107.4
64,6,5.3522,32.629,259.56,100.74
64,6,4.8216,33.993,261.3,91.942
64,6,4.7877,34.926,290.85,112.72
64,6,8.6742,34.741,285.67,110
64,6,6.9419,34.988,293.23,112.35
64,6,4.7683,33.716,265.83,97.159
64,6,5.526,33.444,266.31,101.59
64,6,6.3781,34.643,292.39,113.14
64,6,4.7437,35.518,306.61,118.11
64,6,6.786,35.93,298.09,110.88
64,6,5.2743,32.915,252.3,93.348
64,6,6.927,34.499,265.96,93.618
64,6,4.2564,33.464,266.64,102.33
64,6,5.2693,33.31,272.16,108.52
64,6,5.0668,34.204,259.94,91.713
64,6,6.102,35.424,283.68,102.67
64,6,4.6507,37.274,312.74,114.06
64,6,5.0093,34.735,293.81,114.63
64,6,5.6548,33.533,262.45,98.713
64,6,6.1179,32.303,237.98,84.898
64,6,5.8243,34.258,271.82,100.12
64,6,4.7704,35.547,306.13,116.21
64,6,6.6626,34.205,274.83,104.35
64,6,5.8663,34.029,270.79,100.28
64,6,5.2127,34.16,289.42,113.96
64,6,4.6524,35.074,292.87,109.33
64,6,7.8605,34.76,286.72,109.38
64,6,4.5349,31.971,239.45,88.183
64,6,6.848,34.689,271.4,96.271
64,6,6.8062,32.638,247.76,94.286
64,6,4.6795,33.54,271.02,103.07
64,6,4.8409,34.251,274.08,101.17
64,6,5.4965,33.646,277.08,107.9
64,6,5.2645,34.408,285.75,107.57
64,6,4.5005,35.558,296.58,111.68
64,6,6.9482,34.208,277.53,106.6
64,6,4.4301,32.925,251.56,93.215
64,6,6.233,32.229,248.07,90.817
64,6,5.2013,33.146,244.6,86.336
64,6,6.2376,33.072,263.55,101.52
64,6,5.3749,35.002,289.8,109.5
64,6,5.3376,34.465,273.16,96.447
64,6,5.696,34.34,260.95,91.189
64,6,4.8689,33.884,270.52,101.19
64,6,4.693,33.278,265.33,100.84
64,6,4.6184,33.001,259.14,97.516
64,6,6.5782,33.295,269.81,103.84
64,6,6.4197,32.645,259.84,101.04
64,6,6,34.639,276.16,103.29
64,6,5.2731,34.907,294.03,112.33
64,6,7.7039,33.215,273.33,107.38
64,6,7.5192,33.777,266.27,98.552
64,6,5.1518,34.91,269.11,90.435
64,6,8.0492,33.817,266.42,97.382
64,6,5.1199,35.756,291.74,105.65
64,6,8.4208,33.332,248.01,88.245
64,6,4.3125,37.423,330.31,124.72
64,6,5.5728,32.66,250.33,93.762
64,6,6.4735,31.421,222.88,80.84
64,6,5.5676,33.232,264.87,100.31
64,6,5.3014,34.307,288.69,112.91
64,6,4.9932,32.797,267.1,102.8
64,6,6.4687,35.89,297.17,108.58
64,6,5.6141,35.206,287.57,104.7
64,6,4.467,34.74,287.33,107.94
64,6,5.7681,33.122,255.72,93.642
64,6,5.7229,34.934,270.41,96.127
64,6,7.5596,33.155,258.38,96.297
64,6,6.1544,34.462,290.41,110.59
64,6,5.2665,33.533,263.21,94.761
64,6,5.16,33.594,270.12,102.34
64,6,5.1913,34.659,282.17,104.82
64,6,4.2427,35.047,282.75,97.801
64,6,6.1259,34.163,279.53,104.92
64,6,5.1869,35.331,303.88,118.18
64,6,6.6938,35.888,310.28,120.23
64,6,6.2401,35.517,299.33,114.41
64,6,6.3038,33.881,266.45,90.535
64,6,3.8472,32.078,237.27,87.668
64,6,6.036,34.845,294.61,113.51
64,6,6.3079,34.798,278.09,101.01
64,6,4.8007,34.392,288.16,111.02
64,6,5.897,32.79,263.15,101.67
64,6,6.0004,33.287,248.05,88.406
64,6,6.6921,31.836,238.97,89.566
64,6,5.2346,33.686,284.78,113.4
64,6,4.6189,35.125,285.58,103
64,6,7.1781,33.547,264.19,96.609
64,6,4.2873,36.358,326.97,130.38
64,6,4.911,34.826,287.9,108.27
64,6,5.3349,34.244,272.31,99.254
64,6,4.7797,36.808,314.46,118.02
64,6,6.7281,34.889,305.37,120.68
64,6,5.4823,34.479,278.05,104.08
64,6,6.2058,33.913,266.92,100.49
64,6,6.0442,33.345,264.93,99.138
64,6,5.9508,34.776,276.99,99.335
64,6,4.1728,33.813,265.14,97.318
64,6,4.2219,35.48,311.62,122.61
64,6,7.4465,32.87,254.23,94.746
64,6,5.9212,32.905,250.52,91.426
64,6,5.2021,35.15,283.59,101.61
64,6,6.2552,33.202,257.48,93.957
64,6,6.4014,33.502,269.77,100.87
64,6,6.1445,36.044,305.08,115.45
64,6,5.5938,34.33,275.44,101.73
64,6,7.2643,33.925,268.95,97.575
64,6,5.2596,33.394,265.03,100.73
64,6,6.5338,33.079,253.81,90.161
64,6,6.0355,35.745,297.96,109.75
64,6,5.3837,35.277,284.21,102.78
64,6,5.4813,34.365,262.09,91.383
64,6,5.8329,34.283,278.09,107.13
64,6,4.5712,31.809,240.42,90.862
64,6,6.0665,34.415,260.37,90.747
64,6,5.1073,32.806,259.3,98.789
64,6,5.0441,33.701,269.78,100.38
64,6,6.6286,32.66,263.46,103.04
64,6,5.9298,36.214,324,127.21
64,6,6.8896,32.54,247.61,93.297
64,6,8.483,35.214,299.81,111.82
64,6,7.3603,34.222,276.87,104.01
64,6,6.204,36.004,300.02,106.17
64,6,5.3187,32.826,245.4,89.729
64,6,5.5093,33.699,266.76,100.07
64,6,5.3184,34.741,285.01,106.85
64,6,5.2951,31.274,224.88,80.233
64,6,5.7906,33.644,261.98,96.242
64,6,5.3501,31.624,234.71,87.975
64,6,5.3725,33.665,271.5,104.01
64,6,4.0472,33.522,258.04,94.229
64,6,6.8744,35.014,303.22,117.48
64,6,4.7316,33.042,249.06,87.19
64,6,5.7802,36.222,302.46,111.49
64,6,5.0965,32.162,250.52,95.873
64,6,4.5063,34.466,285.87,107.88
64,6,6.5654,33.014,261.15,99.633
64,6,5.7267,32.635,248.93,90.777
64,6,5.8616,35.519,296.87,111.61
64,6,5.4195,34.273,274.82,103.32
64,6,6.0638,32.981,246.59,89.897
64,6,4.8692,34.517,280.61,103.92
64,6,4.8422,35.889,284.84,98.488
64,6,5.8442,33.781,272.93,102.91
64,6,5.9902,31.379,224.43,82.987
64,6,4.057,32.904,239.25,83.823
64,6,4.9113,33.25,266.4,99.692
64,6,4.4295,34.064,268.81,96.309
64,6,6.3292,33.886,262.15,95.424
64,6,4.8628,34.689,295.92,116.97
64,6,7.5831,33.117,251.64,92.683
64,6,8.2668,34.11,273.85,101.16
64,6,4.3989,35.317,292.04,110.96
64,6,5.8437,34.701,277.43,103.7
64,6,5.9997,33.74,269.84,101.11
64,6,6.4928,33.663,276.84,105.14
64,6,6.0942,33.666,239.2,74.109
64,6,4.7992,32.768,257.32,98.195
64,6,5.4438,34.152,280.97,106.57
64,6,5.2181,34.982,280.26,103.18
64,6,4.7764,34.335,273.72,101.32
64,6,8.8491,33.959,278.02,107.24
64,6,4.6191,33.252,265.09,99.257
64,6,6.1366,37.344,320.96,117.07
64,6,6.1941,33.091,241.12,81.542
64,6,5.5621,31.514,230.29,87.277
64,6,5.604,32.571,271.76,109.11
64,6,6.152,33.998,270.91,101.02
64,6,4.7695,34.175,278.9,103.88
64,6,5.6275,34.748,271.7,99.191
64,6,7.7185,33.92,259.28,95.181
64,6,5.4567,35.789,308.24,117.24
64,6,5.2754,35.323,295.03,106.1
64,6,5.3696,34.311,280.22,106.69
64,6,6.6142,31.718,237.37,89.753
64,6,6.7069,32.946,255.14,93.345
64,6,5.0338,33.464,248.44,87.34
64,6,4.4974,36.076,306.19,113.6
64,6,5.4339,34.198,268.72,99.656
64,6,6.7042,32.031,240.33,90.067
64,6,5.202,33.217,260.41,98.595
64,6,4.972,34.896,301.01,120.13
64,6,5.3908,33.701,261.01,96.432
64,6,4.0949,32.709,252.33,94.413
64,6,7.1815,34.559,279.45,102.28
64,6,6.3627,35.79,305.87,117.01
64,6,5.3657,36.028,304.64,112.72
64,6,5.6324,32.018,235.16,84.985
64,6,6.7255,30.693,222.31,80.638
64,6,5.4715,32.699,241.16,84.505
64,6,5.3883,33.159,244.23,86.94
64,6,5.1679,30.627,220.63,82.304
64,6,6.5956,34.011,255.92,86.919
64,6,4.7631,36.083,302.66,110.23
64,6,5.4023,34.396,277.88,104.41
64,6,4.801,32.968,261.29,101.01
64,6,4.9966,34.591,284.51,108.31
64,6,4.847,35.158,297.3,113.56
64,6,5.2788,35.966,307.03,115.96
64,6,4.0571,35.237,291.54,109.03
64,6,6.6532,31.771,250.49,98.564
64,6,4.8739,35.157,292.4,111.97
64,6,6.4384,32.822,258.86,99.253
64,6,5.454,33.36,263.6,98.419
64,6,4.8431,33.961,283.36,109.2
64,6,6.1407,36.69,319.13,118.09
64,6,5.7396,33.449,256.33,90.919
64,6,6.0971,32.139,237.67,87.466
64,6,3.7997,33.196,260.32,95.54
64,6,5.5397,35.22,284.84,102.06
64,6,5.5245,34.298,286.71,111.06
64,6,5.5964,35.186,298.22,111.74
64,6,10.085,35.386,294.55,113.05
64,6,5.2664,34.077,276.5,105.48
64,6,7.158,34.373,277.36,103.41
64,6,4.9064,35.552,286.7,103.77
64,6,6.0081,34.538,275.6,102.61
64,6,5.3194,35.368,302.57,118.01
64,6,4.8784,33.829,274.47,106.04
64,6,6.0491,34.598,272.54,94.961
64,6,4.6553,34.188,278.02,108.04
64,6,5.7577,34.835,301.97,118.92
64,6,7.7422,33.613,255.16,92.427
64,6,6.2606,33.003,272.03,109.13
64,6,6.7714,36.333,311.64,117.12
64,6,10.502,33.821,275.69,105.09
64,6,7.4093,31.835,232.88,84.332
64,6,4.7655,34.693,296.6,117.48
64,6,5.6281,35.294,299.94,116.32
64,6,7.3083,33.161,272.11,107.45
64,6,5.7463,34.016,271.79,102.34
64,6,5.7298,34.464,262.94,90.777
64,6,7.1155,33.389,275.98,109.13
64,6,6.6538,35.036,281.67,103.35
64,6,5.8747,31.619,236.54,88.903
64,6,6.5254,33.506,258.5,95.412
64,6,4.6134,34.864,295.67,114.12
64,6,5.7711,35.085,286.76,104.54
64,6,7.5073,35.348,292.86,110.13
64,6,4.9991,34.473,281.93,105.9
64,6,6.3193,33.618,254.1,92.762
64,6,5.9219,35.418,282.64,103.38
64,6,5.5078,34.423,279.43,106.53
64,6,6.6654,32.95,247.55,93.166
64,6,6.4326,33.378,259.17,98.268
64,6,6.1677,33.532,273.19,107.03
64,6,5.0676,34.682,294.21,114.6
64,6,4.6423,34.359,276.85,100.16
64,6,7.1874,35.204,294.11,110.45
64,6,5.4976,34.156,268.93,98.67
64,6,6.556,34.698,266.87,86.885
64,6,5.5639,33.731,277.98,107.21
64,6,5.0419,35.085,298.83,116.84
64,6,8.6638,34.37,286.81,109.86
64,6,6.5468,33.185,253.89,92.203
64,6,6.1241,34.212,285.74,111.47
64,6,5.7942,34.285,283.22,107.62
64,6,6.5719,33.588,267.62,101.99
64,6,9.0248,34.689,277.9,101.68
64,6,5.2407,33.376,259.2,97.016
64,6,5.6461,35.5,294.48,109.46
64,6,5.7482,34.583,284.58,105.12
64,6,4.0269,35.119,273.31,94.442
64,6,6.963,33.27,266.66,101.54
64,6,5.6913,35.435,296.41,112.67
64,6,5.1548,35.624,290.11,101.84
64,6,6.3189,33.287,256.6,94.344
64,6,7.5044,32.957,248.86,90.561
64,6,5.988,33.337,259.86,95.144
64,6,6.9491,33.927,278.18,105.45
64,6,8.3139,32.537,259.65,101.09
64,6,5.6149,34.955,294.05,112.76
64,6,5.9295,33.747,282.92,109.41
64,6,5.4741,33.995,275.45,108.36
64,6,5.498,33.025,254.22,95.273
64,6,5.4157,33.699,266.55,98.74
64,6,6.6624,33.061,266.7,103.56
64,6,4.6055,32.555,256.12,98.512
64,6,4.6285,34.521,280.05,105.55
64,6,5.5004,33.836,268.87,100.54
64,6,5.641,33.044,250.03,91.023
64,6,5.004,34.55,271.67,97.941
64,6,5.5734,33.446,259.02,95.967
64,6,7.5521,32.817,248.54,91.31
64,6,4.961,33.883,272.48,102.06
64,6,4.0708,33.81,264.35,96.366
64,6,5.4606,34.156,268.65,100.55
64,6,5.9465,33.382,255.81,96.029
64,6,4.6274,32.746,255.87,95.317
64,6,5.8465,34.763,292.84,113.08
64,6,8.3885,32.513,250.24,93.14
64,6,8.0603,36.809,312.88,114.92
64,6,6.6177,32.955,257.29,96.38
64,6,8.0618,35.027,275.89,98.272
64,6,6.0818,36.949,327.2,125.14
64,6,6.8321,32.972,264.45,105.22
64,6,5.8812,34.481,280.76,104.87
64,6,4.647,33.74,257.21,92.035
64,6,5.1189,32.929,261.01,98.753
64,6,4.1291,34.295,257.87,84.729
64,6,6.2794,34.67,275.3,98.8
64,6,4.7558,34.267,286.23,109.54
64,6,4.5128,34.97,296.07,112.05
64,6,6.7763,34.736,294.27,113.61
64,6,5.6855,35.236,295.62,112.3
64,6,6.6535,32.914,257.27,96.583
64,6,4.3074,33.815,267.54,100.54
64,6,5.0661,35.499,292.15,104.07
64,6,5.5227,32.71,246.7,87.913
64,6,4.3822,32.362,255.35,97.929
64,6,6.5219,34.695,282.44,106.28
64,6,4.5177,31.919,231.16,84.6
64,6,5.2604,34.487,285.39,110.44
64,6,5.3966,34.671,269.38,96.632
64,6,5.8888,33.747,280.94,112.88
64,6,5.4617,34.531,287.7,109.12
64,6,5.1041,32.994,255.99,97.527
64,6,4.6431,32.997,249.05,90.958
64,6,5.0734,35.203,282.49,103.41
64,6,7.7445,33.469,264.68,100.84
64,6,6.2408,32.792,265.2,100.33
64,6,4.5599,33.332,266.12,101.07
64,6,4.5743,34.215,276.58,105.05
64,6,6.0921,35.969,302.14,111.94
64,6,4.8937,35.196,294.06,110.1
64,6,7.9502,33.439,252.14,91.119
64,6,7.1771,34.44,272.51,96.794
64,6,6.1956,32.057,237.21,87.089
64,6,4.6093,35.104,309.33,123.49
64,6,5.1363,32.928,247.01,87.451
64,6,5.2068,33.716,264.94,99.273
64,6,5.2077,34.483,278.17,105.44
64,6,5.0206,35.639,307.74,119.95
64,6,4.4076,32.746,246.12,90.354
64,6,6.3892,33.147,253.35,93.492
64,6,6.5382,32.817,245.76,86.222
64,6,6.1776,34.445,284.56,107.24
64,6,6.0335,35.172,298.92,113.5
64,6,7.6791,32.035,232.07,84.939
64,6,4.1242,35.047,284.27,105.96
64,6,5.6229,34.606,301.26,118.71
64,6,9.4589,34.408,269.72,96.646
64,6,5.1214,32.366,248.19,93.324
64,6,5.972,35.299,283.77,100.45
64,6,5.9363,33.787,275.53,104.44
64,6,10.353,31.674,242.13,92.942
64,6,5.6436,33.224,270.65,105.67
64,6,5.4811,34.33,270.2,98.773
64,6,5.865,33.558,272.73,105.28
64,6,7.0718,33.375,269.77,105.49
64,6,5.8705,33.457,274.55,108.09
64,6,5.944,33.304,244.05,84.376
64,6,5.975,34.375,271.86,98.827
64,6,6.9937,34.08,274.52,103.7
64,6,6.1053,34.749,289.09,110.35
64,6,5.9635,33.139,266.97,102.26
64,6,5.6474,33.143,259.8,97.798
64,6,6.3047,35.785,307.13,116.22
64,6,7.3235,33.852,279.66,110.16
64,6,3.9917,34.644,294.3,111.88
64,6,4.7566,35.109,292.83,111.13
64,6,4.6586,32.293,251.95,95.1
64,6,4.5136,35.072,290.85,107.64
64,6,4.7735,32.645,261.91,102.97
64,6,6.4546,34.592,280.98,105.41
64,6,5.2942,34.266,269.32,96.468
64,6,5.1741,35.064,295.29,114.27
64,6,6.3201,35.094,275.96,98.407
64,6,5.834,33.911,258.79,90.081
64,6,7.4159,33.511,266.19,98.003
64,6,6.3151,34.127,270.39,99.685
64,6,5.7604,32.657,240.89,86.328
64,6,8.5347,34.717,277.67,102.37
64,6,5.2729,35.093,289.84,105.79
64,6,5.2684,33.347,267.73,99.797
64,6,4.7059,34.334,283,108.08
64,6,3.9572,35.791,306.34,117.8
64,6,9.1925,35.345,314.83,126.95
64,6,7.0167,33.406,260.91,97.592
64,6,5.2157,33.252,256.63,96.015
64,6,5.0165,32.737,258.81,96.61
64,6,4.7014,33.515,252.16,86.99
64,6,5.0368,33.172,255.93,95.67
64,6,6.1329,33.542,270.34,104.1
64,6,6.51,33.131,260.12,96.182
64,6,5.8857,32.081,236.56,83.937
64,6,4.7737,33.651,273.21,103.54
64,6,5.917,31.813,241.75,89.712
64,6,4.7155,35.223,304.79,118.86
64,6,4.7166,34.294,291.06,112.64
64,6,5.4717,35.559,299.2,111.12
64,6,5.3151,34.689,268.53,94.978
64,6,6.0849,35.377,301.59,115.17
64,6,5.0752,33.722,265.35,98.211
64,6,5.0138,32.563,250.25,95.483
64,6,6.2997,32.378,246.04,91.793
64,6,4.8693,33.398,254.08,91.226
64,6,8.2191,34.821,286.09,108.58
64,6,4.767,35.546,292.21,107.42
64,6,4.8486,35.849,294.16,105.98
64,6,7.3024,34.528,282.56,107.08
64,6,9.0993,33.688,272.06,101.19
64,6,4.6643,34.715,291.7,109.65
64,6,7.4365,33.823,274.26,104.85
64,6,8.4335,35.851,295,107.22
64,6,5.1341,32.54,245.34,91.02
64,6,7.7235,36.026,322.76,124.87
64,6,6.5769,34.563,284.86,109.04
64,6,5.8191,35.076,298.72,116.38
64,6,5.3733,35.774,292,106.41
64,6,5.5616,34.26,271.45,99.723
64,6,5.6435,31.584,231,85.801
64,6,5.1838,36.499,328.39,125.56
64,6,4.0402,35.683,283.62,103.23
64,6,5.585,33.843,271.47,99.199
64,6,6.7205,34.721,275.81,99.253
64,6,5.692,35.907,290.31,103.18
64,6,5.4484,34.408,294.1,115.34
64,6,5.2821,36.063,305.05,114.75
64,6,4.7292,33.013,254.86,92.795
64,6,7.4213,34.421,277.93,104.82
64,6,5.4222,35.365,295.87,110.58
64,6,4.9512,33.796,259.47,94.736
64,6,8.4474,34.555,287.19,110.23
64,6,5.8079,34.186,277.35,105
64,6,6.0853,36.54,321.43,118.65
64,6,7.0379,33.406,262.06,95.886
64,6,4.2934,34.378,280.31,107.04
64,6,5.871,33.824,268.56,98.011
64,6,5.8027,34.128,262.64,93.276
64,6,5.7713,34.004,278.37,105.29
64,6,5.897,34.404,292.12,115.2
64,6,6.656,33.714,271.53,102.65
64,6,5.5206,34.848,289.25,110.14
64,6,7.8556,32.536,238.99,80.131
64,6,6.8712,34.046,286.47,112.34
64,6,5.2081,33.653,261.77,94.098
64,6,5.3736,34.65,286.06,109.08
64,6,4.6862,34.235,285.48,111.27
64,6,6.6523,32.529,256.31,98.615
64,6,4.4125,32,237.2,85.138
64,6,5.9613,34.369,278.99,105.84
64,6,6.1549,33.173,263.92,99.676
64,6,4.9089,34.949,284.75,103.99
64,6,7.2247,33.585,275.79,110.08
64,6,5.8035,33.271,252.24,92.273
64,6,4.8943,33.66,274.23,104.12
64,6,6.1007,32.793,251.53,96.044
64,6,5.0804,32.822,257.46,94.838
64,6,6.6967,33.511,272.84,106.12
64,6,7.687,35.326,298.64,114.03
64,6,5.3549,33.481,268.29,100.62
64,6,5.3828,32.931,261.62,101.9
64,6,4.7487,34.832,296.18,114.17
64,6,5.2469,34.825,289.88,109.1
64,6,6.9012,34.844,275.63,96.914
64,6,4.5727,33.046,265.99,101.73
64,6,4.3932,35.79,292.6,106.89
64,6,5.2106,32.91,254.74,94.676
64,6,4.1516,33.07,255.46,93.867
64,6,5.194,32.217,244.78,91.029
64,6,5.015,34.115,273.02,101.02
64,6,6.821,34.36,280.88,105.87
64,6,4.4519,33.485,270.52,102.67
64,6,5.7265,34.805,290.19,109.39
64,6,4.7024,34.26,265.87,93.853
64,6,6.2512,33.631,270.5,101.55
64,6,5.4641,34.695,286.78,109.29
64,6,3.7231,33.624,268.78,102.63
64,6,6.8418,34.984,282.54,101.98
64,6,8.8273,34.115,267.24,96.337
64,6,6.4439,33.72,264.11,96.559
64,6,5.9603,33.872,275.9,103.55
64,6,6.0696,34.966,303.59,122.16
64,6,6.1658,33.48,266.48,99.943
64,6,4.6348,33.601,274.31,105.75
64,6,4.7397,32.063,249.3,95.365
64,6,5.1903,33.638,278.62,107.57
64,6,5.1961,35.325,275.38,96.154
64,6,6.1989,34.619,273.82,98.898
64,6,4.8356,34.774,300.41,117.55
64,6,8.8276,32.78,244.77,87.369
64,6,4.5057,34.518,278.7,103.2
64,6,4.5811,32.877,246.14,88.986
64,6,5.4174,34.556,277.25,101.08
64,6,4.8925,33.65,257.5,89.747
64,6,5.7169,34.793,283.98,105.63
64,6,3.8398,34.195,289.13,114.11
64,6,8.1277,33.73,264.3,96.62
64,6,4.5267,35.39,283.58,100.9
64,6,5.4739,33.834,279.3,106.44
64,6,8.0999,32.949,258.78,97.332
64,6,4.835,32.54,248.79,93.122
64,6,5.491,33.129,250.09,89.317
64,6,6.4381,33.444,275.19,107.75
64,6,5.0322,35.447,286.22,101.78
64,6,6.0766,34.426,287.83,111.04
64,6,7.0173,33.433,265.86,98.172
64,6,4.9046,31.974,241.62,91.284
64,6,4.6088,32.797,261.54,98.643
64,6,6.7489,33.05,263.91,98.808
64,6,5.892,36.08,314.6,119.47
64,6,8.1819,35.327,294.98,113.65
64,6,6.0843,34.378,273.72,100.93
64,6,5.9973,34.338,274.06,100.83
64,6,4.9625,36.203,309.51,115.39
64,6,6.3139,35.397,300.92,115.97
64,6,6.2412,35.36,305.79,118.71
64,6,5.6695,32.83,262.56,100.2
64,6,4.8224,33.602,272.52,103.09
64,6,5.5564,33.454,268.93,103.38
64,6,4.8385,34.425,275.66,99.776
64,6,4.7948,34.499,272.8,100.38
64,6,5.0405,34.644,283.1,104.41
64,6,8.6693,32.068,231.75,82.657
64,6,6.225,32.364,247.93,92.83
64,6,5.1946,33.531,278.59,107.97
64,6,5.7546,33.715,260.94,99.501
64,6,8.8387,31.962,242.02,92.31
64,6,6.4234,31.843,239.88,90.849
64,6,4.3598,34.003,282.04,106.49
64,6,6.556,34.724,277.34,102.13
64,6,4.7017,35.169,298.99,114.92
64,6,5.3633,34.26,276.19,103.9
64,6,5.3531,35.462,294.08,109.6
64,6,5.6588,32.549,258.17,101.84
64,6,6.3102,33.026,252.33,92.739
64,6,5.7339,35.56,298.83,112.55
64,6,8.2615,35.574,291.85,107.17
64,6,6.8449,34.314,289.01,113.55
64,6,7.536,33.638,264.81,100.72
64,6,6.9282,32.651,237.67,82.839
64,6,5.5281,35.193,288.3,102.9
64,6,6.8333,33.849,275.95,104.25
64,6,5.8041,34.228,289.78,112.38
64,6,6.1179,34.582,286,111.19
64,6,5.7851,32.684,252.7,92.426
64,6,4.4809,33.304,253.66,92.11
64,6,6.0035,34.062,276.91,105.54
64,6,5.6225,33.467,265.99,102.92
64,6,5.2211,35.26,299.7,113.48
64,6,6.3987,34.397,295.08,117
64,6,5.6671,31.938,246.61,95.406
64,6,4.7018,32.809,257.51,97.704
64,6,6.7727,33.715,261.62,97.544
64,6,7.1249,34.281,273.69,97.523
64,6,5.8515,33.259,255.34,94.643
64,6,4.8243,34.139,274.2,102.73
64,6,6.1565,33.728,250.52,90.537
64,6,6.3988,34.761,279.6,99.924
64,6,5.1154,34.878,290.26,109.99
64,6,6.9848,32.914,255.95,97.207
64,6,5.0704,34.155,278.51,104.53
64,6,5.6645,33.433,250.48,87.493
64,6,6.8035,33.045,269.97,106.03
64,6,5.9955,33.045,272.52,107.6
64,6,5.6484,34.79,279.01,102.09
64,6,5.9161,31.751,239.42,91.386
64,6,6.4742,33.779,259.73,93.586
64,6,6.1596,35.525,278.24,96.209
64,6,5.4019,35.532,302.89,116.81
64,6,5.9007,32.046,241.21,91.331
64,6,5.5112,35.497,274.73,92.449
64,6,5.2647,32.407,239.88,86.913
64,6,5.6669,34.918,277.42,100.18
64,6,5.7284,33.406,268.82,105.83
64,6,5.0913,33.259,263.54,98.544
64,6,5.5832,33.713,257.62,91.433
64,6,5.0768,34.662,284.32,108.01
64,6,5.9655,33.963,274.54,102.57
64,6,5.8069,34.548,277.56,101.34
64,6,4.526,33.734,275.17,105.98
64,6,5.3619,33.53,271.69,102.82
64,6,5.7946,35.806,319.66,124.9
64,6,8.4753,35.13,285.85,105.39
64,6,8.3512,34.24,273.02,103.63
64,6,5.7425,33.386,262.77,97.909
64,6,5.1473,33.755,271.17,101.49
64,6,5.315,34.998,281.6,104.11
64,6,5.7583,31.812,238.2,89.406
64,6,5.5016,33.828,280.19,108.67
64,6,8.8847,35.928,294.22,108.6
64,6,7.022,33.281,250.25,88.167
64,6,8.5121,34.395,274.02,101.33
64,6,5.1262,35.904,297.87,109.92
64,6,4.7755,33.402,257.82,94.125
64,6,6.3647,32.894,261.95,103.79
64,6,5.9924,33.136,255.42,93.967
64,6,6.2589,32.102,245.6,93.462
64,6,5.5892,33.95,257.29,93.826
64,6,5.7964,32.325,246.75,91.334
64,6,5.3088,31.461,234.81,88.334
64,6,5.7422,36.38,313.44,119.15
64,6,5.3761,34.508,286.31,109.12
64,6,5.0958,32.523,247.79,91.072
64,6,8.02,34.461,274.34,99.92
64,6,5.5438,35.454,292.82,106.06
64,6,5.9293,33.731,259.78,95.731
64,7,5.8174,38.239,348.78,133.44
64,7,4.6828,37.034,329.03,125.15
64,7,5.9998,37.487,337.72,129.7
64,7,7.1257,37.992,350.92,135.18
64,7,5.5365,34.314,282.01,105.72
64,7,5.7642,37.883,346.27,130.97
64,7,6.7319,34.988,294.34,113.2
64,7,5.6041,36.009,311.75,119.67
64,7,6.5833,39.027,364.51,137.25
64,7,6.0454,35.607,323.64,130.97
64,7,5.5502,38.557,357.18,138.03
64,7,4.9465,36.211,315.96,118.49
64,7,7.9155,36.079,322.69,124.79
64,7,5.4826,35.589,309.62,123.15
64,7,5.4178,34.568,284.13,105.67
64,7,4.618,36.481,317.27,120.45
64,7,5.8938,37.406,330.82,127.92
64,7,5.999,35.58,308.52,118.78
64,7,6.0648,37.7,335.54,123.62
64,7,6.2604,35.932,310.42,120.19
64,7,5.9337,35.618,324.52,131.73
64,7,5.4773,35.335,304.99,116.97
64,7,5.8081,36.765,316.83,114.01
64,7,6.4858,37.764,357.68,145.68
64,7,5.9301,35.564,308.63,120.96
64,7,5.9312,35.223,276.51,97.96
64,7,5.9063,36.134,313.67,120.09
64,7,8.9143,37.813,345.52,132.14
64,7,4.6158,36.129,315.69,121.62
64,7,5.9814,38.953,365.91,142.28
64,7,8.0425,35.087,308.32,122.27
64,7,4.7857,36.575,334.69,130.55
64,7,8.074,37.937,345.71,131.28
64,7,5.6027,34.499,283.62,108.96
64,7,5.6841,35.959,322.83,126.93
64,7,4.6792,35.653,311.11,118.29
64,7,5.9964,36.839,315.87,116.97
64,7,7.262,35.098,278.1,101.49
64,7,8.0085,37.273,345.38,137.68
64,7,5.0693,37.142,348.84,141.09
64,7,6.2235,36.94,318.23,122.02
64,7,8.5139,36.095,313.92,120.7
64,7,6.0769,34.526,290.57,113.81
64,7,7.1566,36.339,316.59,122.64
64,7,5.8585,36.707,318.28,118.49
64,7,4.7036,35.743,297.16,106.25
64,7,5.5717,36.555,326.8,124.57
64,7,5.8645,35.901,312.82,121.78
64,7,5.2748,36.982,334.51,131.21
64,7,5.9299,37.709,334.58,129.01
64,7,6.0591,36.923,322.94,116.15
64,7,6.1762,36.073,308.92,117.62
64,7,6.1289,38.004,358.98,140.48
64,7,5.5084,36.704,336.91,133.45
64,7,5.7025,35.563,321.35,130.08
64,7,6.4656,36.166,309.36,115.96
64,7,7.3028,35.75,304.75,117.41
64,7,6.0971,36.412,317.48,120.76
64,7,5.3835,33.988,271,100.78
64,7,5.6872,38.042,354.19,138.18
64,7,6.1942,36.439,317.44,120.99
64,7,6.3258,36.173,302.11,111.91
64,7,7.9142,37.169,327.87,125.99
64,7,5.4568,34.415,291.74,114.4
64,7,5.2401,35.707,286.1,99.564
64,7,5.5309,36.401,309.82,115.37
64,7,4.3859,36.195,310.42,116.08
64,7,6.3627,36.92,318.15,120.11
64,7,6.5758,34.584,293.68,115.69
64,7,5.5551,35.408,306.7,120.81
64,7,6.717,35.453,291.19,107.31
64,7,5.7716,34.762,299.01,116.54
64,7,4.4453,35.579,300.59,112.86
64,7,5.5331,36.978,339.55,135.04
64,7,5.7103,36.286,319.44,125.17
64,7,4.3761,35.826,310.69,121.42
64,7,5.1096,35.998,321.56,127.77
64,7,5.3855,38.637,362.77,143.66
64,7,6.9969,34.623,284.64,108.37
64,7,6.3936,35.332,302.81,115.4
64,7,5.0122,37.08,330.97,129.47
64,7,7.0859,35.865,309.24,121.66
64,7,6.3658,34.929,303.39,119.66
64,7,5.7491,38.513,363.48,141.99
64,7,6.4272,35.907,305.6,115.61
64,7,5.9272,34.415,287.07,111.64
64,7,6.0727,35.927,303.36,113.55
64,7,6.9497,35.044,286.81,106.94
64,7,4.5683,35.835,313.64,120.65
64,7,6.0978,36.64,315.19,117
64,7,4.812,35.448,304.08,116.57
64,7,5.4655,35.406,314.48,125.89
64,7,7.7773,34.927,298.43,119.88
64,7,7.6509,38.048,357.39,143.39
64,7,6.9196,35.451,300.49,113.32
64,7,6.779,35.468,300.48,113.68
64,7,5.5496,35.341,302.53,117.44
64,7,5.8517,36.84,321.88,121.54
64,7,5.7943,35.104,301.26,116.22
64,7,6.4845,36.493,315.72,117.52
64,7,8.4948,34.92,289.71,110.41
64,7,8.1955,35.313,302.86,117.58
64,7,6.8358,36.369,323.45,124.92
64,7,6.858,36.276,304.24,108.66
64,7,6.4006,35.573,297.19,111.82
64,7,4.5296,37.82,332.45,120.6
64,7,5.0747,35.086,296.58,115.71
64,7,6.3472,34.28,290.11,113.84
64,7,5.1236,36.683,318.03,117.89
64,7,7.6078,36.861,340.9,134.45
64,7,7.2782,38.378,352.67,133.16
64,7,6.4832,34.75,281.86,103.22
64,7,8.1976,36.042,314.03,122
64,7,5.9645,36.504,309.81,116.72
64,7,6.9835,36.513,326.19,128.78
64,7,4.9327,34.014,287.03,112.45
64,7,8.3363,38.427,347.06,131.6
64,7,6.1314,35.052,294.4,111.89
64,7,6.8351,36.693,349.35,143.66
64,7,6.128,38.346,356.21,139.23
64,7,6.5786,36.027,311.22,118.51
64,7,7.4462,34.613,280.92,107.66
64,7,4.6415,36.837,339.22,136.06
64,7,6.1423,37.36,337.51,131.55
64,7,5.5787,35.394,304.81,117.58
64,7,7.1211,36.428,320.91,122.16
64,7,6.7827,35.85,317.02,123.99
64,7,6.635,37.063,322.76,121.4
64,7,5.9753,34.166,292.93,116.31
64,7,9.4943,35.447,302.09,117.62
64,7,5.2066,35.678,304.07,117.6
64,7,8.4212,37.573,357.45,143.37
64,7,5.877,38.317,350.46,134.82
64,7,5.1704,36.975,320.96,117.19
64,7,7.6352,33.574,272.77,107.27
64,7,7.3818,37.573,331.07,120.08
64,7,6.154,37.163,328.97,127.75
64,7,9.0253,35.218,276.03,97.149
64,7,6.0056,36.772,317.65,119.38
64,7,6.683,37.987,360.18,144.56
64,7,5.9607,36.691,314.78,119.38
64,7,5.6176,34.899,282,104.83
64,7,6.1941,36.18,306.57,112.57
64,7,4.5921,34.38,285.52,111.12
64,7,6.3363,35.687,301.9,113.54
64,7,5.3751,35.103,283.86,103.3
64,7,5.9636,37.754,346.26,134.19
64,7,7.9348,33.608,259.36,95.773
64,7,6.5331,37.866,357.09,142.86
64,7,6.0175,35.135,298.14,112.38
64,7,6.5096,36.974,330.87,129.13
64,7,5.807,36.815,329.24,129.22
64,7,4.7204,37.153,337.18,125.83
64,7,6.6916,37.973,353.5,140.31
64,7,5.4126,34.593,282.95,105.51
64,7,7.8527,37.308,351.13,141.61
64,7,6.1222,36.549,313.75,115.21
64,7,4.4412,34.576,292.6,113.39
64,7,7.0629,37.342,317.22,116.5
64,7,5.7111,34.508,266.56,94.389
64,7,5.1116,36.057,322.88,127.94
64,7,5.7422,35.058,306.36,121.63
64,7,5.8727,36.542,302.19,110.4
64,7,4.1375,36.26,323.71,127.66
64,7,5.0753,35.441,303.04,116.79
64,7,5.7423,35.744,297.26,108.34
64,7,6.6717,34.723,270.73,94.504
64,7,5.6054,39.058,371.46,144.5
64,7,5.8404,35.563,313.57,125.42
64,7,6.3036,35.518,302.79,116.78
64,7,6.1259,37.032,302.16,107.25
64,7,7.5194,35.709,308.88,119.39
64,7,4.3905,34.641,284.02,108.47
64,7,6.2958,35.996,314.44,122.87
64,7,7.5934,37.793,347.14,135.86
64,7,6.0503,37.457,305.05,103.59
64,7,6.1664,38.383,360.77,142.13
64,7,6.1373,37.442,321.15,115.43
64,7,5.9681,36.378,325.06,129.57
64,7,11.118,37.005,329.91,123.7
64,7,5.0709,35.676,305.94,118.28
64,7,7.0393,36.203,323.32,127.5
64,7,6.8565,37.67,354.75,140.36
64,7,6.3667,32.808,255.7,95.498
64,7,5.4313,33.906,276.66,105.83
64,7,6.6113,36.945,323.54,124.21
64,7,4.9956,34.744,291.67,110.88
64,7,9.3974,35.513,301.3,115.32
64,7,5.6442,35.453,312.26,123.13
64,7,4.8074,34.124,283.03,108.9
64,7,6.2189,36.033,322.56,129
64,7,5.4616,35.828,307.31,116.42
64,7,6.3536,38.026,341.1,124.67
64,7,7.781,37.2,327.88,124.47
64,7,8.2194,35.613,311.7,123.45
64,7,4.3634,38.198,352.83,133.92
64,7,8.9453,35.607,287.65,106.38
64,7,7.4735,36.051,310.08,120.59
64,7,6.9837,36.082,317.41,124.69
64,7,7.028,36.209,320.58,124.4
64,7,7.1565,35.171,291.59,107.17
64,7,7.1403,34.203,271.5,101.47
64,7,7.2803,36.551,337.5,134.91
64,7,5.8279,36.426,316.2,120.26
64,7,5.9712,35.525,292.17,107.89
64,7,5.6424,37.476,330.26,126.69
64,7,5.3836,36.698,335.44,134.14
64,7,6.0463,37.978,335.36,122.58
64,7,7.0222,35.074,293.9,113.36
64,7,6.4638,37.676,337.93,130.77
64,7,7.0311,36.119,316.61,119.78
64,7,4.9483,34.553,284.97,108.47
64,7,5.1855,36.84,333.37,130.1
64,7,6.7865,35.445,302.47,114.37
64,7,4.9879,36.185,310.81,118.56
64,7,5.8708,35.671,305.88,118.53
64,7,4.9751,35.807,291.52,107.26
64,7,5.8476,37.8,350.92,133.22
64,7,7.5795,36.286,308.85,117.11
64,7,7.3687,34.498,305.07,125.36
64,7,6.4387,35.309,286.05,101.99
64,7,6.2078,36.16,328.13,130.07
64,7,5.586,36.326,314.55,119.97
64,7,5.9841,34.222,281.75,109.05
64,7,5.4228,34.839,287.21,108.29
64,7,9.2118,34.577,296.09,117.89
64,7,8.435,37.096,336.46,130.36
64,7,5.75,35.097,282.21,104.32
64,7,5.199,34.966,304.25,120.75
64,7,5.5992,37.1,315.1,113.69
64,7,8.4757,37.382,331.22,126.22
64,7,6.0322,36.245,312.48,121.5
64,7,5.3067,36.756,334.92,133.26
64,7,8.9915,34.062,278.94,107.55
64,7,5.6527,38.113,342.01,127.98
64,7,5.7759,36.957,317.53,116.09
64,7,5.5397,36.952,340.76,136.38
64,7,6.2577,37.308,329.91,125.05
64,7,5.2439,35.608,308.54,120.62
64,7,7.1337,36.556,329.87,127.63
64,7,6.1983,36.355,324.74,128.03
64,7,4.7083,36.878,322.74,117.15
64,7,8.7243,35.456,289.6,102.72
64,7,6.7542,37.239,328.46,123.35
64,7,8.7063,35.623,306.79,116.31
64,7,6.1702,37.072,324.18,119.95
64,7,7.3691,36.245,309.33,116.61
64,7,7.2371,34.948,289.07,105.92
64,7,6.5236,36.598,330.3,130.51
64,7,6.2172,36.155,322.62,124.79
64,7,5.1465,38.19,347.1,132.84
64,7,5.4978,34.668,295.55,114.94
64,7,6.7754,35.458,289.6,108.31
64,7,5.7357,34.44,281.33,106.49
64,7,6.902,38.451,335.09,120.19
64,7,8.5115,35.787,319.61,125.81
64,7,6.546,35.195,290.51,108.96
64,7,5.54,35.354,301.54,118.89
64,7,5.243,36.571,326.57,125.78
64,7,5.5632,37.407,358.07,144.59
64,7,6.7808,36.176,315.24,121.74
64,7,4.4981,35.347,294.24,108.53
64,7,5.0925,34.667,289.71,111.43
64,7,7.7865,36.289,319.81,124.18
64,7,5.5802,36.915,324.65,125.39
64,7,6.8673,35.388,303.58,116.15
64,7,5.213,36.561,327.08,122.27
64,7,6.9979,36.54,321.91,122.28
64,7,9.023,36.98,329.25,125.84
64,7,7.7024,37.704,359.57,145.99
64,7,5.5366,36.056,317.18,125.21
64,7,6.3847,33.81,268.05,97.742
64,7,4.3039,37.789,342.85,130.23
64,7,5.3237,37.862,351.86,135.82
64,7,5.8669,36.559,333.83,132.96
64,7,7.0568,35.931,296.3,105.25
64,7,7.8903,36.627,324.72,125.51
64,7,6.3578,35.745,302.9,114.75
64,7,5.9428,34.839,270.33,95.63
64,7,7.0961,36.084,315.94,120.7
64,7,9.1203,37.469,340.71,131.46
64,7,6.0382,36.623,323.26,124.52
64,7,6.3174,37.69,334.86,123.48
64,7,7.7398,39.787,389.61,151.85
64,7,5.9573,35.482,295.53,110.81
64,7,7.8938,37.46,310.31,110.95
64,7,8.9317,36.922,329.48,124.55
64,7,6.2077,36.364,315.04,119.6
64,7,4.8182,35.992,302.98,113.73
64,7,6.6991,36.622,308.42,114.86
64,7,5.1121,35.624,309.77,118.52
64,7,6.1992,35.9,321.76,128.92
64,7,4.5257,36.858,314.49,116.87
64,7,5.9182,35.566,314.95,123.63
64,7,6.085,35.319,300.36,114.1
64,7,8.9284,35.489,309.79,121.15
64,7,5.1152,33.776,275.89,108.47
64,7,6.0586,35.51,288.67,105.24
64,7,5.678,36.763,337.51,130.24
64,7,5.2893,38.268,354.25,133.79
64,7,4.9751,39.277,359.96,136.13
64,7,4.4045,36.168,329.19,131.68
64,7,7.8679,37.086,340.14,137.55
64,7,5.0662,37.252,331.98,128.93
64,7,7.5213,36.278,328.86,128.75
64,7,5.8963,33.843,273.53,104.06
64,7,5.5693,35.492,297.01,113.3
64,7,5.0307,35.743,310.94,119.09
64,7,5.7229,36.494,323.52,125.82
64,7,6.8047,35.329,309.05,120.68
64,7,5.0471,34.277,288.63,111.59
64,7,4.4882,38.078,345.53,128.12
64,7,6.0247,38.239,362.61,147.48
64,7,4.9012,37.093,340.15,133.12
64,7,5.6508,35.322,307.85,122.19
64,7,7.2409,36.295,319.9,122.7
64,7,6.4259,35.254,300.62,112.62
64,7,7.5305,34.281,269.65,98.274
64,7,6.4236,38.349,340.27,130.44
64,7,4.4379,37.511,342.54,131.27
64,7,5.6731,34.867,303.44,120.7
64,7,4.6256,34.601,291.55,112.58
64,7,11.3,35.788,299.75,112.38
64,7,6.1118,36.386,315.82,121.19
64,7,5.526,34.975,298.32,114.74
64,7,4.625,35.276,307.34,117.93
64,7,6.0014,35.353,295.54,114.7
64,7,7.4625,37.599,345.01,135.5
64,7,5.8064,37.352,326.94,122.68
64,7,5.1967,34.555,288.34,110.95
64,7,4.8785,34.025,290.15,114.83
64,7,5.4499,35.196,293.44,111.77
64,7,4.8868,34.649,281.12,104.68
64,7,5.1072,36.915,329.11,125.81
64,7,4.6685,34.154,277.21,103.19
64,7,6.6033,37.557,341.08,131.59
64,7,5.2203,33.866,283.21,111.72
64,7,8.5587,35.087,293.44,111.66
64,7,5.977,35.106,298.66,115.21
64,7,6.7311,35.743,306.92,117.96
64,7,5.0599,37.435,327.65,119.84
64,7,5.2336,37.003,316.8,114.95
64,7,5.4882,36.566,326.3,130.05
64,7,5.9644,36.067,319.86,125.45
64,7,6.4369,34.918,286.75,109.7
64,7,5.1424,37.114,334.65,130.02
64,7,5.8022,37.529,346.8,135.45
64,7,5.9073,36.694,326.05,125.62
64,7,4.766,34.623,288.09,108.73
64,7,8.2002,35.489,296.53,111.01
64,7,6.6609,35.57,295.37,107.03
64,7,6.4514,37.438,328.43,124.77
64,7,4.4001,37.37,322.44,116.53
64,7,5.0898,38.124,358.23,139.4
64,7,5.4099,36.759,320.67,118.86
64,7,5.8737,37.151,332.04,125.28
64,7,8.7716,35.379,290.45,108.94
64,7,5.4386,35.063,302.23,116.36
64,7,8.4155,35.6,310.67,122.8
64,7,7.1104,35.611,315.64,127.52
64,7,6.9446,34.216,275.72,101.21
64,7,7.6883,35.562,312.41,125.7
64,7,5.7828,36.262,292.43,104.87
64,7,7.0583,35.667,309.37,121.8
64,7,6.8383,37.343,326.9,123.75
64,7,7.1668,36.061,320.05,125.56
64,7,4.8407,35.936,328.67,132.73
64,7,5.6798,35.494,319.95,130.38
64,7,5.0411,36.178,307.93,113.6
64,7,6.6362,38.83,355.89,132.1
64,7,6.5521,35.568,308.07,120.23
64,7,5.4148,36.493,328.78,126.88
64,7,5.3157,34.905,303.57,122.08
64,7,7.4007,35.592,311.07,123.06
64,7,5.5836,33.894,284.3,112.4
64,7,6.3262,38.687,357.9,139.16
64,7,5.3117,33.982,277.9,109.07
64,7,5.0934,36.792,313.32,116.97
64,7,5.8175,36.624,315.93,117.76
64,7,6.4722,37.281,317.9,117.15
64,7,5.2062,36.98,322.18,118.62
64,7,7.4334,34.645,289.98,112.19
64,7,6.8607,35.211,303.09,116.91
64,7,4.9726,35.711,290.16,106.09
64,7,5.9561,35.408,303.93,116.47
64,7,5.6134,36.509,303.14,106.8
64,7,6.9868,35.209,313.14,126.77
64,7,5.3226,38.089,343.49,128.78
64,7,7.7863,36.873,331.29,128.87
64,7,4.9824,34.409,282.75,107.01
64,7,5.6598,37.216,337.33,132.53
64,7,7.4891,37.925,348.36,133.82
64,7,5.1108,36.838,325.6,126.59
64,7,6.7474,36.078,303.57,114.1
64,7,5.8488,34.695,278.26,102.27
64,7,5.7213,38.16,359.39,141.47
64,7,5.2695,34.787,288.1,108.66
64,7,5.7428,36.44,318.53,120.71
64,7,5.0261,35.574,312.37,121.02
64,7,5.968,36.113,314.25,124.91
64,7,6.3651,36.062,301.51,113.24
64,7,10.821,36.073,322.54,126.97
64,7,4.9979,35.521,313.17,122.9
64,7,5.6025,34.147,277.24,103.7
64,7,4.6768,34.784,299.23,118.46
64,7,7.1778,34.354,271.54,100.3
64,7,5.1289,36.252,306.08,114.18
64,7,7.4145,36.816,328.49,127.6
64,7,5.1814,36.176,312.08,120.73
64,7,7.8018,34.786,296.83,117.28
64,7,6.1288,35.9,308.83,120.65
64,7,6.535,33.708,279.94,111.77
64,7,8.3971,37.29,321.44,117.62
64,7,5.301,36.439,311.88,116.18
64,7,7.4972,37.307,329.66,127.46
64,7,6.1011,36.236,318.55,122.85
64,7,5.5785,38.473,370.95,151.32
64,7,5.6931,37.821,342.34,132.28
64,7,4.9812,37.934,343.89,130.51
64,7,5.4928,33.761,260.79,94.592
64,7,6.6619,38.294,327.2,109.79
64,7,5.9022,36.548,329.89,128.74
64,7,4.8094,35.489,311.12,121.55
64,7,5.961,36.673,316.9,120.12
64,7,4.9607,35.428,298.2,111.06
64,7,5.2628,36.672,327.99,128.06
64,7,5.5001,36.886,326.24,122
64,7,5.0587,35.531,313.54,127.22
64,7,6.593,38.36,352.26,134.21
64,7,6.9002,37.458,336.6,129.53
64,7,4.9723,34.645,285.6,106.09
64,7,5.9485,34.864,287.6,106.77
64,7,4.8574,36.676,318.13,118.15
64,7,6.0602,36.517,313.71,113.94
64,7,7.5512,35.881,309.97,119.22
64,7,4.8882,36.183,324.3,126.04
64,7,5.632,35.302,310.33,121.64
64,7,5.6854,39.306,388.48,157.23
64,7,5.1762,37.625,335.9,127.86
64,7,7.2502,35.611,307.25,116.73
64,7,6.0642,36.391,314.48,115.93
64,7,6.5117,35.765,304.79,117.93
64,7,5.7912,34.891,296.74,114.61
64,7,6.6732,37.182,343.64,136.29
64,7,5.5861,35.219,295.91,111.19
64,7,5.4657,36.848,308.5,112.75
64,7,6.0359,36.498,305.03,110.43
64,7,7.0513,35.816,306.7,115.81
64,7,5.9772,37.767,335.39,123.56
64,7,4.338,36.436,330,129.89
64,7,7.2388,34.952,301.95,119.49
64,7,6.6306,36.299,324.64,125.39
64,7,5.3232,34.4,283.72,107.16
64,7,5.4113,37.641,345.32,134.2
64,7,6.6711,36.848,333.54,133.88
64,7,6.621,33.246,259.9,97.068
64,7,6.0026,35.695,320.2,129
64,7,5.7788,34.179,284.84,110
64,7,5.7385,35.617,305.96,117.15
64,7,7.7131,37.325,354.43,144.36
64,7,7.9909,35.299,294,110.18
64,7,4.9145,35.006,311.87,126.94
64,7,6.3854,36.148,296.29,107.86
64,7,8.0799,37.17,330.58,125.39
64,7,5.3431,37.532,339.43,130.13
64,7,5.0379,37.1,331.36,125.6
64,7,6.6117,36.663,304.26,110.78
64,7,4.4725,37.233,322.14,118.94
64,7,6.4361,38.005,344.73,126.31
64,7,7.2623,37.689,320.25,114.83
64,7,9.5007,35.411,290.24,107.97
64,7,6.7811,35.34,295.1,109.97
64,7,5.409,35.572,295.8,113.31
64,7,6.2159,36.216,319.56,124.34
64,7,5.3283,36.213,306.26,116.48
64,7,5.2301,36.866,319.2,116.34
64,7,7.1023,35.734,300.98,114.35
64,7,7.4981,35.975,328.98,131.19
64,7,5.4712,36.535,331.94,133.03
64,7,5.3977,34.321,297.18,119.63
64,7,7.0596,34.654,294.08,114.68
64,7,5.6847,36.403,313.14,118.54
64,7,5.1693,35.499,291.62,108.07
64,7,5.4882,34.142,287.93,111.77
64,7,5.7512,32.962,273.63,109.11
64,7,5.6843,35.625,300.18,113.82
64,7,6.4585,37.054,339.04,132.66
64,7,5.2296,35.807,314.22,124.98
64,7,8.0464,34.686,285.98,108.02
64,7,6.2319,36.142,321.88,127.34
64,7,5.9493,34.893,285.57,107.57
64,7,4.8242,35.518,296.04,111.37
64,7,6.2779,35.674,284.93,102.78
64,7,5.8906,35.669,306.83,117.15
64,7,5.1388,35.617,300.66,114.92
64,7,4.8641,36.822,331.74,125.32
64,7,6.0584,35.555,303.02,118.84
64,7,8.7474,35.54,322.46,130.18
64,7,5.4406,36.161,317.61,123.52
64,7,7.4178,38.744,351.48,124.64
64,7,4.6778,36.797,332.15,126.62
64,7,6.955,35.022,297.1,115.91
64,7,6.7449,35.495,292.11,108.32
64,7,5.1878,38.051,344.53,128.22
64,7,7.0024,35.407,301.92,117.63
64,7,5.1975,37.975,366.02,146.68
64,7,5.0766,35.686,307.84,116.89
64,7,7.0221,36.95,334.11,134.23
64,7,5.3726,37.784,338.96,130.37
64,7,5.9002,37.249,341.97,134.1
64,7,5.6524,37.485,316.57,114.45
64,7,6.0983,35.418,293.86,109.38
64,7,5.7645,37,310.04,112.74
64,7,6.3419,37.158,332.34,129.5
64,7,5.5691,36.794,339.01,133.86
64,7,8.0841,34.522,280.36,105.22
64,7,5.594,35.768,308.34,119.42
64,7,5.9647,37.772,328.93,122.28
64,7,5.7459,36.407,319.32,124.29
64,7,7.2426,35.449,293.94,106.84
64,7,6.9252,35.984,312.41,116.07
64,7,7.3694,34.967,295.55,112.64
64,7,6.2523,36.951,335.63,128.07
64,7,6.0017,37.161,329.82,122.71
64,7,8.2405,36.933,332.39,128.05
64,7,9.1871,35.612,322.73,131.61
64,7,6.7736,35.752,311.63,123.44
64,7,10.174,38.354,352.5,134.68
64,7,6.8419,34.529,285.42,104.68
64,7,5.87,35.794,304.71,118.04
64,7,6.7832,34.658,276.58,102.05
64,7,5.3867,36.744,328.24,129.79
64,7,6.2993,33.958,269.78,101.66
64,7,5.0605,35.234,308.73,124.88
64,7,6.5233,34.63,304.14,122.42
64,7,5.6552,35.476,310.65,121.05
64,7,5.8689,37.85,359.85,140.72
64,7,7.9408,36.07,313.02,118.72
64,7,5.6829,36.521,321.63,122.68
64,7,6.672,36.142,310.98,117.16
64,7,7.3798,33.939,270.06,101.36
64,7,5.7271,35.312,313.02,126.45
64,7,5.6182,35.589,310.74,120.79
64,7,5.5532,36.998,335.44,129.35
64,7,6.6466,36.121,313.41,121.26
64,7,6.8376,36.821,327.88,127.22
64,7,5.7687,36.795,309.62,114.59
64,7,6.2411,37.474,333.51,128.1
64,7,5.9985,36.316,318.89,121.21
64,7,4.785,37.253,330.74,119.15
64,7,5.1769,34.575,279.72,106.7
64,7,6.3587,34.434,282.12,105.27
64,7,5.8336,37.068,332.85,128.16
64,7,5.3559,35.523,308.6,122.76
64,7,5.1985,36.154,317.51,120.86
64,7,8.6207,37.764,342.35,130.86
64,7,6.3153,38.321,371.78,148.01
64,7,4.6813,35.105,301.29,117.55
64,7,4.9443,35.886,313.29,120.83
64,7,5.8246,35.357,303.29,117.28
64,7,4.9153,34.268,269.4,96.055
64,7,6.4204,35.011,292.18,111.03
64,7,5.5993,36.164,301.92,108.3
64,7,6.0749,36.537,330.68,130.28
64,7,6.1429,36.969,322.62,120.47
64,7,8.6217,35.161,298.64,116.1
64,7,6.6891,37.464,339.95,132.18
64,7,7.0523,37.074,317.58,114.53
64,7,6.0054,36.896,324.32,126.26
64,7,5.7167,34.26,275.79,102.38
64,7,8.0002,33.87,288.6,115.89
64,7,5.178,37.421,325.4,122.37
64,7,4.835,35.636,299.91,112.92
64,7,7.9286,35.705,310.82,121.67
64,7,5.5249,35.48,295.39,109.72
64,7,6.5439,37.752,328.77,122.3
64,7,6.0694,36.664,318.1,119.8
64,7,6.02,35.86,304.65,117
64,7,6.1213,36.785,312.42,114.71
64,7,6.9792,35.769,294.15,109.95
64,7,6.731,36.633,328.98,128.46
64,7,5.7384,36.44,312.31,115.02
64,7,4.763,36.106,308.21,115.37
64,7,6.6465,36.793,319.88,120.26
64,7,5.5647,33.655,267.52,97.27
64,7,6.7701,36.514,327.91,126.89
64,7,5.9012,37.391,326.23,122.33
64,7,5.6608,35.78,302.5,114.43
64,7,7.1384,36.148,298.36,108.73
64,7,8.042,34.962,292.58,111.97
64,7,9.8919,35.677,302.16,113.21
64,7,6.4681,36.622,323.45,123.78
64,7,5.3651,35.218,310.11,124.04
64,7,11.044,36.875,333.18,132.71
64,7,7.8203,36.279,315.28,121.08
64,7,6.0779,34.427,280.74,105.83
64,7,5.092,35.32,301.65,117.97
64,7,5.8902,35.287,289.82,106.91
64,7,4.4441,35.799,319.61,125.36
64,7,6.0337,35.958,296.82,110.36
64,7,6.8103,37.365,352.93,143.25
64,7,6.8584,35.303,321.61,132.92
64,7,5.7488,37.624,346.64,134.47
64,7,7.6313,34.118,283.25,106.95
64,7,5.6309,35.014,293.41,111.02
64,7,6.4336,35.252,268.36,91.356
64,7,6.6267,35.871,296.8,107.56
64,7,7.1173,35.648,291.63,109.78
64,7,5.8691,37.051,323.95,122.18
64,7,5.8488,34.882,287.01,106.56
64,7,9.8989,35.482,312.01,118.09
64,7,6.4426,34.945,301.1,121.42
64,7,5.8287,35.878,319.28,126.27
64,7,6.5114,35.873,315.19,123.18
64,7,6.9338,35.436,291.86,108.48
64,7,5.6024,35.792,306.09,118.49
64,7,5.4165,38.237,352.89,136.45
64,7,6.3188,35.708,299.38,111.45
64,7,7.2832,35.849,324.67,130.67
64,7,6.7074,38.237,358.67,141.15
64,7,6.4849,34.306,282.23,107.82
64,7,6.3037,36.082,320.98,126.02
64,7,6.1241,35.97,310.81,116.27
64,7,5.8538,34.967,300.76,119.77
64,7,7.7963,39.251,360.8,132.54
64,7,6.5556,35.27,302.22,118.68
64,7,6.2544,38.105,348.73,130.76
64,7,5.4618,35.078,282.66,105.47
64,7,4.418,35.91,327.21,132.4
64,7,7.4601,35.329,289.65,108.15
64,7,5.5754,35.661,306.38,115.49
64,7,7.4367,35.306,300.17,115.42
64,7,8.8006,36.187,320.79,127.12
64,7,6.0271,36.459,321.82,125.46
64,7,6.2576,37.417,336.22,130.54
64,7,6.8211,36.19,324.83,130.57
64,7,5.1405,35.634,306.6,116.48
64,7,5.0544,39.684,397.24,160.75
64,7,7.4202,35.098,296.79,111.33
64,7,5.5119,35.45,292.87,109.24
64,7,4.5965,37.307,340.42,136.37
64,7,4.9359,37.246,348.16,138.46
64,7,8.03,37.365,327.97,122.21
64,7,6.5899,35.236,296.58,112.96
64,7,4.8969,36.097,322.58,125.78
64,7,9.7303,37.171,323.49,122.84
64,7,5.2765,37.043,329.51,125.29
64,7,5.7349,34.339,273.06,99.226
64,7,5.9525,32.841,265.63,104.62
64,7,6.7889,36.925,320.7,122.03
64,7,7.497,36.177,327.1,129.33
64,7,6.6945,33.899,277.81,104.42
64,7,6.6682,37.512,343.43,130.18
64,7,5.504,35.723,291.18,106.01
64,7,6.3859,35.904,308.18,116.92
64,7,6.6561,37.57,332.27,127.07
64,7,7.2786,36.34,320.32,121.19
64,7,6.389,37.723,347.53,140.04
64,7,8.176,36.534,324.02,125.49
64,7,4.7258,35.884,317.11,123.19
64,7,4.8128,34.91,298.65,118.84
64,7,5.731,35.423,298.73,114.96
64,7,6.358,37.754,339.12,128.21
64,7,5.9504,36.752,318.94,119.8
64,7,4.8128,34.917,294.78,116.03
64,7,9.3682,36.574,324.59,126.25
64,7,5.1801,36.533,319.6,120.87
64,7,5.5793,37.596,342.58,129.46
64,7,5.1573,34.417,280.78,105.28
64,7,5.6932,37.553,330.92,119.03
64,7,6.1938,35.53,303.42,116.21
64,7,6.7127,37.675,341.43,131.57
64,7,5.971,38.662,360.89,137.36
64,7,8.7132,35.158,292.82,109.31
64,7,5.619,35.975,322.4,129.95
64,7,5.2653,35.643,306.07,117.51
64,7,6.1608,35.211,318.6,128.68
64,7,7.3343,36.215,311.61,116.62
64,7,5.8296,35.589,291.03,109
64,7,9.372,38.827,366.48,142.02
64,7,6.9949,36.259,311.88,119.84
64,7,5.2733,36.499,304.23,107.84
64,7,6.1535,36.562,325.55,128.88
64,7,7.1769,35.915,308.69,117.21
64,7,5.3698,36.29,320.95,123.46
64,7,9.4491,34.851,296.23,114.49
64,7,5.1068,34.989,285.48,106.61
64,7,4.5894,34.719,294.66,115.05
64,7,5.0706,34.132,286.34,112.91
64,7,7.2003,38.117,352.21,136.43
64,7,5.256,35.615,308.24,117.29
64,7,6.3485,36.028,295.65,105.01
64,7,6.0744,38.576,338.89,124.32
64,7,8.0095,35.152,298.24,115.5
64,7,7.2067,36.141,312.7,117.55
64,7,4.4229,37.159,342,134.26
64,7,6.4448,37.213,342.17,132.77
64,7,6.0919,34.662,285.5,106.54
64,7,7.0035,37.044,328.19,125.97
64,7,5.5787,36.099,309.19,116.87
64,7,5.8008,38.228,346.38,129.91
64,7,4.929,35.165,293.75,111.79
64,7,5.7316,38.988,384.75,155.13
64,7,5.9451,35.59,313.57,124.52
64,7,5.4125,36.767,312.48,115.34
64,7,6.1131,37.509,354.37,140.03
64,7,5.5938,35.36,296.42,111.25
64,7,4.8485,34.821,302.14,120.65
64,7,4.8199,34.689,290.72,109.24
64,7,7.5733,35.031,295.47,110.25
64,7,8.0601,37.203,305.89,108.23
64,7,5.4515,36.562,310.08,115.9
64,7,5.9015,34.321,282.14,107.93
64,7,6.1996,35.529,297.36,112.48
64,7,6.9267,39.101,381.2,151.82
64,7,6.4542,36.636,320.75,124.64
64,7,7.1578,37.018,309.2,110.66
64,7,4.3733,36.331,330.15,133.51
64,7,5.0577,36.528,315.16,118.85
64,7,6.2467,34.661,305.25,121.57
64,7,5.2008,35.314,303.92,119.95
64,7,5.1842,35.547,310.25,123.01
64,7,6.8018,34.938,289.42,112.89
64,7,7.4303,36.34,322.16,128.66
64,7,5.7689,35.659,307.66,118.59
64,7,5.7819,35.298,289.61,108.54
64,7,4.702,35.346,306.69,121.64
64,7,5.2806,36.468,308.8,116.23
64,7,5.9423,35.278,293.61,108.4
64,7,8.9532,37.128,319.94,119.94
64,7,6.7074,33.94,276.56,106.74
64,7,5.2113,36.787,330.48,130.2
64,7,4.8922,36.701,335.12,132.23
64,7,5.6914,38.32,363.13,141.72
64,7,11.62,37.65,332.14,122.9
64,7,5.2348,37.092,340.71,137.77
64,7,6.3057,34.784,296.05,114.35
64,7,7.5224,37.885,349.63,132
64,7,6.0436,35.514,314.82,124.95
64,7,5.3689,39.488,364.72,137.01
64,7,5.3484,35.776,309.44,119.54
64,7,4.4793,38.115,347.24,130.09
64,7,4.81,36.62,324.7,126.81
64,7,9.657,35.314,290.43,109
64,7,7.7435,35.665,294,108.75
64,7,6.3203,34.788,294.16,111.85
64,7,6.8651,35.219,293.66,113.38
64,7,6.9451,36.377,331.51,133.94
64,7,5.8987,34.832,303.88,121.32
64,7,6.1594,36.338,311.78,119.43
64,7,6.1395,36.094,321.22,123.65
64,7,5.1522,36.086,307.21,115.34
64,7,7.9781,35.724,297.42,111.03
64,7,7.1619,37.498,343.92,135.71
64,7,5.4857,35.564,309.22,117.52
64,7,5.7314,37.428,337.47,130.31
64,7,6.416,35.453,319.45,127.78
64,7,6.4155,36.834,305.41,109.19
64,7,8.8371,36.043,300.66,109.78
64,7,7.3476,36.75,323.93,124.2
64,7,5.9792,36.152,313.46,119.16
64,7,5.1003,36.902,331.29,125.88
64,7,5.2147,35.598,316.77,127.8
64,7,6.7028,35.482,320.92,130.86
64,7,7.0186,35.887,310.01,119.2
64,7,6.9035,35.54,303.64,115.28
64,7,7.4148,35.776,305.72,114.48
64,7,5.2748,34.908,284.21,107.7
64,7,7.6026,35.655,293.46,105.57
64,7,8.2522,37.587,343.28,132.85
64,7,5.5653,35.219,300.85,117.86
64,7,5.4927,35.248,280.36,99.931
64,7,5.456,34.364,291.64,112.26
64,7,6.1677,35.791,314.83,125.06
64,7,5.2424,37.3,339.91,131.16
64,7,5.8433,36.333,306.79,111.4
64,7,7.2884,36.766,328.14,125.68
64,7,4.647,36.726,318.91,120.86
64,7,7.5107,38.651,338.89,118.96
64,7,6.0788,37.024,334.63,130.02
64,7,6.5432,33.514,274,108.18
64,7,7.2468,35.253,309.92,120.17
64,7,6.4868,32.731,268.81,107.38
64,7,5.18,37.716,351.33,138.64
64,7,6.1455,35.64,299.81,111.37
64,7,5.9993,35.106,271.39,96.309
64,7,5.1464,36.383,318.76,121.25
64,7,5.2076,38.132,368.06,151.44
64,7,5.2964,36.706,334.55,130.5
64,7,8.1964,36.106,307.84,112.17
64,7,6.2804,34.266,276.09,101.86
64,7,5.7234,37.054,327.5,127.62
64,7,6.1107,38.033,340.32,125.98
64,7,5.444,38,362.56,145.7
64,7,7.8002,35.98,291.02,105.02
64,7,5.967,35.33,290.29,110.98
64,7,4.3382,36.131,313.89,121.35
64,7,4.9067,38.192,344.99,130.5
64,7,6.2943,34.186,271.24,97.01
64,7,5.0673,37.196,337.74,133.2
64,7,6.4809,37.361,343.48,135.14
64,7,6.1789,37.113,345.01,139.93
64,7,5.6325,35.902,307.69,113.78
64,7,5.8342,36.333,327.84,128.96
64,7,5.5503,36.172,325.33,130.54
64,7,7.3791,37.026,326.56,124.62
64,7,6.9066,37.874,330.52,119.26
64,7,8.5696,36.034,308.26,115.43
64,7,5.409,34.249,289.15,115.38
64,7,4.5747,36.895,343.51,137.46
64,7,7.3218,35.567,298.76,114.69
64,7,8.5749,36.609,326.21,123.63
64,7,9.0241,35.03,281.73,102.28
64,7,7.1616,35.372,295.36,114.19
64,7,7.0383,35.375,294.98,110.04
64,7,6.8459,36.337,310.2,118.71
64,7,5.1825,34.822,292.73,114.21
64,7,5.4972,35.364,314.4,124.42
64,7,6.1383,35.466,302.72,118.49
64,7,5.6784,33.447,267.32,99.458
64,7,8.0795,35.469,311.29,122.31
64,7,5.5126,35.977,302.3,111.72
64,7,5.9055,34.752,293.63,115.23
64,7,8.357,36.376,309.02,112.33
64,7,5.1321,35.65,311.01,122.09
64,7,7.5051,34.593,280.01,106.78
64,7,5.8321,39.19,357.03,128.09
64,7,7.2234,36.336,317.23,120.56
64,7,4.7749,36.295,306.26,114.75
64,7,7.2565,36.288,332.67,131
64,7,5.3759,37.579,325.88,119.36
64,7,6.4185,36.357,320.9,125.8
64,7,5.7896,35.25,316.29,127.68
64,7,5.6352,36.369,310.36,115.95
64,7,6.4196,37.022,340.41,132.96
64,7,5.045,35.184,304.05,121.06
64,7,5.2717,34.44,285.04,106.48
64,7,4.7501,36.398,334.13,134.75
64,7,5.6568,36.515,303.77,103.1
64,7,7.836,35.351,302.34,117.33
64,7,5.744,33.814,274.22,101.83
64,7,5.1688,36.834,329.34,127.27
64,7,6.1719,37.171,319.16,122.49
64,7,5.178,34.125,293.04,119.31
64,7,7.4347,36.71,320.85,120.12
64,7,4.6413,34.738,283.19,106.71
64,7,5.8385,34.902,305.93,121.92
64,7,9.2156,37.327,319.54,119.42
64,7,6.1379,37.731,350.81,140.47
64,7,5.3808,35.77,308.21,119.48
64,7,4.7761,36.437,329.98,128.84
64,7,7.1165,35.616,310.08,119.12
64,7,5.8697,36.821,339.41,135.35
64,7,5.7263,37.957,352.33,137.76
64,7,6.6776,34.358,274.38,100.67
64,7,5.2649,34.923,300.48,115.88
64,7,5.7895,35.793,295.53,109.28
64,7,7.2599,34.812,311.59,127.39
64,7,8.1102,37.531,335.08,127.73
64,7,5.1023,36.097,298.44,109.19
64,7,8.0675,33.337,256.72,94.764
64,7,10.038,35.13,312.2,124.66
64,7,5.6122,35.516,303.43,116.86
64,7,7.0237,35.109,287.56,105.92
64,7,4.8726,35.35,296.44,111.27
64,7,6.8426,36.002,314.53,117.53
64,7,5.1388,35.192,298.11,113.68
64,7,6.1119,34.151,283.96,109.27
64,7,6.0269,37.241,325.81,121.26
64,7,6.0357,37.011,325.31,124.27
64,7,6.9904,38.383,351.87,134.16
64,7,6.9713,35.275,302.92,117.57
64,7,8.4007,36.205,327.25,129.16
64,7,7.1431,36.735,332.82,131.55
64,7,7.8758,38.236,343.79,131.02
64,7,8.0415,34.509,294.32,116.36
64,7,5.8126,33.987,264.73,96.508
64,7,8.5891,36.968,325.51,121.41
64,7,6.1467,35.882,307.23,119.55
64,7,5.8279,35.772,309.77,121.46
64,7,5.1059,36.447,315.17,118.75
64,7,5.2243,35.21,281.17,99.124
64,7,6.4282,36.078,324.91,130.47
64,7,8.4882,38.359,358.23,141.45
64,7,4.9651,37.969,356.37,140.15
64,7,6.631,34.443,299.41,120.9
64,7,6.8354,37.616,328.22,120.89
64,7,5.4527,36.64,332.15,128.66
64,7,6.5886,36.999,340.3,134.29
64,7,6.7853,37.251,325.81,121.56
64,7,8.6066,36.066,303.66,113.92
64,7,4.9349,35.759,305.52,116.84
64,7,7.2198,36.388,315.57,120.09
64,7,6.5454,38.476,358.94,135.87
64,7,8.1613,37.015,336.72,135.36
64,7,6.4152,37.759,342.46,130.88
64,7,4.9351,35.152,299.11,115.45
64,7,4.7029,36.622,304.2,105.16
64,7,6.8397,35.748,302.36,113.65
64,7,4.6169,36.634,317.25,119.4
64,7,6.6634,34.071,279.69,106.44
64,7,7.6497,34.798,297.46,114.7
64,7,6.1243,36.897,322.06,121.89
64,7,8.2206,37.986,355.97,139.21
64,7,5.8965,38.529,363.21,143.84
64,7,6.3975,36.864,313.11,117.11
64,7,6.0671,37.028,326.77,125.8
64,7,5.7778,35.184,296.73,111.56
64,7,8.1724,36.419,300.44,108.11
64,7,5.5187,36.098,314.43,120.65
64,7,6.3553,37.651,347.27,134.13
64,7,7.3471,37.572,337.97,125.37
64,7,5.8714,34.165,283.19,110.12
64,7,5.8101,35.392,297.24,113.68
64,7,5.3324,34.785,313.02,128.05
64,7,4.9157,36.562,310.83,112.82
64,7,7.6576,36.635,319.2,123.55
64,7,6.6868,35.458,308.17,118.82
64,7,6.476,37.075,319.79,116.18
64,7,6.505,36.857,330.62,128.01
64,7,7.0383,36.937,323.33,123.88
64,7,6.1588,37.116,322.48,118.25
64,7,5.7594,36.358,329.88,130.05
64,7,7.0843,36.658,329.89,128.52
64,7,5.3454,34.281,278.05,107.87
64,7,5.3597,34.948,293.19,112.01
64,7,8.1267,35.668,306,117.02
64,7,6.0135,35.522,314,126.16
64,7,6.4919,34.363,280.69,104.67
64,7,9.5183,35.116,311.46,125.04
64,7,5.1899,34.515,290.89,111.3
64,7,6.8147,36.227,319.69,124.99
64,7,5.725,36.529,333.3,132.7
64,7,5.9412,36.182,311.23,119.13
64,7,6.348,35.295,297.5,113.28
64,7,5.5086,35.914,305.06,116.74
64,7,5.3747,38.514,360.85,138.4
64,7,6.4347,33.967,270.67,98.772
64,7,4.6867,36.287,317.44,123.78
64,7,4.8924,33.573,277.99,108.04
64,7,6.5631,36.391,315.36,121.9
64,7,6.5046,35.842,304.92,114.58
64,7,6.4125,35.5,307.95,122.04
64,7,6.1642,37.937,344.33,133.28
64,7,6.1567,35.538,297.08,111.56
64,7,6.4906,36.012,296.31,109.07
64,7,8.3631,34.602,271.04,98.728
64,7,6.481,36.568,324.24,121.18
64,7,6.772,36.528,327.14,130.56
64,7,4.4979,35.086,295.86,112.36
64,7,5.8443,35.95,300.77,112.3
64,7,6.1812,34.952,302.62,119.07
64,7,5.8006,36.443,309.44,116.02
64,7,5.4723,35.351,301.49,115.14
64,7,5.8047,36.025,327.43,132.58
64,7,5.2994,35.975,316.67,123.04
64,7,5.9843,37.269,326.22,122.17
64,7,5.6494,34.248,273.23,101.92
64,7,6.7874,34.759,293.09,114.52
64,7,5.9474,36.681,319.44,122.23
64,7,6.0487,37.455,333.22,125.55
64,7,4.6192,33.953,292.01,118.18
64,7,4.5571,36.727,328.28,126.88
64,7,5.774,35.05,289.48,109.49
64,7,7.7758,34.997,291.3,108.5
64,7,6.0833,36.549,315.02,113.97
64,7,5.3518,36.487,350.48,143.89
64,7,6.5197,35.065,275.58,96.214
64,7,6.3727,36.308,308.85,114.99
64,7,6.8175,36.939,317.53,117.77
64,7,5.6805,36.229,335.13,135.71
64,7,6.4383,35.034,291.98,112.04
64,7,5.4128,33.649,275.71,106.06
64,7,6.2938,35.498,317.86,127.57
64,7,7.7874,35.604,296.89,115.27
64,7,5.1282,36.556,312.12,118.03
64,7,4.6854,35.624,305.82,112.42
64,7,6.213,35.169,309.21,119.96
64,7,5.2905,38.881,374.93,148.4
64,7,7.634,36.177,313.56,121.21
64,7,7.9299,35.747,316.64,125.8
64,7,6.0163,36.42,318.77,119.23
64,7,6.0854,37.888,337.24,124.04
64,7,6.8041,35.743,304.99,116.44
64,7,5.823,36.449,324.17,125.1
64,7,4.8936,36.772,335.79,132.43
64,7,6.3533,36.83,330.17,128.91
64,7,5.1678,37.345,330.41,124.37
64,7,6.9853,34.702,279.21,103.47
64,7,6.5401,36.618,315.69,119.4
64,7,6.4614,37.259,351.98,140.34
64,7,4.9007,36.877,335.62,131.4
64,7,7.3254,37.591,336.4,128.32
64,7,6.0897,35.258,294.26,110.49
64,7,5.442,34.912,294.99,111.16
64,7,6.2602,34.538,286.37,111.76
64,7,6.7029,36.597,314.59,115.53
64,7,6.811,35.371,294.4,111.09
64,7,6.595,36.024,310.2,114.3
64,7,5.4272,34.697,287.17,109.68
64,7,6.4572,35.838,298.02,110.62
64,7,5.5922,36.933,338.2,136.08
64,7,5.9912,35.128,309.1,120.64
64,7,5.8733,35.458,301.2,114.79
64,7,5.5003,35.547,302.9,119.09
64,7,8.7535,35.239,309.24,122.82
64,7,6.2646,36.725,320.3,120.47
64,7,6.2311,36.464,323.18,126.29
64,7,5.1055,36.607,325.95,127.25
64,7,6.125,35.256,294.79,108.2
64,7,10.535,36.556,318.56,122.27
64,7,6.8353,34.634,286.19,110.37
64,7,5.0017,37.028,320.42,120.67
64,7,5.402,36.614,318.68,119.03
64,7,6.3858,37.064,319.16,115.79
64,7,7.1972,38.033,345.14,130.77
64,7,5.8712,35.25,300.12,115.92
64,7,9.7791,36.293,304.66,112.4
64,7,11.217,35.456,300.03,116.37
64,7,6.1128,37.186,333.12,129.41
64,7,5.3434,34.317,280.1,107.09
64,7,6.6291,37.848,340.28,127.52
64,7,6.4534,34.796,290.1,110.94
64,7,4.2341,34.999,301.26,121.32
64,7,5.1034,36.641,316.75,117.05
64,7,7.4327,36.506,311.37,118.79
64,7,5.2748,35.436,299.37,114.67
64,7,5.891,37.844,350.78,139.75
64,7,5.8733,37.428,356.63,144.25
64,7,6.3111,36.621,322.88,126.65
64,7,5.2768,36.134,300.93,109.05
64,7,10.412,38.379,340.09,128.11
64,7,6.1148,35.506,305.75,119.77
64,7,5.9322,35.357,317.13,127.46
64,7,7.647,35.483,299.14,113.19
64,7,6.3286,34.734,276.82,100.68
64,7,6.0385,35.175,307.23,122.06
64,7,4.6177,37.322,335.36,131.3
64,7,9.6701,36.876,314.26,117.86
64,7,6.3455,36.53,300.48,109.33
64,7,7.745,36.186,295.22,107.85
64,7,6.1737,36.099,301.99,111.74
64,7,5.1772,35.322,303.89,119.23
64,7,7.2249,36.143,313.31,122
64,7,7.4806,36.167,321.64,124.83
64,7,3.8826,36.126,316.76,116.63
64,7,4.5949,36.009,314.68,118.61
64,7,6.1126,35.246,302.58,116.68
64,7,5.8711,36.585,338.48,135.15
64,7,8.4992,36.749,326.76,124.92
64,7,6.0715,35.681,324.11,129.61
64,7,7.4956,38.343,358.48,141.34
64,7,5.2578,36.228,324.06,126.63
64,7,5.9692,37.861,347.67,133.29
64,7,5.2185,36.29,319.8,124.88
64,7,6.0846,37.363,342.59,134.01
64,7,5.9024,36.464,310.41,114.53
64,7,6.6114,35.569,305.02,116.59
64,7,5.791,33.759,281.56,110.38
64,7,6.0248,37.415,332.25,124.67
64,7,5.3671,38.518,349.47,132.26
64,7,6.9905,35.903,307.73,116.72
64,7,5.5307,35.815,303.54,115.19
64,7,6.3686,36.475,310.64,115.2
64,7,4.8021,33.883,275.36,103.92
64,7,5.4375,33.851,287.21,115.88
64,7,5.7785,35.859,296.62,109.67
64,7,6.4397,34.651,285.35,105.58
64,7,6.6385,35.958,303.27,114.62
64,7,6.2642,36.231,300.44,109.98
64,7,6.6138,36.009,311.51,121.4
64,7,5.8776,37.362,334.32,127.97
64,7,5.8673,35.839,303.75,112.65
64,7,4.5536,37.896,344.68,126.62
64,7,4.6317,34.743,293.63,115.69
64,7,5.4841,36.001,324.68,128.85
64,7,7.3798,37.711,352.26,139.25
64,7,9.9491,34.843,299.35,115.66
64,7,6.4439,35.656,310.82,123.3
64,7,5.3608,36.865,326.96,125.29
64,8,5.6525,38.979,371.29,148.23
64,8,6.2572,39.71,399.89,165.2
64,8,5.692,37.795,354.05,139.03
64,8,5.9191,35.52,309.04,119.53
64,8,5.826,38.027,359.13,142.13
64,8,7.3557,36.745,331.79,128.68
64,8,4.7058,40.471,399.3,154.67
64,8,8.6424,35.839,311.99,120.94
64,8,6.7315,37.327,335.76,130.64
64,8,4.3565,39.831,382.36,144.13
64,8,5.9592,37.559,323.69,118.58
64,8,6.0964,37.277,338.06,133.88
64,8,5.3004,37.2,343.23,136.98
64,8,9.0903,39.524,389.98,158.87
64,8,5.1332,37.33,362.42,151.04
64,8,5.7804,37.706,348.22,138.02
64,8,5.7534,38.287,356.01,140.15
64,8,6.6236,39.398,365.18,138.48
64,8,7.6649,38.039,340.22,130.24
64,8,5.8083,38.588,387.32,161.27
64,8,8.2237,39.054,367.14,143.24
64,8,7.0003,39.275,383.84,150.9
64,8,6.5242,38.055,346.71,131.95
64,8,7.0408,36.974,345.61,139.98
64,8,5.5544,38.981,380.61,152.94
64,8,9.5987,36.383,331.51,129.57
64,8,5.764,37.977,346.73,133.4
64,8,6.0758,36.509,325.79,127.6
64,8,5.9928,37.306,335.49,127.43
64,8,5.2599,35.975,337.78,139.41
64,8,5.4118,38.031,357.14,138.81
64,8,6.7201,39.698,394.26,156.8
64,8,7.3406,35.954,306.52,115.38
64,8,7.064,37.772,342.36,130.69
64,8,5.0262,38.555,364.08,140.87
64,8,4.3159,39.661,383.2,145.23
64,8,5.4695,38.181,366.75,147.49
64,8,4.3164,39.613,378.38,141.37
64,8,6.1626,35.401,307.74,119.8
64,8,8.4698,39.258,388.14,154.19
64,8,8.1932,37.934,352.4,137.39
64,8,7.0587,38.937,371.39,148.1
64,8,12.092,37.626,340.96,133.92
64,8,5.0166,38.289,345.39,128.14
64,8,6.4,38.778,350.84,129.32
64,8,6.389,37.427,340.41,134.73
64,8,5.5598,38.218,347.17,133.44
64,8,5.9497,38.14,356.17,141.03
64,8,8.1978,36.493,337.5,138.12
64,8,6.4779,35.978,310.41,119.01
64,8,6.3627,36.873,318.29,117.84
64,8,6.4442,37.064,336.77,133.62
64,8,8.7325,39.239,366.06,138.52
64,8,5.4389,37.608,349.68,139.45
64,8,7.1408,37.741,340.15,125.99
64,8,5.4207,37.406,346.09,130.91
64,8,8.103,35.966,304.6,117.14
64,8,6.7848,37.513,346.17,132.3
64,8,8.403,37.809,348.69,136.5
64,8,6.3,37.044,335.97,130.61
64,8,7.4157,37.203,346.18,138.02
64,8,5.3869,36.707,327.28,125.66
64,8,5.5633,38.012,361.99,144.46
64,8,5.7645,37.211,333.72,132.54
64,8,5.8192,37.79,362.48,148.61
64,8,7.2957,38.552,363.2,143.61
64,8,6.4887,35.067,297.75,115.01
64,8,6.1026,38.948,363.75,141.43
64,8,5.2575,39.078,360.3,136.58
64,8,6.811,38.714,364.08,142.42
64,8,7.6708,38.668,373.97,148.65
64,8,9.188,38.026,353.27,140.07
64,8,6.9735,38.031,332.33,122.7
64,8,7.8288,37.581,338.71,129.79
64,8,7.1264,38.082,345.08,131.77
64,8,6.8625,37.785,355.58,137.36
64,8,7.0921,36.641,307.98,110.92
64,8,8.0972,37.404,337.41,126.31
64,8,6.1793,37.293,331.63,127.84
64,8,7.4224,38.774,365.51,137.54
64,8,6.0914,39.206,377.89,143.33
64,8,6.5149,37.348,334.42,129.01
64,8,5.9216,37.828,353.63,140.95
64,8,6.4958,39.73,369.88,139.01
64,8,7.7384,38.29,366.21,144.83
64,8,5.8125,39.982,388.45,152.37
64,8,7.5933,37.581,345.12,137.43
64,8,5.9068,34.316,292.13,115.05
64,8,6.4798,38.134,363.76,142.06
64,8,7.1514,39.553,386.45,150.93
64,8,6.3631,37.396,358.55,144.71
64,8,7.2328,37.266,342.16,135.08
64,8,5.2801,37.919,360.92,146.28
64,8,7.686,37.965,343.77,131.02
64,8,10.28,38.631,377.57,153.12
64,8,6.0587,35.992,311.53,121.3
64,8,10.01,38.362,352.55,135.28
64,8,11.493,35.595,308.71,118.6
64,8,6.2865,38.35,366.16,148.33
64,8,5.8303,38.555,358.34,137.62
64,8,4.5164,38.38,362.61,140.9
64,8,4.8251,37.362,343.19,135.86
64,8,6.9113,37.162,338.07,132.23
64,8,5.9229,38.482,378.5,157.29
64,8,7.2649,35.628,315.92,122.89
64,8,6.1479,38.838,392.63,164.16
64,8,7.3061,37.626,347.55,138.48
64,8,7.4106,37.82,341.45,129.1
64,8,6.8072,36.801,335.2,130.25
64,8,6.2176,37.868,346.58,134.07
64,8,7.2627,39.138,375.52,147.53
64,8,5.9841,38.992,371.58,145.58
64,8,9.0331,35.668,327.4,135.83
64,8,5.8036,38.813,372.06,149.01
64,8,6.4343,36.511,330,130.54
64,8,5.8431,37.643,340.83,130.74
64,8,7.1006,39.555,388.15,156.99
64,8,5.4265,37.434,349.33,138.88
64,8,8.9684,36.965,309.64,111
64,8,8.4155,38.317,342.04,128.95
64,8,10.577,36.788,336.61,135.33
64,8,5.3365,38.13,356.66,140.32
64,8,6.4009,36.821,323.37,123.93
64,8,6.1606,36.882,346.91,142.14
64,8,5.9757,38.6,370.21,146.04
64,8,5.576,37.958,331.97,118.1
64,8,5.5787,41.114,427.66,174.23
64,8,7.6083,37.771,349.89,139.5
64,8,7.552,37.896,356.47,139.17
64,8,5.6911,38.569,347.73,123.64
64,8,6.1935,37.935,351.07,137.81
64,8,7.1549,39.268,371.17,141.49
64,8,6.28,38.078,353.23,132.48
64,8,6.4767,36.165,311.51,117.93
64,8,7.9637,37.744,350.53,137.93
64,8,6.1428,38.202,365.77,146.82
64,8,6.1232,39.215,360.28,136.36
64,8,6.2968,36.437,320.63,124.7
64,8,6.0207,38.141,339.64,129.49
64,8,5.4988,36.713,314.08,118.97
64,8,6.3499,37.392,351.25,141.54
64,8,5.235,38.648,368.46,143.97
64,8,6.7334,37.226,348.26,139.21
64,8,6.6745,37.649,346.84,137.78
64,8,7.5804,36.49,334.04,133.62
64,8,7.4653,38.548,354.77,134.75
64,8,7.0152,36.683,331.25,129.02
64,8,6.6764,36.82,350.59,145.41
64,8,5.2384,40.165,402.74,154.22
64,8,5.8232,37.582,348.2,137.38
64,8,6.9897,36,310.55,120.5
64,8,5.7237,37.939,354.28,137.93
64,8,5.6555,38.75,361.93,140
64,8,6.5978,38.032,337.46,127.27
64,8,6.6809,37.372,329.05,119.16
64,8,7.2423,36.419,336.49,134.98
64,8,6.0063,40.071,410.47,166.69
64,8,6.1988,37.733,329.42,123.11
64,8,5.8403,39.874,385.94,149.69
64,8,6.0502,39.42,391.99,158.34
64,8,7.9413,35.958,304.29,116.93
64,8,5.4433,38.696,367.92,148.24
64,8,5.5322,37.136,336.89,123.06
64,8,8.384,36.009,320.46,127.88
64,8,8.8098,38.163,363.54,147.35
64,8,8.5597,38.088,351.91,137.64
64,8,5.8142,36.013,305.7,112.85
64,8,5.6095,38.854,354.55,132.42
64,8,6.1929,38.62,381.39,155.2
64,8,6.97,36.033,316.03,122.4
64,8,5.4412,36.047,310.34,120.29
64,8,6.9984,38.31,349.61,133.49
64,8,5.4251,38.972,377.88,150.13
64,8,6.1311,36.791,332.39,132.23
64,8,8.5754,37.206,339.44,130.79
64,8,4.5149,36.764,336.46,136.05
64,8,5.4143,36.916,337.2,131.57
64,8,4.5446,39.931,404.27,162.35
64,8,8.1363,38.956,380.02,152.38
64,8,5.8266,37.544,365.01,148.13
64,8,4.9204,38.379,367.6,144.27
64,8,5.9706,37.286,330.7,127.97
64,8,6.2665,37.941,347.94,133.97
64,8,6.3788,38.215,370.06,151.85
64,8,6.0087,38.814,377.22,150.61
64,8,6.3694,38.306,351.79,134.71
64,8,6.2925,38.901,372.54,146.78
64,8,6.5136,37.377,328.92,121.75
64,8,5.6094,39.615,411.24,172.61
64,8,5.409,38.797,366.96,140.89
64,8,6.5782,37.519,338.46,128.39
64,8,8.501,38.369,357.81,140.49
64,8,7.3803,39.558,383.8,152.62
64,8,7.6349,37.024,323.15,123.04
64,8,5.1173,36.929,333.19,131.47
64,8,6.8513,36.035,318.15,122.26
64,8,4.9552,39.045,378.93,152.48
64,8,8.5752,37.512,353.68,141.53
64,8,6.4208,40.495,394.57,151.16
64,8,4.8461,36.728,335.45,133.59
64,8,7.2825,38.547,354.83,136.01
64,8,6.175,38.61,371.94,141.21
64,8,6.4592,40.161,393.29,153.96
64,8,5.5301,37.659,345.23,131
64,8,5.9689,38.832,360.24,136.71
64,8,5.9016,37.338,344.19,133.19
64,8,5.2033,40.081,405.71,165.43
64,8,5.9755,38.833,362.17,139.28
64,8,5.8137,36.781,343.34,137.18
64,8,5.2713,36.807,309.77,113.45
64,8,8.7948,40.222,388.59,149.36
64,8,5.6775,36.888,325.99,126.03
64,8,4.7013,37.549,354.73,138.82
64,8,5.6757,40.319,391.05,147.27
64,8,6.4138,37.428,310.05,109.66
64,8,7.4684,37.325,342.69,133.49
64,8,6.2524,36.553,316.19,118.47
64,8,5.3964,39.722,391.15,158.53
64,8,5.7412,39.1,356.23,129.36
64,8,8.1658,38.115,357.18,144.87
64,8,5.1405,37.732,339.64,126.53
64,8,7.3106,39.176,355.93,131.6
64,8,8.3295,36.642,333.68,134.62
64,8,8.2821,36.525,329.52,124.02
64,8,6.5068,38.431,371.28,149.72
64,8,7.3225,37.089,334.28,129.21
64,8,5.3129,35.915,321.48,130.49
64,8,6.2628,38.632,376.8,152.32
64,8,5.0418,36.055,324.67,129.42
64,8,6.3477,37.218,327.05,122.05
64,8,8.0397,36.552,325.84,128.71
64,8,4.9938,36.604,325.86,128.64
64,8,5.7716,36.787,323.71,123.99
64,8,9.7611,38.03,351.37,138.77
64,8,6.0541,37.253,316.79,118.87
64,8,6.5207,39.185,365.5,138.51
64,8,4.5406,38.414,367.04,146.78
64,8,6.9388,38.211,366.31,145.66
64,8,5.0392,39.64,390.46,148.58
64,8,6.9006,37.893,361.06,140.65
64,8,5.6577,38.447,358.49,137.38
64,8,6.0491,38.489,364.08,145.59
64,8,6.156,38.391,351.53,129.06
64,8,7.7746,38.654,365.5,145.05
64,8,5.6517,36.366,317.28,121.7
64,8,6.0753,37.439,349.98,141.11
64,8,8.9182,38.726,356.41,137.61
64,8,4.6294,36.291,344.2,143.03
64,8,6.5935,36.601,333.57,131.67
64,8,5.1864,38.756,384.75,158.76
64,8,6.47,35.806,327.65,134
64,8,5.6554,37.757,367.08,151.16
64,8,6.0479,37.321,350.84,141.04
64,8,5.2897,38.083,371.64,152.89
64,8,7.1273,37.83,344.71,129.62
64,8,4.9884,38.122,352.04,137.78
64,8,9.5745,38.246,350.52,132.72
64,8,6.3604,37.712,343.17,131.03
64,8,8.3253,36.01,312.85,120.34
64,8,5.2097,38.5,343.91,128.61
64,8,7.6789,36.643,323.59,126.88
64,8,4.8387,39.472,385.78,153.77
64,8,6.4974,40.027,385.28,145.26
64,8,12.587,35.194,286.18,104.57
64,8,6.2233,36.187,335.72,138.49
64,8,6.0907,38.858,370.08,145.66
64,8,5.5868,38.741,361.51,142.11
64,8,6.4645,38.38,363.85,143.18
64,8,7.7113,35.574,306.04,117.99
64,8,5.4017,39.863,395.2,159.83
64,8,7.9958,37.491,341.62,132.67
64,8,6.1883,38.15,362.9,145.87
64,8,5.1918,38.002,354.18,134.91
64,8,5.3868,38.23,346.12,132.16
64,8,5.4399,35.981,324,126.44
64,8,6.8632,38.642,355.21,130.94
64,8,7.3351,39.277,380.32,149.62
64,8,7.8002,40.081,394.27,148.74
64,8,7.2018,37.734,346.72,137.29
64,8,8.0664,37.809,339.26,128.61
64,8,6.8986,35.868,303.42,109.76
64,8,8.5435,37.271,333.49,126.12
64,8,6.4407,37.227,340.31,135.26
64,8,9.2087,36.935,333.14,134.16
64,8,8.6551,37.934,357.45,145.16
64,8,6.7269,37.869,349.53,133.89
64,8,8.076,37.075,341.48,135.97
64,8,6.3187,39.582,386.73,154.45
64,8,5.8549,39.649,363.47,133.08
64,8,5.7778,37.506,347.43,136.14
64,8,6.3464,39.246,387.42,159.65
64,8,7.2608,35.928,316.28,123.72
64,8,5.0147,39.838,389.08,153.47
64,8,6.6802,36.723,327.18,123.98
64,8,6.6542,37.634,348.95,133.95
64,8,6.1482,37.44,353.15,133.87
64,8,5.9373,38.147,341.72,127.1
64,8,5.6422,38.979,392.63,161.89
64,8,6.5937,37.47,344.34,129.88
64,8,5.3907,40.466,404.88,157.22
64,8,12.484,35.809,314.31,121.86
64,8,6.4048,38.556,364.43,143.48
64,8,6.9766,38.138,345.12,130.34
64,8,5.9401,38.392,356.31,136.65
64,8,5.5926,37.593,332.51,125.36
64,8,6.5019,37.143,339.67,133.68
64,8,5.0369,37.628,347,137.36
64,8,7.5948,39.24,380.23,151.58
64,8,6.2695,36.082,327.49,132.81
64,8,6.3194,38.283,363.8,143.82
64,8,6.7889,40.24,388.34,150.36
64,8,6.2019,36.919,327.96,124.95
64,8,6.1482,37.643,342.62,130.93
64,8,7.0913,39.507,380.95,149.09
64,8,5.2216,37.209,353.84,145.9
64,8,5.2986,38.163,350.14,133.4
64,8,8.6549,36.849,335.59,135.14
64,8,7.4833,37.727,354.02,141.45
64,8,6.9,37.757,356.89,145.4
64,8,6.9675,37.679,343.08,128.71
64,8,6.1463,38.58,347.33,130.04
64,8,6.2173,37.035,336.4,132.15
64,8,5.6902,39.711,377.46,148.62
64,8,5.5675,37.467,346.34,136.4
64,8,5.3248,37.94,357.96,142.12
64,8,5.6199,37.801,345.51,134.75
64,8,7.9161,37.406,345.08,136.03
64,8,7.9892,39.591,374.97,145.58
64,8,6.6891,36.472,326.79,125.96
64,8,7.4741,37.304,340.85,134.81
64,8,7.3199,35.75,323.44,130.47
64,8,8.7415,38.602,385.38,159.18
64,8,5.8145,36.066,330.91,137.69
64,8,5.3602,36.055,323.98,129.55
64,8,7.9653,37.469,338.66,128.15
64,8,7.3992,37.327,350,140.47
64,8,4.7583,35.018,291.86,107.94
64,8,5.4825,37.996,365.53,149.89
64,8,5.35,36.487,326.91,129.63
64,8,6.7725,39.911,399.33,163.31
64,8,4.554,36.981,341.08,132.34
64,8,4.7081,34.451,280.03,106.77
64,8,6.2921,39.701,376.63,145.33
64,8,8.6783,39.957,387.8,152.51
64,8,5.7549,35.678,305.64,116.6
64,8,7.0153,36.391,310.12,111.39
64,8,5.5231,37.689,335.61,125.03
64,8,8.1885,37.823,340.78,132.75
64,8,7.4773,37.834,344.29,130.98
64,8,5.1014,38.265,360.09,142.73
64,8,6.4195,37.569,353.55,141.51
64,8,6.4663,37.391,347.41,140.92
64,8,6.6862,36.248,341.62,143.02
64,8,4.9637,37.248,346.58,139.29
64,8,6.3983,37.635,343.31,134.36
64,8,7.3992,39.492,394.91,159.04
64,8,6.9471,40.09,404.77,165.38
64,8,6.9856,37.16,349.07,141.73
64,8,5.052,37.287,343.79,139.02
64,8,5.7212,39.542,373.75,140.4
64,8,5.1744,36.772,329.46,130.27
64,8,5.9679,38.18,350.78,129.28
64,8,8.8049,38.863,375.59,148.76
64,8,5.0856,37.295,346.27,137.19
64,8,5.8952,35.619,301.38,116.11
64,8,8.6921,36.903,345.61,139.2
64,8,8.437,38.658,365.02,144.42
64,8,9.6532,35.975,317.44,123.58
64,8,6.0166,38.482,371.51,146.45
64,8,6.0909,36.25,323.9,130.55
64,8,6.0302,34.02,282.86,104.26
64,8,6.3578,37.434,316.67,114.74
64,8,6.4878,36.181,318.63,123.49
64,8,8.0025,38.914,386.86,159.52
64,8,8.6654,36.166,317.58,122.09
64,8,6.4218,36.662,338.13,137.27
64,8,6.2717,37.055,319.16,116.07
64,8,5.7058,39.741,375.96,144.25
64,8,5.7117,40.251,403.43,160.37
64,8,6.6879,38.162,358.39,140.33
64,8,5.2676,39.488,384.07,155.01
64,8,4.7307,36.111,308.44,112.81
64,8,7.4284,38.066,345.93,133.43
64,8,4.8232,36.93,348.68,140.39
64,8,5.9371,35.806,315.65,121.1
64,8,6.4255,37.368,354.74,144.5
64,8,6.5963,37.864,338.34,131.95
64,8,5.6201,37.889,366.37,149.96
64,8,6.7695,38.127,352.23,136.18
64,8,5.8758,37.819,358.61,140.43
64,8,6.1305,34.938,285.99,107.84
64,8,6.0964,39.154,384.77,153.37
64,8,5.761,36.539,333.25,135.15
64,8,5.9442,37.029,318.76,115.47
64,8,6.8539,37.84,351.45,138.92
64,8,7.5867,37.907,348.8,133.13
64,8,5.8854,38.124,366.19,148.43
64,8,6.4916,36.43,320.89,123.19
64,8,8.3694,37.901,330.53,122.04
64,8,8.5848,38.334,351.81,138.26
64,8,7.1061,38.635,347.53,126.54
64,8,5.9204,36.87,330.98,129.24
64,8,5.5356,38.12,354.11,137.3
64,8,5.651,38.54,359.33,139.1
64,8,5.6708,38.151,345.78,128.39
64,8,6.7781,36.023,334.79,140.29
64,8,5.2001,39.669,381.59,149.44
64,8,5.5847,39.344,382.75,152.38
64,8,7.9737,38.821,349.53,130.73
64,8,6.1263,38.804,365.79,143.18
64,8,6.4199,37.215,321.08,121.77
64,8,7.5373,39.439,379.25,150.31
64,8,9.1148,36.526,324.27,127.42
64,8,8.2415,37.643,333.2,124.38
64,8,6.1442,37.116,345.69,140.52
64,8,7.0124,38.762,362.22,139.47
64,8,5.2498,38.031,368.91,149.01
64,8,6.2217,38.843,392.27,161.79
64,8,4.5407,36.625,336.89,137
64,8,7.8482,38.16,367.91,148.56
64,8,7.1064,36.179,329.75,130.57
64,8,7.069,36.022,319.75,127.59
64,8,8.7661,36.29,321.98,126.67
64,8,6.3382,39.972,395.26,155.2
64,8,5.3801,40.147,401.77,156.64
64,8,5.5133,40.157,405.44,166.22
64,8,8.5075,37.775,343.1,130.88
64,8,7.9572,38.114,357.65,144.02
64,8,6.7545,38.006,354.06,142.07
64,8,6.6383,39.18,360.38,136.64
64,8,6.2838,37.429,345,136.15
64,8,6.1725,36.402,331.38,132.47
64,8,5.7368,39.246,383.71,152.19
64,8,5.3515,40.616,389.51,145.14
64,8,5.888,37.209,335.94,130.32
64,8,7.3973,36.759,342.27,134.4
64,8,6.1319,39.92,388.28,152.4
64,8,5.8833,37.972,351.53,136.21
64,8,6.7017,38.552,358.73,140.89
64,8,6.7884,39.619,369.7,139.42
64,8,10.248,38.613,365.03,142.65
64,8,10.678,37.825,345.67,133.8
64,8,5.937,38.038,356.49,139.64
64,8,5.8582,35.676,316.7,127.48
64,8,8.2447,36.795,323.29,126.2
64,8,6.3182,37.538,351.27,139.25
64,8,6.2154,37.327,345.49,136.51
64,8,5.7273,39.682,386.84,150.41
64,8,5.1135,37.186,339.61,133.84
64,8,7.5337,38.711,359.83,140.03
64,8,4.7417,37.433,349.26,137.79
64,8,7.9466,37.063,336.38,131.25
64,8,6.9518,37.322,365.44,151.28
64,8,7.5926,38.362,349.67,131.98
64,8,5.5814,36.323,320.72,121.91
64,8,5.8705,36.615,321.68,122.1
64,8,5.4571,37.665,367.34,151.15
64,8,6.8143,37.882,360.45,142.73
64,8,9.2143,36.415,337.73,135.33
64,8,4.8531,38.982,357.96,129.57
64,8,8.9951,37.398,339.22,131.18
64,8,6.64,38.842,360.88,137.49
64,8,7.172,36.663,332.15,133.97
64,8,9.8544,36.597,327.59,128.91
64,8,5.4763,38.228,356.39,137.15
64,8,8.1156,37.172,330.75,128.1
64,8,7.1251,37.914,349.86,137.22
64,8,6.247,38.25,362.8,140.85
64,8,7.9794,37.595,350.77,138.44
64,8,7.0219,37.324,338.34,132.09
64,8,6.5081,37.315,326.67,119.31
64,8,5.9536,37.971,322.38,114.07
64,8,6.3242,37.353,345.81,137.47
64,8,5.6334,38.749,357.89,137.5
64,8,6.2096,36.31,321.22,124.58
64,8,5.2876,36.719,321.97,122.8
64,8,4.7831,39.815,384.14,150.91
64,8,7.2204,38.811,367.56,143.39
64,8,4.6531,38.973,381.39,153.8
64,8,6.313,38.526,353.15,136.33
64,8,5.8955,39.046,382.89,150.26
64,8,6.0152,39.249,358.58,135.24
64,8,6.4893,38.193,360.68,147.26
64,8,7.5424,39.054,370.92,140.46
64,8,9.5485,37.66,329.96,125.46
64,8,6.2165,37.95,350.86,137.73
64,8,5.645,35.978,313.31,120.43
64,8,7.0109,36.194,321.33,127.03
64,8,5.2803,39.405,387.86,154.21
64,8,7.3909,38.318,343.69,131.61
64,8,6.0129,37.582,347.61,138.11
64,8,7.1535,38.039,369.35,150.72
64,8,5.0697,39.249,346.9,114.44
64,8,5.9949,39.937,391.62,152.22
64,8,5.6009,36.78,329.34,125.54
64,8,5.2032,38.494,383.2,157.05
64,8,5.989,35.915,320.46,129.3
64,8,7.443,37.803,335.25,123.22
64,8,7.5296,37.034,344.63,138.76
64,8,5.5095,37.215,343.48,137.69
64,8,5.8081,40.999,408.62,156.39
64,8,5.8427,35.429,314.32,126.41
64,8,4.7603,38.788,367.81,145.13
64,8,5.5985,37.421,352.09,139.93
64,8,6.8208,35.632,318.18,129.54
64,8,6.8619,38.089,346.39,132.94
64,8,8.844,37.677,326.52,120.18
64,8,5.2091,37.567,350.09,137.87
64,8,7.8916,36.85,329.35,130.16
64,8,6.6688,37.366,346.4,139.65
64,8,6.7573,37.31,356.38,147.28
64,8,7.0424,36.775,323.27,122.07
64,8,8.6864,38.091,347.32,134.92
64,8,8.4051,37.623,350.14,139.39
64,8,5.3871,40.114,399.24,159.83
64,8,6.0702,38.017,354.93,139.13
64,8,8.1312,38.6,373.44,151.72
64,8,6.2447,38.077,351.07,137.95
64,8,7.9912,38.298,351.29,135.17
64,8,5.6547,37.599,369.14,153.12
64,8,5.4989,39.396,388.18,154.38
64,8,5.9462,40.021,395.75,152.4
64,8,6.1827,35.999,323.17,128.76
64,8,6.414,39.503,387.78,152.96
64,8,7.1641,40.139,380.11,143.1
64,8,6.2951,34.662,294.36,117.93
64,8,6.4144,35.611,287.08,103.21
64,8,8.8387,37.635,333.65,121.99
64,8,5.2559,36.672,344.54,138.92
64,8,6.129,37.17,347.07,136.76
64,8,6.6008,39.521,368.73,141.27
64,8,5.6439,39.28,392.18,159.11
64,8,7.0715,36.803,328.11,128.08
64,8,6.0768,36.909,334.34,132.9
64,8,6.068,37.883,363.26,146.55
64,8,5.7116,40.595,411.43,162.53
64,8,8.2746,37.979,360.76,143.66
64,8,5.4277,37.646,360.69,146.99
64,8,6.4464,38.807,361.58,141.43
64,8,4.578,37.441,328.75,120.97
64,8,6.1127,36.942,324.71,120.67
64,8,7.4365,35.759,301.68,112.81
64,8,5.5061,36.925,350.18,141.47
64,8,8.0551,36.47,321.13,125.32
64,8,6.562,38.135,345.33,132.91
64,8,7.3879,37.414,350.85,139.86
64,8,6.212,38.943,371.19,142.05
64,8,4.4887,36.042,286.04,95.094
64,8,5.7661,37.377,341.88,133.15
64,8,6.763,35.852,317.6,126.05
64,8,5.7856,39.108,399.63,165.62
64,8,7.3704,39.522,372.6,141.62
64,8,5.696,38.8,354.05,131.24
64,8,5.8436,38.722,370.48,146.81
64,8,10.755,37.108,324.83,123.18
64,8,5.8088,38.653,372.22,151.02
64,8,5.6616,39.638,381.05,146.21
64,8,6.0164,36.916,330.75,126.45
64,8,5.3781,38.429,383.16,163.34
64,8,5.3507,37.902,352.52,138.42
64,8,5.2365,35.794,311.07,121.28
64,8,7.3165,36.501,328.45,132.23
64,8,7.119,37.974,339.19,130.7
64,8,8.5458,39.012,373.68,145.58
64,8,9.1024,38.502,377.71,153.53
64,8,8.7795,37.526,349.09,137.76
64,8,6.1815,38.77,357.59,136.54
64,8,6.8472,36.881,325.84,127.5
64,8,5.0528,36.882,339.33,133.5
64,8,5.9697,37.714,362.38,146.98
64,8,4.6783,39.156,379.35,151.35
64,8,6.3332,37.736,348.67,136.08
64,8,6.8249,37.615,348.97,139.73
64,8,6.1526,38.225,351.24,132.97
64,8,5.3063,38.255,371.17,148.98
64,8,6.1378,36.202,330.86,132.05
64,8,7.3545,37.504,327.25,122.32
64,8,7.5442,36.027,293.92,106.17
64,8,9.0615,40.419,393.72,154.93
64,8,6.3543,39.073,372.09,143.91
64,8,5.115,39.279,367.17,142.5
64,8,5.3123,39.022,378.96,154.82
64,8,5.302,36.516,322.93,125.82
64,8,6.0778,39.566,373,142.07
64,8,5.0135,37.87,368.03,149.58
64,8,7.8546,38.358,356.55,138.72
64,8,9.1352,38.767,357.1,137.51
64,8,5.0218,38.138,372.7,150.07
64,8,5.4816,38.67,366.54,144.84
64,8,9.1453,38.796,386.2,158.73
64,8,6.9279,37.507,334.75,128.44
64,8,5.2471,37.307,354.68,140.45
64,8,6.3113,38.093,351.37,134.02
64,8,7.6237,37.588,331.5,126.06
64,8,6.9878,37.172,337.82,132.76
64,8,6.4991,38.176,355.82,138.74
64,8,6.2248,37.898,351.61,137.27
64,8,5.5113,38.556,359.55,139.74
64,8,6.8316,39.518,378.09,146.93
64,8,5.6013,36.507,322.31,128.09
64,8,5.627,39.144,375.21,147.22
64,8,7.6122,36.471,323.86,126.56
64,8,5.9123,38.446,364.96,146.01
64,8,5.2293,36.182,335.7,135.38
64,8,4.661,36.245,308.85,115.43
64,8,6.3046,38.436,371.99,151.9
64,8,7.861,38.541,345.09,126.64
64,8,7.5466,36.333,320.62,122.09
64,8,6.49,34.052,286.37,113.46
64,8,6.0439,37.544,351.29,139.16
64,8,7.1833,36.795,337.58,132.07
64,8,9.3699,37.738,334.1,126.01
64,8,9.901,39.424,379.73,148.29
64,8,6.8094,34.93,296.22,114.81
64,8,6.6216,35.504,308.59,122.26
64,8,7.4115,39.05,366.45,141.56
64,8,5.0623,37.901,349.74,136.83
64,8,5.2042,36.278,309.27,116.46
64,8,4.6545,39.341,366.25,142.64
64,8,5.7825,38.292,373.24,151.55
64,8,6.0303,37.742,339.56,128.61
64,8,8.5716,38.301,353.52,140.59
64,8,11.977,38.451,364.78,143.51
64,8,5.7091,37.95,371.56,152.42
64,8,5.9266,38.419,348.45,132.65
64,8,5.8305,35.565,317.17,127.98
64,8,7.1106,37.743,339.78,131.49
64,8,5.094,39.669,389.07,153.92
64,8,6.5686,39.478,369.3,141.86
64,8,7.0558,37.244,357.05,145.38
64,8,5.8837,34.928,300.47,116.88
64,8,5.3858,36.545,330.6,128.57
64,8,8.0597,38.36,359.25,138.17
64,8,7.0743,36.555,322.09,125.51
64,8,6.285,41.84,431.33,173.15
64,8,6.5504,37.413,337.87,130.48
64,8,5.8148,38.694,372.6,146.58
64,8,7.6692,37.414,363.6,150.85
64,8,7.5385,37.292,343.85,133.48
64,8,5.2582,39.777,381.99,149.3
64,8,7.8262,37.822,332.79,124.55
64,8,5.5655,36.685,332.54,132.67
64,8,8.0313,39.49,380.15,147.61
64,8,6.8684,36.719,320.25,122.47
64,8,9.1921,35.215,296.17,112.09
64,8,5.8484,37.841,345.03,132.98
64,8,7.6824,37.279,342.12,134.88
64,8,8.5086,39.811,403.74,164.72
64,8,7.3542,37.203,321.57,122.43
64,8,9.4363,39.52,371.14,140.83
64,8,7.3302,35.946,328.36,131.64
64,8,5.707,38.043,357.87,146.36
64,8,8.2489,38.543,378.19,154.31
64,8,5.8181,39.763,378.82,144.93
64,8,4.7264,38.566,357.13,138.57
64,8,5.9317,38.787,386.54,159.71
64,8,6.4759,38.168,350.65,135.13
64,8,7.0373,37.411,337.36,131.8
64,8,6.7007,35.866,301.03,109.93
64,8,6.4387,36.776,331.25,130.12
64,8,5.1694,37.202,337.95,130.24
64,8,5.7072,38.147,342.29,128.58
64,8,7.6189,35.667,312.51,120.46
64,8,5.1888,36.519,340.94,138.98
64,8,8.417,37.95,356.87,141.04
64,8,6.2859,39.625,387.8,154.85
64,8,8.4521,39.229,373.56,144.07
64,8,5.7699,39.23,377.52,153.26
64,8,11.548,35.419,304.72,118.1
64,8,6.5127,38.186,359.65,142.92
64,8,6.895,36.774,339.96,134.63
64,8,8.0977,39.096,366.68,140.79
64,8,5.6926,39.35,380.9,149.41
64,8,5.7172,35.658,315.04,122.8
64,8,6.3252,38.217,362.75,144.72
64,8,6.2763,37.767,343.69,135.51
64,8,5.4145,37.941,357.4,138.18
64,8,6.1658,38.446,377.41,154.15
64,8,5.3063,36.216,317.24,124.11
64,8,6.9926,37.264,328.47,123.65
64,8,5.8041,37.796,336.97,128.04
64,8,7.3429,38.906,384.86,156.08
64,8,6.3918,38.548,381.32,157.4
64,8,5.6702,39.182,381.75,150.8
64,8,5.4294,39.34,382.25,152
64,8,5.5215,37.545,343.78,133.07
64,8,6.0369,39.101,355.21,131.75
64,8,7.9976,40.026,385.52,145.73
64,8,5.8505,34.568,295.14,118.23
64,8,5.1079,37.236,340.14,134.23
64,8,6.0157,36.942,327.15,126.54
64,8,7.6936,39.214,366.36,138.28
64,8,7.4554,41.115,413.58,162.52
64,8,7.9504,36.735,319.65,124.35
64,8,5.5027,39.634,363.19,132.23
64,8,7.244,40.506,395.31,151.87
64,8,6.9511,37.018,332.56,129.19
64,8,4.4388,38.383,371.88,151.18
64,8,6.4511,37.471,335.84,129.58
64,8,7.7238,36.948,325.32,127.82
64,8,6.7701,36.513,325.17,127.89
64,8,5.7878,38.408,361.36,142.19
64,8,6.7397,35.908,321.09,122.57
64,8,9.5471,37.323,336.63,131.25
64,8,6.9619,38.036,360.62,143.78
64,8,7.2503,34.844,306.74,121.8
64,8,6.2353,37.833,349.3,136.64
64,8,9.9082,37.263,331.41,127.17
64,8,7.8454,36.648,345.29,142.35
64,8,5.4324,36.531,323.98,125.98
64,8,7.2288,39.202,376.1,148.21
64,8,6.5629,38.613,366.68,145.2
64,8,5.2644,37.658,341.86,127.22
64,8,5.2436,38.235,360.69,144.62
64,8,8.8836,37.265,338.82,132.11
64,8,7.2614,37.311,341.37,135.49
64,8,11.287,37.601,336.87,126.78
64,8,5.4576,38.695,366.26,141.55
64,8,6.3897,37.12,333.26,126.21
64,8,6.163,38.816,362.41,136.11
64,8,6.5452,38.644,360.03,141.79
64,8,6.5064,37.7,351.29,140.24
64,8,6.0816,36.485,336.1,138.99
64,8,5.9098,38.078,352.73,134.78
64,8,6.7053,35.859,314.19,122.66
64,8,5.3807,36.356,325.73,123.67
64,8,5.1501,37.929,350.95,131.9
64,8,6.3562,38.874,374.67,148.99
64,8,6.818,36.884,323.91,122.17
64,8,7.4574,40.343,397.16,149.8
64,8,6.5704,35.761,323.01,128.77
64,8,5.7322,37.36,348.61,138.65
64,8,5.7687,37.177,342.52,132.09
64,8,6.7619,38.06,360.81,142.76
64,8,5.6592,40.395,395.97,156.06
64,8,9.4662,37.936,363.99,149.98
64,8,5.9779,39.942,376.12,144.53
64,8,7.387,39.235,358.66,135.12
64,8,10.416,39.944,383.5,148.21
64,8,6.0906,38.499,368.28,145.96
64,8,5.7786,38.579,367.19,144.6
64,8,5.9537,36.336,329.14,130.93
64,8,5.4526,38.063,341.61,130.86
64,8,6.3623,39.126,369.56,137.86
64,8,6.3994,36.716,333.49,131.02
64,8,4.9441,37.219,332.1,128.55
64,8,5.5772,39.863,393.05,155.02
64,8,9.0639,38.385,358.97,140.04
64,8,5.9974,36.937,331.17,130.08
64,8,6.7672,37.622,357.12,141.56
64,8,8.2976,38.109,347.72,135.84
64,8,7.7098,37.05,327.23,125.94
64,8,6.8002,39.538,383.57,154.08
64,8,5.2956,38.196,344.65,131.89
64,8,8.3646,36.183,317.63,124.77
64,8,6.6877,39.157,369.77,142.6
64,8,5.9438,37.67,332.26,125.48
64,8,5.9567,35.461,300.59,113.83
64,8,6.3053,36.802,330.74,128.23
64,8,5.4739,37.029,352.65,142.34
64,8,6.9987,38.26,356.57,139.65
64,8,5.9128,37.364,334.57,126.98
64,8,4.9306,38.883,372.08,147.06
64,8,7.5345,37.225,350.93,142.01
64,8,6.2542,39.897,396.75,156.14
64,8,7.7292,38.817,358.2,135.95
64,8,6.8959,35.87,323.61,131.29
64,8,6.7001,37.221,353.25,141.19
64,8,5.686,37.923,354.73,139.09
64,8,6.9506,40.355,409.57,164.83
64,8,6.1557,39.537,381.73,147.83
64,8,7.3242,37.525,351.09,138.73
64,8,6.3431,36.803,340.68,136.96
64,8,6.5541,38.695,361.2,142.07
64,8,9.0135,36.956,317.72,118.19
64,8,4.7828,39.063,379.21,148.97
64,8,6.7531,37.371,340.73,132.78
64,8,6.1771,38.483,360.55,134.75
64,8,6.7142,37.53,353.01,143.63
64,8,5.8442,37.646,344.22,131.19
64,8,6.5462,34.669,281.69,106.64
64,8,5.9242,34.97,318.44,129.84
64,8,7.503,37.172,335.46,132.84
64,8,7.7024,36.918,321.48,121.62
64,8,5.8131,37.735,343.92,132.52
64,8,6.5534,40.102,393.9,153.44
64,8,6.652,38.065,347.76,135.11
64,8,6.1429,39.107,388.29,151.75
64,8,6.1992,39.431,380.46,146.66
64,8,6.7422,36.87,311.61,113.65
64,8,6.8177,37.761,355.23,142.15
64,8,6.2132,37.27,335.71,131.02
64,8,5.572,37.011,343.13,138.21
64,8,6.6996,37.353,350.02,140.4
64,8,5.8689,37.64,362.64,150.43
64,8,5.6951,39.019,372.68,146.32
64,8,6.3402,36.41,336.76,140.88
64,8,8.9712,38.325,366.05,145.94
64,8,8.8681,37.773,356.31,144.28
64,8,5.156,37.08,340.06,131.36
64,8,6.2582,38.319,353.55,135.75
64,8,6.4299,36.722,321.94,123.47
64,8,7.6521,36.399,330.92,133.22
64,8,8.4087,35.498,314.73,124.23
64,8,6.4232,37.232,325.72,121.74
64,8,6.6755,37.955,356.09,142.41
64,8,6.3071,39.12,378.89,150.21
64,8,5.6867,37.099,333.04,130.06
64,8,7.1022,38.419,368.39,145.61
64,8,6.7339,39.537,389.02,153.7
64,8,5.4017,40.067,379.36,143.22
64,8,6.1619,36.537,325.13,127.72
64,8,6.4427,36.461,326.42,121.83
64,8,5.9207,36.814,333.44,132.55
64,8,5.7826,36.55,324.07,126.32
64,8,7.4187,39.065,384.67,159.92
64,8,5.9487,37.083,311.47,108.29
64,8,5.7727,40.138,373.26,138.39
64,8,6.2546,38.451,374.18,147.77
64,8,7.3465,36.372,326.4,127.95
64,8,6.3895,41.141,421.18,167.63
64,8,4.6264,38.84,368.63,140.61
64,8,6.3585,35.399,304.11,117.59
64,8,8.1521,36.193,317.73,123.93
64,8,6.6697,39.01,364.24,136.75
64,8,5.605,39.469,371.79,140.78
64,8,7.1109,36.672,328.69,128.53
64,8,6.8684,36.269,325.41,131
64,8,9.8963,37.716,333.59,123.63
64,8,5.7068,39.179,369.78,141.94
64,8,6.0474,40.57,396.45,152.19
64,8,8.6256,37.196,320.01,115.28
64,8,5.705,39.76,382.42,151.78
64,8,7.4491,39.513,370.58,141.45
64,8,6.263,39.51,376.97,147.57
64,8,6.0088,35.935,322.66,128.72
64,8,6.8906,37.039,340.65,133.43
64,8,8.5629,36.023,327.88,130.6
64,8,5.6636,36.814,344.88,139.88
64,8,7.3047,38.927,367.77,138.38
64,8,6.5205,37.426,338.5,130.26
64,8,6.9624,38.685,375.68,150.03
64,8,5.9072,38.154,344.57,131.3
64,8,5.9849,40.073,396.87,156.21
64,8,6.0623,37.76,342.18,134.6
64,8,6.4683,38.679,371.62,150.03
64,8,6.2446,36.844,338.2,135.36
64,8,7.1155,37.849,350.93,139.96
64,8,7.3193,37.907,337.58,128.89
64,8,6.313,36.72,306.49,109.23
64,8,12.76,38.961,367.28,143.71
64,8,7.8867,36.776,314.43,119.28
64,8,6.1334,37.573,349.68,136.3
64,8,5.9485,37.031,336.82,130.8
64,8,8.1748,37.288,350.79,141.69
64,8,5.9878,40.495,401.35,158.93
64,8,6.7875,38.382,351.07,130.54
64,8,6.5806,37.887,349.61,134.87
64,8,7.4712,37.22,341.3,138.35
64,8,8.8276,37.658,342.63,133.53
64,8,7.0712,38.72,357.26,137.98
64,8,5.7546,37.903,370.24,154.45
64,8,6.703,39.728,374.84,144.1
64,8,5.9171,38.586,383.81,158.15
64,8,7.9072,38.247,340.59,126.57
64,8,5.2518,37.504,338.76,131.57
64,8,10.882,37.929,363.27,145.7
64,8,9.6768,37.749,356.11,142.46
64,8,7.7459,37.585,348.62,139.2
64,8,7.0057,38.651,364.2,143.64
64,8,4.9022,37.643,348.79,140.97
64,8,5.5345,39.59,377.04,146.64
64,8,6.9165,38.459,370.81,149.17
64,8,6.2202,38.088,334.21,122
64,8,5.9643,37.433,350.19,142.6
64,8,6.7697,38.339,370.77,149.6
64,8,7.123,35.859,306.37,118.09
64,8,5.6476,38.473,373.55,150.3
64,8,7.1315,40.255,390.83,151.38
64,8,4.7884,40.187,400.9,155.28
64,8,6.1923,39.299,398.09,160.61
64,8,6.2447,36.152,308.81,114.62
64,8,5.5291,37.265,332.9,129.45
64,8,5.7493,40.064,397.76,159.92
64,8,6.8324,38.592,348.18,131.37
64,8,6.6994,41.182,426.94,170.06
64,8,8.2915,38.853,366.44,143.71
64,8,7.6948,37,320.4,121.51
64,8,7.634,38.555,369.66,144.19
64,8,5.5528,38.083,344.03,130.2
64,8,7.2291,38.153,351.58,131.76
64,8,5.9149,37.84,360.14,145.15
64,8,9.4865,38.009,343.48,130.81
64,8,4.9423,37.929,350.22,134.05
64,8,5.9129,37.257,345.93,135.32
64,8,9.6048,37.465,336.69,128.07
64,8,7.0899,39.099,381.09,149.07
64,8,7.6239,37.565,344.49,134.15
64,8,5.58,39.331,381.97,153.47
64,8,10.546,36.925,321.7,118.89
64,8,6.3502,37.546,340.15,132.25
64,8,6.2292,39.768,369.62,137.86
64,8,5.492,36.647,323.77,123.47
64,8,6.565,38.88,371.76,148.9
64,8,5.7388,38.527,344.12,128.02
64,8,6.2627,37.342,343.46,134.67
64,8,6.7791,39.874,405.75,165.27
64,8,5.7049,37.323,347.98,140.84
64,8,9.0897,38.149,362.85,143.16
64,8,6.3442,36.914,332.48,129.83
64,8,6.3451,39.974,380.32,145.7
64,8,7.6954,38.614,360.77,140.19
64,8,6.4158,39.397,389.85,155.9
64,8,7.0809,38.02,335.77,125.6
64,8,13.085,40.244,394.83,154.79
64,8,5.6102,37.846,344.85,134.9
64,8,5.0084,40.836,393,148.51
64,8,5.9462,38.291,355.55,136.78
64,8,6.4354,37.963,343.02,132.93
64,8,6.2414,42.191,439.61,173.71
64,8,4.9965,38.735,387.32,159.09
64,8,5.1963,38.218,364.99,148.57
64,8,7.3379,37.694,350.59,138.2
64,8,5.8059,39.223,372.14,146.32
64,8,6.4655,36.152,319.75,123.49
64,8,8.83,37.329,339.79,132.98
64,8,6.3872,38.136,352.83,138.58
64,8,7.7204,37.931,347.64,132.42
64,8,5.1849,35.319,308,120.8
64,8,7.3897,38.068,358.1,144.17
64,8,7.3723,37.476,327.35,122.88
64,8,6.8073,37.007,322.82,123.18
64,8,4.7332,36.697,333.05,129.51
64,8,5.1192,38.545,353.17,136.91
64,8,10.128,37.884,363.49,149.36
64,8,6.5066,36.483,321.47,120.39
64,8,6.5281,36.96,350.55,144.15
64,8,5.9341,38.879,353.25,132.33
64,8,6.0506,38.231,367.31,145
64,8,6.678,38.461,346.54,130.1
64,8,6.6781,35.809,307.37,119.83
64,8,8.3385,39.14,379.86,151.83
64,8,7.3062,39.712,393.68,157.22
64,8,6.4469,38.389,362.99,141.63
64,8,6.0746,38.116,364.02,146.84
64,8,6.9011,39.464,393.7,162.17
64,8,10.918,36.79,320.36,120.61
64,8,7.1794,37.346,328.04,124.33
64,8,5.7521,37.738,346.17,136.27
64,8,6.0436,37.444,335.63,129.72
64,8,6.6947,36.094,316.24,120.47
64,8,5.9909,37.234,343.46,136.24
64,8,5.4846,38.634,375.04,152.35
64,8,6.0541,36.608,339.05,138.03
64,8,8.7588,38.125,364.8,146.8
64,8,5.6574,36.532,327.82,124.55
64,8,6.4947,37.961,347.77,135.18
64,8,8.1534,37.273,332.51,128.5
64,8,7.3654,36.648,300.06,100.69
64,8,8.464,36.639,324.08,120.48
64,8,8.3398,37.121,340.47,133.58
64,8,5.7113,34.387,299.4,122.04
64,8,6.6007,38.253,360.65,145.6
64,8,5.2222,35.732,330.55,135.55
64,8,5.1783,38.705,362.08,138.89
64,8,6.6674,38.473,347.89,131.06
64,8,5.8577,37.86,365.91,147.55
64,8,5.8101,38.401,355.85,133.59
64,8,10.15,38.273,358.36,140.02
64,8,4.895,37.115,320.87,118.24
64,8,6.2885,37.397,347.46,137.35
64,8,6.642,39.191,362.64,132.88
64,8,4.6509,36.818,349.65,142.41
64,8,5.2839,37.436,342.8,132.11
64,8,6.408,37.893,357.42,144.72
64,8,6.952,39.052,378.15,150.82
64,8,5.5808,38.678,363.64,140.77
64,8,11.013,37.899,349.42,133.28
64,8,6.4009,38.747,372.37,147.29
64,8,6.0478,39.937,394.03,158.09
64,8,5.6042,38.592,361.51,138.6
64,8,6.0418,39.84,360.48,131.26
64,8,10.549,40.054,373.42,138.18
64,8,6.2959,37.267,324.43,117.87
64,8,6.4302,35.053,299.66,117.38
64,8,6.5956,36.435,324.07,126.92
64,8,5.8389,38.088,375.8,155.19
64,8,6.3047,37.092,333.74,128.9
64,8,4.7848,36.916,331.18,127.12
64,8,6.4469,37.937,352.69,132.97
64,8,6.7291,38.3,363.63,144.25
64,8,6.1953,36.102,329.92,133.25
64,8,7.3625,37.082,322.55,121.07
64,8,4.7765,38.365,368.27,147.33
64,8,5.8832,36.245,322.09,124.93
64,8,6.858,39.483,379.19,145.11
64,8,5.9092,37.729,329.46,120.48
64,8,6.1086,38.636,372.87,148.99
64,8,8.9374,37.194,318.8,119.22
64,8,5.8213,39.232,378.71,148.81
64,8,5.1419,37.755,340.42,131.92
64,8,6.2821,36.574,320.32,119.69
64,8,6.6923,39.108,373.53,148.69
64,8,6.0822,40.055,369.7,136.66
64,8,8.2324,39.657,384.86,151.43
64,8,5.0191,36.827,342.28,131.9
64,8,9.6793,37.16,354.23,143.96
64,8,6.8088,36.558,314.38,118.07
64,8,9.2991,38.492,368.43,145.7
64,8,5.3627,37.947,346.21,136.98
64,8,9.384,37.294,323.98,123.16
64,8,5.9579,38.176,355.19,140.1
64,8,6.2971,36.88,336.79,134.02
64,8,6.0916,37.079,344.77,134.33
64,8,6.4618,37.377,339.03,130.58
64,8,6.5785,36.866,339.57,137.38
64,8,5.5938,37.411,333.71,127.96
64,8,6.6539,39.4,376.72,143.31
64,8,5.1205,37.938,341.62,130.03
64,8,5.6828,39.516,385.76,153.62
64,8,7.0591,39.175,379.81,149.32
64,8,5.3906,37.819,339.44,126.8
64,8,9.0933,37.005,327.75,128.56
64,8,6.9469,37.292,329.8,123.82
64,8,5.6483,38.745,364.85,143.65
64,8,5.7907,37.217,342.79,135.04
64,8,6.2861,36.188,322.32,125.96
64,8,5.6157,36.525,320.77,120.26
64,8,6.0455,36.886,329.13,125.95
64,8,6.7623,38.6,355.69,132.79
64,8,8.4417,39.001,378.11,149.23
64,8,10.745,36.714,333.93,132.92
64,8,6.9895,40.361,389.76,151.95
64,8,6.429,38.021,357.61,143.47
64,8,5.7898,39.579,372.16,139.68
64,8,6.6024,39.813,389.31,149.17
64,8,7.104,38.464,345.18,127.31
64,8,5.2366,37.933,364.36,150.35
64,8,6.7091,39.891,364.65,135.9
64,8,6.1298,38.207,358.66,144
64,8,5.7264,36.538,332.96,133.29
64,8,7.176,39.243,373.32,144.84
64,8,5.3849,37.273,327.14,124.4
64,8,5.108,36.102,316.88,124.4
64,8,6.1618,37.331,359.84,146.97
64,8,6.0434,38.329,364.78,144.66
64,8,5.9153,39.695,381.41,148.48
64,8,5.6617,38.839,372.53,145.94
64,8,5.8371,38.283,382.8,155.67
64,8,5.3623,35.867,315.26,123.99
64,8,7.1635,38.539,353.84,132
64,8,7.575,36.189,323.11,127.05
64,8,5.7616,37.834,362.7,148.27
64,8,5.7049,37.116,340.97,132.85
64,8,6.1965,36.999,336.76,133.7
64,8,8.9171,38.07,352.2,135.94
64,8,7.5118,37.984,343.54,133.87
64,8,7.0856,35.306,294.88,111.03
64,8,5.9625,37.252,339.78,131.55
64,8,6.1186,42.647,445.3,178.35
64,8,6.7733,39.423,360.37,136.31
64,8,5.6097,40.296,395.91,156.11
64,8,6.3115,37.802,357.99,141.63
64,8,8.713,39.43,380.28,146.12
64,8,5.9911,36.475,331.77,129.14
64,8,5.3071,38.287,369.15,143.85
64,8,6.0186,37.822,349.01,137.18
64,8,8.3064,36.497,330.85,129.6
64,8,6.9679,37.277,326.91,115.43
64,8,5.2048,37.475,349.51,141.79
64,8,8.5885,39.468,367.5,140.84
64,8,5.6782,36.631,325.43,129.07
64,8,6.0375,37.283,331.65,130.05
64,8,7.8732,39.543,370.04,141.31
64,8,10.949,37.444,346.52,135.99
64,8,4.5452,37.922,371.63,151.22
64,8,8.4548,39.7,385.52,151.18
64,8,6.8483,40.024,403.9,162.34
64,8,5.1741,37.98,352.79,136.38
64,8,4.9848,38.497,354.17,136.96
64,9,6.9348,40.532,412.61,164.99
64,9,5.9044,39.042,371.99,143.62
64,9,8.8154,40.056,392.63,151.46
64,9,6.1748,40.188,410.48,166.4
64,9,6.9723,40.486,393.59,152.22
64,9,6.3115,38.173,367.22,148.14
64,9,7.272,38.011,353.14,137.56
64,9,8.0395,39.65,394.15,158.49
64,9,6.5446,39.964,402.38,165.41
64,9,9.1896,38.88,352.3,128.89
64,9,5.8386,40.246,429.02,177.64
64,9,6.4096,37.266,363.02,153.41
64,9,8.9274,38.001,361.88,142.34
64,9,8.3472,38.013,358.71,144.4
64,9,6.0686,40.42,414.78,167.16
64,9,6.8994,37.975,374.63,156.65
64,9,6.629,38.088,371.7,155.22
64,9,7.3988,41.496,432.35,172.2
64,9,6.2646,39.894,400.28,162.39
64,9,8.1272,41.088,397.33,149.97
64,9,5.7986,39.941,400.56,156.95
64,9,5.9513,39.763,391.21,153.27
64,9,7.2991,37.754,341.68,128.29
64,9,6.1463,39.745,394.24,156.45
64,9,8.253,39.229,371.75,143.65
64,9,7.9904,39.392,383.04,152.17
64,9,6.0788,41.6,417.57,162.84
64,9,6.1454,40.131,388.24,150.82
64,9,5.438,41.674,444.23,181.78
64,9,6.2073,38.291,353.88,137.65
64,9,6.028,40.943,420.02,167.63
64,9,6.2366,38.358,376.22,152
64,9,5.9398,38.895,390.21,160.1
64,9,8.6363,38.711,377.69,152.46
64,9,5.7105,38.396,370.03,146.54
64,9,7.0135,37.373,346.99,139.71
64,9,6.2768,40.333,373.16,141.36
64,9,6.4978,40.441,396.09,154.63
64,9,6.8344,40.688,423.66,172.99
64,9,9.8064,38.576,377,154.43
64,9,6.893,38.524,368.77,143.45
64,9,10.205,37.83,355.54,143.88
64,9,7.4281,39.523,395.94,160.89
64,9,7.0644,40.772,402.34,157.16
64,9,5.6657,39.32,369.8,143.95
64,9,7.3609,43.35,489.65,204.36
64,9,8.5224,40.334,397.62,153.92
64,9,7.5514,41.994,452.92,185.87
64,9,6.9145,41.411,411.95,156.06
64,9,4.9351,39.459,375.6,147.47
64,9,4.9469,39.292,402,167.67
64,9,7.6425,38.797,378.34,151.14
64,9,7.5921,40.151,396.17,155.05
64,9,6.4678,39.357,383.24,153.93
64,9,6.8241,39.051,382.09,153.7
64,9,9.0692,38.029,345.31,129.53
64,9,4.5947,38.766,377.77,149.64
64,9,5.3693,39.66,408.03,171.31
64,9,6.0764,38.794,373.89,148.73
64,9,6.8521,37.991,364.45,149.63
64,9,7.3633,39.57,367.47,140.33
64,9,7.3739,39.417,387.51,155.79
64,9,6.409,39.425,398.7,163.54
64,9,6.1821,41.233,432.38,173.35
64,9,6.8629,36.878,333.26,131.26
64,9,6.012,38.659,362.21,139.95
64,9,10.039,38.066,346.52,134.58
64,9,9.3509,41.188,433.44,178.66
64,9,7.708,39.012,365.59,140.73
64,9,5.7471,38.179,382.21,159.33
64,9,8.935,42.355,444.28,179.59
64,9,5.2123,40.446,407.95,165.35
64,9,5.2547,38.22,373.64,151.99
64,9,5.3023,39.512,380.56,150.51
64,9,7.4821,39.507,397.51,161.89
64,9,6.0569,38.767,374.39,146.6
64,9,7.4644,38.057,371.13,153.46
64,9,7.4735,37.853,362.79,149.7
64,9,6.1857,38.279,362.32,148.78
64,9,6.1589,38.258,376.32,155.04
64,9,8.7556,38.736,370.08,149.93
64,9,6.8242,39.743,392.86,156.85
64,9,7.4046,38.925,373.9,146.46
64,9,7.4497,39.591,391.02,154.6
64,9,5.1957,37.992,349.05,130.09
64,9,6.0221,40.05,424.18,179.09
64,9,6.4718,38.953,381.36,155.43
64,9,7.3098,37.293,351.76,143.26
64,9,7.3373,40.797,402.68,155.31
64,9,6.8313,38.783,362.47,140.99
64,9,5.9389,41.269,439.05,181.81
64,9,6.7054,38.069,363.58,146.42
64,9,6.9476,37.299,352.12,141.43
64,9,7.1429,39.337,385.58,155.37
64,9,4.9848,38.473,378.2,152.48
64,9,6.8048,38.14,356.08,136.45
64,9,5.9965,38.175,374.88,155.75
64,9,6.5841,39.78,374.2,141.77
64,9,8.219,40.251,391.36,150.64
64,9,8.9467,40.28,377,137.7
64,9,7.1171,39.733,387.02,150.13
64,9,6.0236,38.32,359.64,140.78
64,9,7.2053,41.061,424.3,171.36
64,9,5.7069,37.881,377.43,160.07
64,9,5.8939,40.049,405.17,165.78
64,9,6.3478,38.958,376.51,146.46
64,9,5.9516,41.469,441.31,180.38
64,9,4.5021,39.764,400.23,163.44
64,9,6.771,40.421,418.41,172.32
64,9,6.1962,38.975,370.91,143.74
64,9,7.5226,39.114,366.07,146.12
64,9,6.4355,36.973,341.95,137.03
64,9,6.2835,39.32,397.08,162.87
64,9,5.6372,38.351,360.31,139.56
64,9,4.7524,39.054,378.34,150.17
64,9,5.9032,41.847,432.64,172.42
64,9,7.3214,39.441,386.22,152.39
64,9,7.1173,38.563,373.11,149.27
64,9,8.2886,38.381,354.96,136.86
64,9,8.7929,39.387,410.36,171.57
64,9,5.5396,39.153,373.3,145.87
64,9,6.8053,40.335,401.7,158.87
64,9,5.9741,39.225,392.95,156.9
64,9,7.7507,39.56,397.72,163.81
64,9,6.2783,41.829,426.35,166.24
64,9,7.4441,37.354,353.84,145.41
64,9,5.9292,39.44,398.09,162.78
64,9,7.4767,39.425,389.98,155.26
64,9,6.3686,38.823,380.48,155.97
64,9,8.1785,38.304,365.12,147.43
64,9,6.367,38.373,381.77,156.88
64,9,5.6628,40.319,402.35,159.37
64,9,6.2291,38.961,379.72,151.14
64,9,7.7663,37.344,347.18,135.9
64,9,5.8655,37.838,363.1,147.06
64,9,8.4727,40.94,434.55,178.29
64,9,8.083,38.501,387.87,164.07
64,9,6.5482,39.022,350.24,128.42
64,9,5.2395,38.863,379.01,149.8
64,9,6.2193,40.615,404.11,160.15
64,9,8.5186,36.95,328.27,127.02
64,9,8.209,38.053,378.6,159.5
64,9,8.7823,37.058,337.7,130.74
64,9,5.6959,39.612,379.97,147.21
64,9,5.1179,38.886,373.23,146.19
64,9,8.7375,39.093,389.68,161.41
64,9,6.9241,39.392,376.86,142.57
64,9,7.7706,41.472,410.62,154.29
64,9,5.5523,38.16,362.66,143.95
64,9,6.8213,39.342,368.46,144
64,9,7.5274,40.704,422.61,170.8
64,9,6.9939,38.884,400.62,166.41
64,9,9.56,38.34,375.44,153.05
64,9,6.3535,38.326,365.77,143.13
64,9,6.477,37.13,356.52,149.8
64,9,7.1834,39.572,392.13,158.93
64,9,6.0359,39.338,378.77,146.56
64,9,7.6556,41.067,415.74,163.26
64,9,6.057,39.488,386.77,153.34
64,9,4.9709,38.097,356.83,138.26
64,9,6.8742,40.887,415.59,166.63
64,9,7.7262,40.494,391.45,145.99
64,9,8.9316,41.119,410.77,159.87
64,9,6.4994,39.069,376.43,147.64
64,9,6.7998,38.187,372.88,154.5
64,9,9.9309,40.086,413.36,167.11
64,9,7.2114,39.765,389.73,153.88
64,9,7.7913,40.276,424.49,177.64
64,9,6.076,39.047,368.56,140.67
64,9,6.8446,41.52,429.24,176.48
64,9,8.0929,38.35,355.81,140.56
64,9,5.3366,38.221,353.68,138.59
64,9,6.0722,41.087,434.84,177.13
64,9,6.7508,40.457,397.53,154.44
64,9,5.9369,39.018,365.82,138.04
64,9,5.8373,40.479,406.47,161.05
64,9,7.8411,40.074,369.61,134.67
64,9,5.6129,39.325,403.16,167.55
64,9,6.2604,39.899,391.78,150.66
64,9,8.8054,40.647,408.18,162.93
64,9,9.3662,40.945,415.64,163.78
64,9,6.7119,36.789,337.36,135.88
64,9,5.5275,39.131,394.62,160.43
64,9,7.4133,41.358,405.61,155.78
64,9,4.8392,38.505,370.41,148.16
64,9,5.5349,38.579,357.04,135.29
64,9,8.7919,40.265,403.74,165.27
64,9,7.2643,39.256,389.67,160.19
64,9,7.44,38.506,351.18,133.16
64,9,6.2789,40.99,425.08,169.13
64,9,6.4469,38.758,389.04,160.72
64,9,5.1861,39.819,392.4,158.77
64,9,6.4284,41.425,425.49,171.35
64,9,7.6946,38.672,394.97,166.24
64,9,6.5731,40.107,379.48,144.27
64,9,7.0142,40.854,424.21,173.38
64,9,9.5349,40.089,403.65,159.94
64,9,6.1026,41.688,445.56,182.72
64,9,7.3171,38.846,375.57,145.64
64,9,6.8827,37.715,352.43,141.59
64,9,7.8956,39.796,392.36,150.4
64,9,5.717,41.225,402.94,155.77
64,9,7.7584,37.996,353.81,137.05
64,9,7.1104,37.906,348.73,134.88
64,9,8.0835,38.27,372.79,154.82
64,9,8.3326,38.379,378.97,155.09
64,9,9.7468,40.282,411.28,167.31
64,9,8.6428,40.996,421.32,167.98
64,9,8.5927,40.157,414.37,168.98
64,9,5.5476,40.125,406.77,163.72
64,9,7.0847,37.606,347.93,136.03
64,9,8.7779,39.884,400.76,155.79
64,9,8.1142,39.78,382.52,147.73
64,9,7.7117,41.026,419.3,169.07
64,9,8.553,40.413,403.25,163.07
64,9,6.3768,37.914,366.26,147.44
64,9,7.185,38.201,366.22,146.59
64,9,7.9699,39.12,386.86,159.26
64,9,8.5427,36.79,335.82,132.9
64,9,9.4932,39.282,374.99,148.29
64,9,6.0231,40.75,400.04,154.35
64,9,7.2068,40.049,393.67,154.68
64,9,7.195,38.212,366.8,148.98
64,9,5.4813,39.392,426.29,182.62
64,9,8.2199,41.554,422.66,167.78
64,9,5.9238,40.956,426.53,173.56
64,9,6.7833,39.819,394.83,158.28
64,9,6.3284,39.88,399.13,157.31
64,9,8.1538,39.261,384.31,154.6
64,9,6.04,42.485,436.56,169.81
64,9,5.1801,39.446,382.04,153.27
64,9,9.5702,38.005,361.39,142.71
64,9,7.1709,37.888,337.86,124.17
64,9,7.5292,40.696,422.66,173.95
64,9,6.2994,40.13,395.6,154.54
64,9,6.1866,38.939,386.23,157.74
64,9,6.4712,40.861,393.95,148.16
64,9,7.6348,39.644,397.21,163.29
64,9,9.9053,41.485,422.53,169.39
64,9,7.6024,37.444,346.41,134.77
64,9,6.975,39.554,402.7,168.72
64,9,6.7943,39.637,387.91,154.78
64,9,7.7463,39.466,397.47,160.6
64,9,6.6958,39.401,376.14,149.14
64,9,6.6113,38.99,369.94,147.75
64,9,5.5304,40.194,408,164.48
64,9,5.338,39.127,380.8,148.7
64,9,5.9854,38.882,376.37,149.06
64,9,6.8061,39.02,372.94,149.16
64,9,7.6355,39.902,413.17,173.7
64,9,7.3804,40.426,429.87,180.19
64,9,5.3312,37.461,349.39,139.92
64,9,8.5039,39.905,386.17,151.15
64,9,7.9767,38.253,377.08,156.01
64,9,6.8532,39.543,397.53,160.37
64,9,7.0353,40.633,405.78,159.73
64,9,6.9002,37.539,374.12,160.89
64,9,7.1454,39.248,375.76,146.54
64,9,7.6509,43.159,460.58,184.32
64,9,6.5151,40.071,413.62,172.57
64,9,6.5269,39.261,384.07,153.36
64,9,5.8655,39.415,397.52,165.06
64,9,5.7721,39.473,393.3,158.44
64,9,9.0202,39.974,387.97,150.3
64,9,7.9634,38.832,381.89,156.08
64,9,6.5576,39.38,392.69,161.97
64,9,6.7458,39.676,401.59,164.59
64,9,5.4425,37.683,348.73,139.03
64,9,7.8151,40.772,416.29,168.21
64,9,6.4157,37.036,339.74,131.63
64,9,5.9939,38.035,360.84,143.28
64,9,7.3176,39.558,381.52,150.24
64,9,6.9136,37.663,363.11,149.15
64,9,7.8726,37.717,350.63,138.3
64,9,6.6929,38.176,367.76,148.94
64,9,5.0221,39.752,396.6,159.75
64,9,5.3542,39.388,367.44,141.57
64,9,7.0812,40.662,426.97,175.32
64,9,6.7663,40.012,391.73,153.6
64,9,7.0568,40.853,412.52,163.98
64,9,6.1959,38.662,376.9,150.5
64,9,8.4945,40.009,404.35,165.34
64,9,8.2462,37.976,361.3,144.57
64,9,6.9503,38.416,380.76,156.81
64,9,5.108,38.567,390.84,164.21
64,9,6.9074,37.374,353.97,144.79
64,9,7.1605,38.472,362.56,145.36
64,9,5.5068,36.776,318.22,119.22
64,9,6.4919,38.014,372.34,154.99
64,9,5.8665,39.187,376.88,147.87
64,9,6.4632,39.242,394.99,163.69
64,9,6.4847,39.02,389.79,160.71
64,9,5.8177,39.609,400.6,163.4
64,9,6.0071,39.301,401.43,167.22
64,9,7.3936,39.641,391.82,157.88
64,9,7.9699,38.063,371.69,151.1
64,9,7.1774,39.928,394.54,159.41
64,9,7.8268,38.223,362.33,141.85
64,9,5.8638,40.054,408.89,162.54
64,9,7.1128,39.394,402.22,165.68
64,9,5.8189,38.551,357.55,138.96
64,9,5.7023,41.341,419.72,162.41
64,9,5.9284,41.693,410.15,154.95
64,9,4.7816,38.434,371.62,149.5
64,9,8.928,39.238,396.41,160.95
64,9,7.5741,43.737,467.61,181.5
64,9,6.4028,38.892,382.7,150.98
64,9,6.5828,38.933,358.11,136.2
64,9,5.3342,39.575,393.42,160.14
64,9,6.3579,41.348,396.91,151.8
64,9,6.1021,38.509,376.14,153.37
64,9,6.2202,38.696,376.24,151.07
64,9,5.6466,41.408,443,182.66
64,9,4.8124,40.2,400.76,158.2
64,9,7.4565,39.339,378.45,149.26
64,9,8.4471,39.61,397.62,162.77
64,9,5.8548,39.737,369.27,139.6
64,9,7.1663,39.711,395.79,158.39
64,9,7.5093,41.34,438.99,183.43
64,9,9.8241,39.664,391.68,159.32
64,9,5.8461,41.744,446.89,184.62
64,9,5.139,40.665,396.52,152.95
64,9,8.8082,39.462,394.74,159.6
64,9,5.351,38.288,345.32,125.4
64,9,8.659,37.253,363.26,149.49
64,9,6.9278,41.304,416.55,164.86
64,9,7.5553,37.303,361.07,148.11
64,9,7.1273,39.99,386.32,148.29
64,9,6.0074,39.833,406.02,164.52
64,9,6.6467,38.389,359.93,144.59
64,9,6.4713,38.419,366.69,143.84
64,9,5.2583,39.06,384.88,151.3
64,9,5.4873,38.465,370.05,147.57
64,9,6.2849,39.372,404.15,166.68
64,9,6.6836,39.659,397.13,160.85
64,9,7.8856,40.02,407.49,168.91
64,9,5.0951,40.345,409.16,164.6
64,9,7.4754,37.627,350.2,137.9
64,9,6.5423,37.833,363.11,147.9
64,9,7.3017,39.065,390.44,160.59
64,9,5.4521,39.817,426.67,180.59
64,9,6.7309,37.428,359.94,147.86
64,9,5.7147,39.005,371.68,144.35
64,9,6.1125,41.249,430.17,174.71
64,9,6.04,39.446,398.24,162.84
64,9,6.3295,40.062,407.09,165.27
64,9,8.2122,36.736,348.73,144.11
64,9,5.7156,39.404,408.56,169.94
64,9,5.6971,40.293,391.6,148.53
64,9,8.3728,37.932,344.94,131
64,9,8.1997,38.057,361.8,146.37
64,9,8.079,38.548,358.24,138.77
64,9,8.2738,39.586,396.34,161.28
64,9,7.1901,38.655,393.01,165.44
64,9,6.8445,40.015,408.28,165.84
64,9,6.23,41.07,424.17,170.75
64,9,7.498,38.747,380.09,153.05
64,9,6.8907,42.089,458.05,189.44
64,9,6.9858,37.806,350.84,140.43
64,9,5.5021,41.56,438.78,179.58
64,9,5.9959,39.452,395.88,159.9
64,9,4.9355,38.901,375.56,147.47
64,9,7.4598,39.884,380.46,146.76
64,9,7.7415,41.951,432.27,172.3
64,9,5.3964,39.619,350.24,121.55
64,9,7.1667,41.09,411.45,160.32
64,9,5.555,38.879,367.06,142.79
64,9,5.6451,37.187,352.28,143.63
64,9,7.4115,38.201,359.79,143.55
64,9,5.9206,41.194,414.81,163.79
64,9,6.0047,38.659,391.23,164.14
64,9,7.3626,38.164,359.61,142.93
64,9,6.9047,39.435,383.62,150.45
64,9,7.904,38.611,354.01,136.14
64,9,7.5065,37.735,343.29,133.95
64,9,8.7026,39.147,394.64,161.42
64,9,6.0278,37.363,356.33,140.74
64,9,6.8807,39.6,403.39,166.1
64,9,8.0471,40.45,428.56,182.36
64,9,7.9243,40.014,412.31,169.34
64,9,8.4344,39.19,382.65,153.75
64,9,8.0163,40.013,409.09,167.17
64,9,8.0286,41.318,422.98,170.55
64,9,4.9265,40.97,410.42,155.84
64,9,7.5295,39.1,394.06,162.94
64,9,6.2592,39.055,380.08,154.37
64,9,10.003,38.581,359.9,141.3
64,9,5.4231,38.75,373.86,150.21
64,9,7.3019,38.38,369.41,151.11
64,9,6.335,39.232,383.5,155.67
64,9,11.852,41.19,421.26,167.51
64,9,5.3123,39.792,403.92,161.98
64,9,7.0034,39.021,376.99,149.61
64,9,6.6955,42.256,442.04,174.03
64,9,6.4062,38.915,374.1,145.78
64,9,9.0483,40.484,406.68,161.39
64,9,7.5487,39.875,390.91,154.43
64,9,7.1813,40.915,446.23,189.66
64,9,5.33,38.844,391.21,162.1
64,9,7.65,41.315,424.1,171.14
64,9,8.7828,38.96,405.19,168.97
64,9,10.001,38.291,355.45,137.58
64,9,7.8706,39.9,403.99,165.49
64,9,7.2745,39.998,400.95,158.21
64,9,6.6298,39.542,387.52,154.34
64,9,9.598,39.688,389.16,155.96
64,9,8.4362,41.451,439.36,179.69
64,9,6.3471,38.804,381.21,150.48
64,9,6.2976,40.562,414.85,170
64,9,5.9134,39.207,378.41,148.32
64,9,6.5552,38.684,368.02,141.41
64,9,6.706,39.232,391.45,160.63
64,9,6.1509,38.894,374.52,148.9
64,9,6.6628,39.436,384.24,150.38
64,9,6.8803,39.324,390.64,158.74
64,9,6.0816,39.298,392.28,165.4
64,9,5.4095,41.062,412.73,162.59
64,9,6.095,40.678,395.25,150.26
64,9,6.1016,40.501,387.87,145.19
64,9,7.9277,41.572,421.21,161.24
64,9,8.1284,39.261,389.72,156.81
64,9,6.8648,40.071,413.72,168.2
64,9,6.7697,39.759,383.27,147.01
64,9,5.7036,39.693,404.74,160.87
64,9,6.0135,39.279,382.36,150.55
64,9,8.1978,38.498,380.6,155.09
64,9,7.4552,39.631,391.1,157.05
64,9,9.5681,38.688,373.28,152.01
64,9,7.0967,41.022,424.8,168.01
64,9,4.9325,36.861,335.28,132.24
64,9,7.0612,38.698,376.03,153.15
64,9,5.7328,39.329,393.24,161.95
64,9,6.2027,39.679,394.76,159.51
64,9,7.4932,40.751,421.27,174.17
64,9,8.4295,36.141,335.17,138.61
64,9,6.1693,39.14,379.46,151.59
64,9,8.0212,41.923,444.62,179.95
64,9,6.7316,37.649,360.23,148.45
64,9,7.7047,38.173,374.57,153.83
64,9,6.7421,39.725,396.81,155.37
64,9,7.1366,40.471,432.01,181.45
64,9,5.8601,38.655,390.75,161.17
64,9,8.784,41.896,451.17,183.81
64,9,7.471,39.649,400.84,166.53
64,9,7.0736,41.081,408.98,157.41
64,9,6.1997,39.659,403.58,167.31
64,9,6.3535,40.455,413.57,166.49
64,9,7.9641,38.792,376.15,150.03
64,9,7.1715,38.062,370.7,153.76
64,9,5.1588,37.334,358.69,147.4
64,9,5.9494,40.499,416.54,171.13
64,9,7.4115,39.507,367.85,141.48
64,9,6.5107,37.761,349.76,139.46
64,9,6.0449,38.686,377.06,150.6
64,9,5.9761,40.445,412.33,166.9
64,9,8.346,40.215,396.17,159.71
64,9,5.813,37.026,333.62,127.8
64,9,5.9619,38.351,360.11,140.81
64,9,7.4588,40.446,395.28,155.98
64,9,7.6263,38.669,371.04,145.68
64,9,6.0367,40.721,424.49,174.98
64,9,6.0427,39.445,379.48,144
64,9,6.102,37.983,369.78,153.58
64,9,5.5869,39.027,360.09,133.41
64,9,7.0155,39.841,394.12,155.79
64,9,6.7264,41.039,433.87,178.7
64,9,6.5853,37.623,350.8,138.33
64,9,6.1418,39.158,378.56,152.63
64,9,7.9887,39.213,368.39,137.24
64,9,7.1911,41.09,436.67,179.22
64,9,8.4923,39.759,399.54,163.45
64,9,6.1456,40.705,405.08,158.77
64,9,7.5018,36.438,331.23,132.94
64,9,5.3635,40.119,404.04,161.04
64,9,7.8784,39.373,362.07,134.16
64,9,8.27,39.609,405.45,166.93
64,9,5.5624,38.969,378.28,152.22
64,9,5.7207,39.405,377.53,148.58
64,9,6.434,40.283,405.97,165.33
64,9,6.4927,38.845,367.8,147.13
64,9,6.4561,38.306,373.55,150.11
64,9,5.6806,40.632,429.01,172.74
64,9,6.4735,38.882,366.19,143.93
64,9,6.0283,39.685,404.63,168.58
64,9,7.6573,39.137,376.55,147
64,9,7.0384,38.91,390.75,163.66
64,9,9.3794,39.863,366.98,139.56
64,9,9.1042,41.268,431.38,172.17
64,9,6.5669,40.979,404.25,152.1
64,9,6.2388,39.035,382.22,154.06
64,9,4.6047,40.175,401.52,160.92
64,9,5.5378,40.598,418.9,166.71
64,9,5.5963,37.36,356.77,145.1
64,9,5.6072,39.161,376.19,146.77
64,9,6.0001,39.766,379.32,145.87
64,9,6.1993,39.587,381.43,149.96
64,9,8.3281,39.881,384.21,150.01
64,9,8.1753,37.843,339.19,126.93
64,9,6.3081,37.957,367.4,150.62
64,9,8.463,40.779,405.67,158.61
64,9,6.9644,43.507,446.84,167.23
64,9,6.2801,39.381,382.77,152.3
64,9,6.351,37.775,358.33,145.56
64,9,4.9721,39.068,364.62,141.59
64,9,6.5173,38.73,393.97,166.01
64,9,6.5641,41.829,416.45,160.59
64,9,6.2549,36.963,346.21,140.93
64,9,8.6894,36.136,325.33,129.63
64,9,5.5516,39.573,392.76,159.4
64,9,6.1904,39.93,395.36,151.04
64,9,6.6675,42.199,447.1,180.17
64,9,8.5606,42.526,442.39,169.82
64,9,7.4566,40.426,396.43,151.79
64,9,6.0422,39.497,376.45,145.29
64,9,6.0348,39.498,403.25,168.79
64,9,6.6237,40.808,383.38,137.56
64,9,6.6592,37.245,351.77,143.05
64,9,7.5734,39.44,380.13,147.65
64,9,5.927,38.275,381.52,161.51
64,9,7.9656,39.179,387.31,158.66
64,9,7.415,41.267,422.18,170.11
64,9,6.948,39.736,389.45,153.06
64,9,11.378,39.079,387.42,154.79
64,9,5.6016,39.74,391.2,152.88
64,9,7.6871,40.657,401.78,158.36
64,9,6.5198,39.313,383.05,148.28
64,9,6.2849,36.718,348.57,142.73
64,9,7.0868,39.789,388.01,154.05
64,9,6.9063,41.357,420.45,167.04
64,9,7.1567,38.516,368.67,138.11
64,9,5.5847,39.098,376.28,148.22
64,9,5.4981,41.476,415.01,161.2
64,9,6.1208,41.052,402.37,147.75
64,9,5.5119,38.141,375.95,154.52
64,9,5.9956,39.212,385.24,154.9
64,9,6.1986,38.921,384.07,154.63
64,9,5.9927,39.213,400.37,167.24
64,9,6.6643,41.298,442.46,181.72
64,9,6.9012,37.471,346.02,138.98
64,9,7.0965,36.777,339.98,135.58
64,9,7.5769,40.685,396.87,153.98
64,9,8.8233,40.211,406.02,161.8
64,9,6.2016,39.286,407.65,166.27
64,9,8.3663,37.235,339.16,133.6
64,9,7.2332,40.888,415,165.42
64,9,9.6078,39.05,391.55,163.17
64,9,6.6257,39.953,401.99,160.38
64,9,8.5873,41.946,448.56,186.72
64,9,5.7039,39.291,393.44,162.99
64,9,5.7916,39.694,400.6,161.52
64,9,5.8179,41.48,436.72,179.86
64,9,8.5026,40.603,410.77,165.86
64,9,10.664,39.624,362.38,135.1
64,9,5.4775,40.409,394.85,152.16
64,9,5.9543,40.547,402.99,156.17
64,9,7.9834,38.105,369.24,152.71
64,9,7.5376,38.624,367.86,146.64
64,9,7.5109,37.47,332.84,125.71
64,9,5.4639,39.309,415.17,176.29
64,9,7.5628,36.918,356.04,149.51
64,9,7.022,39.522,386.34,151.53
64,9,4.9423,38.675,364.94,138.88
64,9,7.6718,42.582,458.84,183.66
64,9,7.5984,39.954,390.4,154.52
64,9,5.1483,39.201,384.69,152.17
64,9,5.6912,40.04,382.02,144.57
64,9,6.0446,38.884,363.69,139.07
64,9,7.5681,37.86,353.41,139.78
64,9,9.7925,39.452,376.05,145.04
64,9,6.6692,38.253,365.83,148.11
64,9,7.0728,39.802,414.12,173.96
64,9,6.1066,38.671,379.33,153.72
64,9,6.9533,39.921,405.92,168.01
64,9,10.97,39.413,391.69,159.6
64,9,7.9324,41.195,422.05,169.55
64,9,6.476,38.212,373.54,151.06
64,9,7.1201,38.841,381.77,156.59
64,9,6.9106,39.887,400.76,162.05
64,9,7.1045,40.863,421.89,172.61
64,9,8.8715,40.688,409.37,165.89
64,9,6.6631,39.596,372.33,139.59
64,9,6.6934,39.766,364.56,134.64
64,9,7.7457,40.832,420.52,165.52
64,9,6.9668,38.558,375.16,153.45
64,9,8.736,39.896,385.83,149.73
64,9,7.0315,40.339,411.69,163.07
64,9,9.1044,39.111,368.83,140.48
64,9,8.0089,39.824,391.41,149.54
64,9,7.5307,41.203,427.36,170.79
64,9,6.4784,38.99,382.29,156.14
64,9,8.7156,42.645,448.71,179.83
64,9,8.6339,39.127,377.19,150.81
64,9,7.4373,40.13,398.61,159.55
64,9,7.8007,39.824,378,143.53
64,9,8.4292,40.135,427.26,185.38
64,9,6.9139,39.152,359.63,131.67
64,9,7.0014,38.118,357.44,141.36
64,9,7.1553,41.777,433.16,173.18
64,9,6.4034,40.093,400.23,161.39
64,9,7.9653,39.713,396.65,155.29
64,9,6.6399,39.612,384.07,153.03
64,9,6.544,41.201,418.41,165.07
64,9,8.513,39.975,392.75,156.01
64,9,6.633,40.979,409.63,160.43
64,9,8.7684,38.332,361.45,145.22
64,9,6.8992,39.547,376.03,142.91
64,9,7.6774,40.767,406.02,165.06
64,9,6.2635,40.292,405.88,167.48
64,9,8.7448,40.041,404.69,164.26
64,9,7.1443,39.531,366.91,138.75
64,9,6.1677,39.198,395.2,163.52
64,9,6.1844,40.034,383.45,148.39
64,9,6.1556,39.301,396.59,162.58
64,9,6.7804,38.917,378.74,148.14
64,9,6.846,40.28,421.91,173.98
64,9,5.4865,40.165,420.93,175.98
64,9,5.7764,37.434,353.04,142.8
64,9,4.757,39.157,379.71,150.92
64,9,6.4014,39.413,376.57,147.95
64,9,9.4067,40.108,410.28,171.46
64,9,8.4212,39.026,372.66,147.02
64,9,6.2033,39.804,402.58,160.44
64,9,5.7363,42.474,447.49,174.85
64,9,7.0403,39.526,387.9,154.83
64,9,6.7088,39.786,389.04,155.39
64,9,6.9666,40.948,420.95,166.89
64,9,6.7896,38.352,357.99,141.57
64,9,7.0773,38.367,363.77,146
64,9,7.9227,40.136,398.81,159.69
64,9,7.2465,38.469,351.92,132.59
64,9,5.7068,41.298,409.55,156.88
64,9,5.8756,40.46,402.17,157.55
64,9,6.2351,38.575,376.31,152.29
64,9,6.9662,36.892,350.4,145.53
64,9,7.8992,39.134,376.13,153.4
64,9,8.8904,39.389,368.09,138.89
64,9,8.0319,38.371,368.58,147.06
64,9,8.0158,37.932,349.6,131.57
64,9,6.1884,40.029,385.52,152.07
64,9,7.3297,40.723,403.99,157.9
64,9,9.1239,40.938,400.33,149.87
64,9,6.0561,39.492,384.81,152.51
64,9,6.6966,37.664,374.58,160.1
64,9,5.0522,39.621,371.22,138.94
64,9,7.0144,40.853,430.04,178
64,9,6.8894,38.31,364.34,144.91
64,9,7.7258,38.103,351.03,136.83
64,9,6.9058,40.421,395.5,155.93
64,9,6.7218,39.109,383.48,154.11
64,9,5.8071,38.927,356.6,135.83
64,9,6.4752,39.996,388.3,149.41
64,9,6.0231,40.417,399.49,159.57
64,9,8.1095,37.727,373.84,154.69
64,9,7.862,39.962,409.74,167.05
64,9,8.1966,38.631,363.06,138.56
64,9,7.3844,38.271,361,144.71
64,9,6.9477,38.915,380.8,151.78
64,9,6.6621,37.868,361.87,146.02
64,9,7.1312,37.504,355.28,146.08
64,9,5.019,39.576,397.79,159.49
64,9,6.3921,40.799,420.4,169.81
64,9,6.7387,41.608,431.05,172.06
64,9,5.5503,40.225,397.55,154.92
64,9,5.471,40.8,421.36,167.03
64,9,4.9147,36.536,342.65,139.45
64,9,6.5468,39.742,392.27,154.24
64,9,7.7559,37.309,348.24,142.31
64,9,8.3553,38.764,381.73,154.77
64,9,8.1044,38.885,394.67,163.51
64,9,5.9466,38.712,384.64,159.78
64,9,7.4185,38.413,358.41,141.5
64,9,9.1121,39.992,392.41,152.21
64,9,6.6884,39.642,401.32,164.93
64,9,10.994,38.925,383.02,153.55
64,9,6.9144,38.908,372.07,146.04
64,9,5.4241,39.613,400.45,164.06
64,9,6.7806,40.151,397.19,159.29
64,9,4.7345,38.119,373.24,151.79
64,9,9.6402,39.861,390.88,153.87
64,9,8.4386,41.22,437.43,180.28
64,9,6.0019,38.678,371.26,145.76
64,9,7.2647,39.018,385.05,159.69
64,9,9.5364,39.113,384.44,154.4
64,9,6.7063,37.441,363.75,148.65
64,9,6.625,38.019,367.72,147.07
64,9,8.2968,39.965,402.53,158.09
64,9,8.2819,40.018,387.93,148.75
64,9,6.0467,41.758,417.84,155.33
64,9,4.9821,42.373,448.13,177.76
64,9,5.9937,39.12,380.13,152.08
64,9,7.831,36.804,345.11,137.1
64,9,5.327,38.365,370.53,149.37
64,9,7.4453,40.328,400.37,161.62
64,9,5.8672,40.31,388.68,146.13
64,9,5.8089,37.926,372.95,155.1
64,9,5.4808,38.488,363.4,142.07
64,9,7.2952,39.192,384.69,154.11
64,9,6.0854,37.856,358.66,144.81
64,9,6.832,38.533,372.01,147.34
64,9,5.0315,41.426,423.5,165.24
64,9,8.8484,40.351,421.45,173.44
64,9,8.208,39.225,386.43,157.79
64,9,7.6138,38.881,389.1,163.07
64,9,6.4181,40.324,435.53,182.59
64,9,7.4884,41.623,423.19,162.38
64,9,6.6836,39.614,391.34,158.79
64,9,6.5503,39.621,402.05,164.08
64,9,5.8838,37.583,360.21,147.24
64,9,8.2967,37.885,340.52,131.51
64,9,8.387,39.783,405.59,164.51
64,9,8.1135,39.504,402.64,169.09
64,9,6.316,40.883,412.72,164
64,9,8.7655,40.298,403.52,159.43
64,9,7.5492,39.335,388.8,154.93
64,9,6.3904,38.345,384.96,162.55
64,9,7.4883,39.478,375.49,146.34
64,9,6.1663,40.518,410.87,164.41
64,9,6.1206,39.03,374.29,149.62
64,9,8.1228,40.626,417.42,169.88
64,9,7.1125,38.642,375.68,152.04
64,9,6.327,42.102,449.88,180.84
64,9,8.1876,38.921,395.91,165.23
64,9,7.0142,41.497,433.08,177.31
64,9,8.4573,41.842,430.98,168.61
64,9,5.9364,38.954,398.72,166.31
64,9,6.5018,40.65,386.9,148.72
64,9,7.5993,37.755,363.88,148.7
64,9,7.2471,37.795,345.39,132.67
64,9,6.8024,39.757,371.8,139.91
64,9,7.721,38.609,356.42,135.38
64,9,7.717,38.91,392.73,161.58
64,9,4.7293,38.409,388.05,162.29
64,9,6.2484,42.01,431.98,163.17
64,9,6.2489,40.114,403.94,162.84
64,9,7.921,39.846,404.78,165.22
64,9,7.8706,39.979,407.55,166.92
64,9,5.8033,38.147,371.61,149.62
64,9,8.5442,42.613,480.84,204.86
64,9,6.5234,42.88,459.78,183.19
64,9,6.2212,39.14,388.49,159.9
64,9,6.4809,40.413,398.14,154.8
64,9,5.2366,39.363,403.98,165.85
64,9,5.7413,36.644,347.61,140.92
64,9,5.8435,41.139,410,163.56
64,9,6.2561,40.279,385.42,146.83
64,9,9.3422,40.544,396.24,149.68
64,9,8.1923,39.165,380.17,152.14
64,9,7.1967,40.568,411.27,162.11
64,9,7.5771,37.733,352.89,136.43
64,9,7.117,38.226,351.79,133.58
64,9,6.0052,38.738,375.5,147.64
64,9,5.6459,38.888,374.87,148.19
64,9,6.9883,40.515,407.56,159.45
64,9,5.4753,39.073,377.29,148.01
64,9,8.2927,37.373,334.97,127.15
64,9,6.8655,41.874,431.5,173.44
64,9,8.9827,40.917,438.8,184.86
64,9,8.7384,39.124,373.31,143.47
64,9,6.4475,40.056,398.31,154.79
64,9,7.158,38.247,363.71,141.53
64,9,7.3025,37.964,356.04,142.73
64,9,6.0411,39.048,387.84,157.42
64,9,6.1442,38.867,378.32,154.08
64,9,6.6945,38.76,363.23,143.34
64,9,6.2522,38.785,370.06,144.69
64,9,6.2312,39.634,392.98,157.27
64,9,6.607,39.256,378.7,149.2
64,9,4.3244,38.874,388.11,160.62
64,9,6.2539,39.791,401.55,162.7
64,9,9.8826,39.282,373.06,147.02
64,9,4.9883,40.142,384.49,146.52
64,9,6.4168,38.803,386.68,160.02
64,9,7.9277,41.357,438.5,181.76
64,9,9.3023,40.097,389.46,157.87
64,9,7.648,39.912,394.57,157.66
64,9,6.2283,42.494,459.75,184.52
64,9,7.142,40.251,401.89,161.13
64,9,5.8329,39.805,403.7,165.05
64,9,6.8669,37.955,362.5,144.55
64,9,6.6624,41.05,412.51,160.6
64,9,7.9616,38.739,373.12,146.08
64,9,5.4263,38.806,388.02,159.26
64,9,6.8303,41.13,431.38,174.51
64,9,5.6049,37.119,329.53,124
64,9,7.4633,38.885,387.99,161.87
64,9,5.6084,37.231,357.46,145.91
64,9,7.4763,39.319,377.43,148.25
64,9,7.738,39.652,398.16,162.47
64,9,5.9317,41.743,442.97,179.2
64,9,6.668,37.484,358.08,146.36
64,9,7.3738,38.855,367.72,147.12
64,9,5.4801,39.348,390.7,156.34
64,9,6.4355,40.379,411.3,167.52
64,9,9.1297,38.28,363.85,142.94
64,9,6.2822,37.564,365.5,150.83
64,9,7.8122,39.855,381.76,144.13
64,9,5.1805,38.677,369.21,147.63
64,9,6.4043,40.718,408.23,162.45
64,9,8.0723,38.749,353.93,137.47
64,9,6.5911,37.999,353.14,138.3
64,9,6.3152,39.408,376.37,146.84
64,9,5.9685,39.976,397.28,160.17
64,9,8.7452,40.157,405.28,164.74
64,9,8.0158,40.826,430.92,175.2
64,9,5.8897,37.986,386.4,161.89
64,9,5.3216,39.608,391.87,151.75
64,9,6.8758,38.69,378.54,154.36
64,9,8.3559,37.449,358.82,145.07
64,9,8.5621,37.32,354.53,142.71
64,9,6.0363,41.218,436.73,179.21
64,9,7.9283,41.209,405.82,157.53
64,9,8.5447,38.523,373.04,152.43
64,9,5.2684,39.163,382.92,152.33
64,9,7.0195,38.229,350.58,132.35
64,9,11.341,37.788,341.34,129.68
64,9,6.2997,38.297,355.69,138.22
64,9,6.1991,40.243,400.9,162.04
64,9,8.5462,38.295,370.82,151.81
64,9,11.134,39.909,386.1,153.13
64,9,6.7344,40.463,415.2,167.64
64,9,5.7921,38.306,363.66,144.32
64,9,7.355,39.421,376.61,146.4
64,9,6.216,41.007,408.99,157.67
64,9,6.344,39.25,403.99,166.61
64,9,7.4581,40.397,407.76,165.01
64,9,6.5249,40.481,396.19,153.44
64,9,6.2869,39.573,389.75,154.1
64,9,8.0574,39.22,383.38,152.99
64,9,8.2844,38.538,368.71,147.68
64,9,6.0525,42.219,450.77,182.99
64,9,6.9302,39.802,399.96,162.47
64,9,5.3211,38.513,368.54,142.93
64,9,8.3952,37.608,341.38,130.57
64,9,8.6584,37.704,350.12,134.33
64,9,5.4134,40.452,411.04,164.06
64,9,7.6077,40.505,404.44,156.89
64,9,7.4759,38.928,387.88,158.7
64,9,5.9912,38.598,368.06,146.44
64,9,5.8108,39.878,394.73,156.04
64,9,7.3015,38.615,364.11,141.85
64,9,6.4253,37.766,359.66,144.91
64,9,7.9903,37.615,329.55,120.93
64,9,6.2996,39.533,377.58,148.61
64,9,5.8766,40.754,423.24,170.7
64,9,7.1028,39.5,388.44,152.99
64,9,5.6133,40.432,410.05,164.18
64,9,6.1818,40.085,401.31,160.5
64,9,5.6003,39.574,381.94,149.1
64,9,5.2391,39.417,385.37,152.89
64,9,6.3641,37.536,339.22,130.64
64,9,5.2256,41.02,406.28,159.15
64,9,6.9771,38.083,371.47,153
64,9,7.3842,36.995,332.2,127.48
64,9,5.6288,40.323,407.55,165.37
64,9,6.6759,38.981,382.86,156.25
64,9,5.4122,38.459,367.26,145.81
64,9,5.5858,40.974,420.59,165.57
64,9,6.1511,39.373,381.91,147.27
64,9,6.1755,39.032,388.26,158.44
64,9,5.9457,37.82,367.74,147.98
64,9,7.608,39.305,398.64,166.57
64,9,6.844,40.216,415.44,171.2
64,9,6.5488,40.796,412.33,164.9
64,9,7.8379,39.702,391.37,152.05
64,9,6.4826,40.3,394.89,157.53
64,9,5.0893,37.934,363.47,145.76
64,9,8.165,38.503,372.88,150.62
64,9,6.8983,38.434,372.46,149.79
64,9,8.0154,39.953,376.66,140.97
64,9,5.9168,39.81,404.46,161.05
64,9,6.4036,37.767,357.55,147.22
64,9,8.7349,40.732,411.95,163.97
64,9,5.9116,41.324,406.44,156.9
64,9,6.1513,37.004,335.35,128.36
64,9,6.4132,38.331,377.01,153.56
64,9,5.5619,40.154,406.95,163.71
64,9,4.7263,39.427,378.04,147.35
64,9,5.8288,39.813,409.86,170.98
64,9,5.8565,39.411,380.35,150.92
64,9,7.4221,40.024,382.21,146.97
64,9,5.5547,40.164,415.48,172.42
64,9,7.708,39.975,396.92,161.9
64,9,8.4276,39.193,391.76,158.4
64,9,6.7427,40.612,417.66,170.27
64,9,7.1991,38.446,363.94,143.12
64,9,4.889,38.018,358.01,140.94
64,9,7.136,39.101,362.89,140.08
64,9,8.5987,37.347,333.62,127.49
64,9,5.7159,39.919,398.58,156.92
64,9,6.8061,37.879,353.42,138.93
64,9,5.2732,38.995,368.47,142.55
64,9,6.4622,40.465,415.53,167.27
64,9,7.2865,39.061,386.81,153.75
64,9,5.3562,39.573,393.94,161.2
64,9,7.1738,40.063,396.86,156.79
64,9,8.1452,40.954,415.54,167.27
64,9,7.2944,38.941,380.96,154
64,9,7.0644,39.46,368.38,133.19
64,9,7.0597,38.513,357.4,132.34
64,9,6.1975,39.673,381.49,149.33
64,9,5.4812,38.278,380.4,159.55
64,9,5.6453,37.35,357.51,147.01
64,9,6.7652,39.588,364.97,136.25
64,9,6.414,41.052,412.39,162.76
64,9,6.7555,40.942,406.26,160.04
64,9,7.3178,38.689,382.99,159.36
64,9,7.2145,40.675,414.42,163.59
64,9,5.6569,39.375,401.62,166.21
64,9,7.0134,39.847,401.94,160.63
64,9,5.7961,40.251,417.21,172.18
64,9,6.5478,39.333,372.53,140.51
64,9,5.9639,39.138,365.97,137.68
64,9,6.1952,37.811,365.98,147.06
64,9,5.6307,44.728,487.19,192.87
64,9,5.845,38.215,364.59,149.38
64,9,9.6803,39.083,388.38,158.61
64,9,8.0452,37.252,336.24,133.35
64,9,6.1826,38.639,379.85,156.19
64,9,9.2296,39.216,383.61,156.37
64,9,6.8527,38.859,375.58,148.54
64,9,6.3494,39.2,386.83,155.87
64,9,7.3876,40.536,420.69,173.94
64,9,6.5218,41.434,419.81,167.6
64,9,5.8463,38.253,361.75,145.48
64,9,6.8205,38.695,364.08,144.45
64,9,6.6218,40.895,407.01,163.25
64,9,6.3293,38.959,379.25,151.18
64,9,5.8104,39.083,387.9,156.97
64,9,6.1309,38.09,353.02,136.73
64,9,6.0723,39.112,407.58,173.74
64,9,7.5404,38.632,359.52,138.12
64,9,7.7752,40.089,408.71,165.14
64,9,7.0343,36.856,320.55,117.48
64,9,7.4073,41.324,416.87,159.76
64,9,7.935,37.816,346.36,137.28
64,9,6.9588,40.802,419.65,172.39
64,9,9.2314,38.425,383.59,159.42
64,9,5.5037,38.158,368.12,147.91
64,9,5.6591,36.231,315.22,120.23
64,9,5.5276,38.281,361.02,144.06
64,9,6.4849,38.256,359.58,142.11
64,9,10.414,37.898,345.07,130.56
64,9,5.8062,39.133,377.98,147.64
64,9,6.724,39.313,367.68,141.56
64,9,12.774,38.281,373.15,154.97
64,9,6.3406,40.807,405.18,157.21
64,9,11.61,40.416,394.81,155.29
64,9,6.9983,39.157,390.03,160.92
64,9,5.8109,40.616,410.02,158.45
64,9,7.725,39.274,378.06,151.1
64,9,4.752,37.183,353.77,146.74
64,9,5.5613,39.951,401.33,159.13
64,9,6.615,38.607,366.93,143.25
64,9,5.586,40.069,404.65,159.96
64,9,6.0688,38.989,372.83,142.15
64,9,6.4058,40.626,403.59,158.8
64,9,6.2388,38.922,375.9,148.8
64,9,5.2644,38.755,377.41,146.9
64,9,5.9561,37.992,347.5,133.69
64,9,6.6972,39.706,405.3,166.15
64,9,5.3407,39.241,373.07,147.75
64,9,6.7499,37.417,353.16,142.64
64,9,6.2006,40.036,411.82,171.17
64,9,4.8022,39.327,371.86,146.08
64,9,5.6353,39.833,393.04,156.66
64,9,5.901,40.341,424.21,179.76
64,9,5.1867,37.759,343.27,131.29
64,9,5.2456,38.736,374.24,149.69
64,9,8.0563,40.044,372.51,140.34
64,9,8.2946,37.731,353.08,140.45
64,9,8.4621,41.758,440.71,177.33
64,9,5.6485,37.127,325.83,120.85
64,9,5.2652,40.635,392.64,149.83
64,9,5.9818,39.962,393.82,156.66
64,9,5.9022,37.46,355.15,142.96
64,9,5.9585,39.158,396.54,166.7
64,9,6.9741,39.003,377.58,145.67
64,9,7.0698,39.717,397.16,159.73
64,9,8.5117,36.223,317.36,121.31
64,9,9.3984,39.143,372.68,146.11
64,9,8.8707,38.776,385.52,161.09
64,9,6.5503,40.645,401.58,160.1
64,9,7.7302,38.866,381.93,154.66
64,9,7.2793,40.852,432.55,180.57
64,9,6.4624,38.483,353.17,130.29
64,9,6.2915,38.253,355.29,139.03
64,9,8.2827,40.807,412.81,163.01
64,9,5.9503,38.624,380.39,155.44
64,9,5.2413,40.343,406.8,162.26
64,9,10.125,38.349,354.66,135.98
64,9,6.6941,39.186,398.59,166.35
64,9,5.9775,38.926,381.7,155.27
64,9,6.7859,39.587,399.21,159.15
64,9,5.9215,38.423,388.28,162.56
64,9,7.9102,39.039,377.4,151.6
64,9,6.2494,39.775,396.94,158.73
64,9,4.6962,38.902,369.09,139.98
64,9,5.9349,36.596,326.93,126.44
64,9,5.7364,38.539,351.56,129.64
64,9,6.3008,38.236,360.12,138.38
64,9,7.6474,38.74,364.94,145.2
64,9,7.8743,38.986,379.81,149.72
64,9,10.903,41.182,436.74,177.69
64,9,5.3605,40.624,420,170.61
64,9,6.8197,40.583,413.07,165.73
64,9,8.8676,36.659,323.44,125.26
64,9,7.438,39.835,389.65,156.48
64,9,5.0835,38.784,373.02,146.08
64,9,6.9799,38.962,375.27,150.49
64,9,7.6475,39.76,403.31,166.82
64,9,5.3887,37.472,358.48,148.3
64,9,9.102,39.832,384.58,151.28
64,9,7.1303,40.098,393.48,156.12
64,9,9.6562,38.963,367.86,145.65
64,9,7.3448,39.206,353.55,121.92
64,9,6.0738,39.581,396.64,156.14
64,9,4.6448,39.467,400.72,166.78
64,9,5.5453,41.262,432.37,170.69
64,9,5.969,38.952,371.08,149.11
64,9,5.44,36.661,337.83,135.69
64,9,7.0308,42.311,431.16,167.69
64,9,7.8736,40.963,420.59,168.19
64,9,5.3253,38.809,377.66,153.07
64,9,6.3045,40.094,408.94,166.62
64,9,7.5389,39.578,369.69,139.6
64,9,8.315,39.343,382.73,150.25
64,9,7.0624,38.044,352.82,140.46
64,9,7.06,37.683,353.73,141.01
64,9,6.396,39.538,398.13,161.33
64,9,6.8316,39.359,364.44,135.66
64,9,7.38,40.763,412.4,158.93
64,9,8.4563,40.411,385.67,146.45
64,9,5.9011,40.233,393.92,155.36
64,9,9.032,36.569,325.4,126.82
64,9,8.4216,38.59,368.41,144.65
64,9,5.7059,38.958,362.83,140.09
64,9,5.6525,37.934,342.04,128.98
64,9,7.5359,41.069,422.68,175.69
64,9,8.3493,40.682,405.54,158.96
64,9,9.0145,38.917,386.58,158.19
64,9,6.4247,38.121,369.11,150.12
64,9,7.1482,42.284,443.63,177.39
64,9,5.8891,39.776,402.44,160.92
64,9,7.3991,39.123,389.55,158.76
64,9,7.2314,39.915,407.67,164.16
64,9,7.4671,39.08,366.48,136.94
64,9,6.7363,38.388,373.31,150.21
64,9,6.9666,39.635,393.36,160.14
64,9,7.6461,38.749,375.21,149.67
64,9,6.0884,39.714,380.41,149.85
64,9,7.6438,39.448,375.26,143.99
64,9,6.9037,41.068,417.79,167.37
64,9,5.8723,39.914,405.16,162.93
64,9,5.9763,38.743,381.79,155.33
64,9,6.9504,36.557,328.94,125.07
64,9,9.1142,41.176,419.59,166.66
64,9,5.2587,39.807,390.08,154.87
64,9,8.6098,39.892,383.03,150.78
64,9,6.9549,39.504,384.39,149.6
64,9,6.0471,40.986,402.44,152.61
64,9,6.3328,39.143,391.03,158.6
64,9,7.7159,39.773,395.83,156.25
64,9,6.8612,38.241,362.08,146.12
64,9,7.0098,39.835,394.86,159.66
64,9,5.7231,39.681,406.73,168.91
64,9,6.068,39.421,392.46,159.72
64,9,5.8401,37.039,341.76,136.5
64,9,6.7582,39.915,391.57,149.99
64,9,7.5624,40.253,409.77,167.81
64,9,5.7549,39.53,377.22,145.09
64,9,7.4804,38.364,369.98,144.1
64,9,5.7185,37.469,340,130.63
64,9,6.3132,41.748,422.47,165.61
64,9,6.4753,38.233,357.86,140.29
64,9,6.745,38.799,371.28,146.3
64,9,6.0346,38.656,369.61,145.16
64,9,6.7402,39.596,398.17,160.66
64,9,8.9109,38.244,361.83,141.84
64,9,9.5361,40.771,406.01,158.62
64,9,5.8983,39.272,378.15,146.53
64,10,7.4735,38.627,372.59,147.31
64,10,7.8596,38.748,388.54,163.57
64,10,6.4203,40.209,398.94,157.54
64,10,6.8825,40.189,371.16,135.76
64,10,7.2397,40.187,391.82,152.11
64,10,6.2589,41.362,423.3,164.61
64,10,8.7288,40.143,413.48,171.04
64,10,5.583,42.995,454.82,180.35
64,10,7.0417,41.422,420.96,164.76
64,10,5.4461,40.632,400.15,157.92
64,10,9.2981,39.328,386.85,156.22
64,10,6.466,40.01,406.07,165.85
64,10,8.5708,40.692,416.21,167.95
64,10,7.1561,38.938,383.27,156.26
64,10,11.066,43.374,441.94,170.22
64,10,6.2654,39.699,397.3,161.69
64,10,7.164,39.886,385.17,151.37
64,10,7.9875,42.314,455.21,182.97
64,10,8.1403,40.428,408.94,162.67
64,10,6.8097,40.96,417.12,168.7
64,10,5.5638,39.927,427.66,182.68
64,10,5.8372,39.621,397.38,164.14
64,10,7.2401,37.926,361.92,145.97
64,10,6.3751,39.612,405.02,167.97
64,10,7.2854,39.61,402.24,168.75
64,10,8.2775,41.011,423.52,170.9
64,10,5.4467,41.223,437.32,177.37
64,10,6.9835,41.073,428.12,171.37
64,10,5.2903,41.379,429.06,169.7
64,10,6.559,41.945,443.5,176.9
64,10,5.3898,40.787,420.46,172.66
64,10,6.7057,41.503,439.18,177.31
64,10,5.5937,43.028,461.41,185.09
64,10,8.3003,40.726,379.68,138.84
64,10,6.7576,41.598,420.94,166.37
64,10,6.8805,40.597,430.51,179.09
64,10,8.0365,41.378,429.15,173.7
64,10,5.4235,40.246,429.88,182.11
64,10,8.2349,40.134,394.11,153.2
64,10,6.6178,39.232,389.37,154.6
64,10,5.7964,41.337,437.31,177.47
64,10,10.993,40.494,423.05,172.4
64,10,7.298,39.75,388.32,156.64
64,10,7.0575,41.346,447.11,185.66
64,10,12.353,40.824,440.14,186.58
64,10,6.1526,40.272,408.15,165.53
64,10,7.2416,41.073,416.04,163.36
64,10,4.6802,41.915,427.89,158.81
64,10,6.0509,40.026,414.36,172.09
64,10,6.4572,38.783,366.85,143.2
64,10,7.8539,39.643,418.2,174.28
64,10,7.6786,40.589,413.13,165.89
64,10,6.6754,40.493,414.49,166.32
64,10,8.9419,40.282,380.54,144.57
64,10,8.0382,41.541,446.81,184.66
64,10,9.8415,39.849,392.53,151.76
64,10,6.5513,39.768,414.15,174.01
64,10,7.0789,40.278,392.82,151.89
64,10,9.7858,41.406,439.13,180.31
64,10,5.593,41.677,456.99,193.36
64,10,9.131,41.114,419.96,169.03
64,10,5.9004,40.82,419.15,169.46
64,10,7.2358,40.432,407.08,164.55
64,10,6.0691,41.769,442.98,178.89
64,10,9.6702,41.803,425.01,167.6
64,10,5.9941,40.043,389.3,148.4
64,10,5.9548,39.46,399.52,162.74
64,10,6.2948,40.648,414.03,165.47
64,10,7.5598,39.117,373.55,146.9
64,10,6.604,38.522,361.51,144.67
64,10,6.6259,42.446,424.58,161.03
64,10,7.7543,39.75,417.57,178.76
64,10,6.9984,41.659,417.72,159.73
64,10,5.8173,39.596,407.13,167.85
64,10,7.4231,40.358,417.9,171.43
64,10,8.2177,40.362,409.22,165.92
64,10,9.1066,39.404,404.72,169.01
64,10,7.0934,39.799,405.59,167.62
64,10,7.485,41.21,430.43,173.47
64,10,7.6674,41.681,434.04,167.44
64,10,5.6989,40.51,434.52,184.44
64,10,6.2887,40.526,425.15,177.55
64,10,6.0792,41.553,428.35,172.54
64,10,8.5585,38.604,371.25,150.27
64,10,6.1503,37.674,357.17,146.73
64,10,5.0887,40.73,420.03,170.99
64,10,6.7119,40.703,426.51,171.17
64,10,7.8214,40.772,419.58,171.32
64,10,6.2434,40.682,416.39,166.38
64,10,6.3837,39.834,421.65,176.12
64,10,8.3745,41.328,402.23,149.49
64,10,5.2398,39.734,396.69,162.23
64,10,7.056,39.824,416.73,175.24
64,10,7.4338,39.11,400.46,168.29
64,10,6.9821,43.403,474.63,191.23
64,10,6.3014,41.085,441.34,184.14
64,10,7.3741,39.059,393.54,162.94
64,10,6.353,41.888,461.96,196.3
64,10,7.4403,42.265,461.28,191.09
64,10,7.3234,39.227,367.43,141.57
64,10,7.7101,42.477,442.89,176.29
64,10,7.3426,41.436,444.03,184.79
64,10,6.8218,41.867,439.98,178.2
64,10,6.7954,38.271,387.56,164.37
64,10,7.4003,40.475,416.46,171.68
64,10,7.2125,42.626,434,167.49
64,10,8.5694,39.924,421.99,180.63
64,10,7.2602,39.944,391.48,154.74
64,10,6.0652,41.799,434.58,175.49
64,10,6.3361,40.211,389.94,152.33
64,10,6.3554,40.268,404.61,165.5
64,10,7.2561,41.802,424.48,164.63
64,10,7.2604,38.788,379.71,157.46
64,10,6.2079,41.399,448.47,190.74
64,10,8.0882,39.106,385.23,155.36
64,10,5.4014,40.621,424.86,176.33
64,10,8.314,42.802,459.35,185.94
64,10,6.4943,40.885,397.56,150.68
64,10,8.1744,38.623,398.26,171.28
64,10,6.8395,39.089,364.52,131.88
64,10,13.079,37.423,323.92,114.75
64,10,5.7555,40.114,409.07,167.34
64,10,9.6996,38.609,366.98,144.18
64,10,5.6412,38.18,374.22,153.82
64,10,6.6992,37.798,370.61,150.74
64,10,5.6581,39.153,385.53,153.27
64,10,7.0376,40.562,431.39,179.64
64,10,9.7001,41.175,439.8,179.58
64,10,6.5635,41.766,450.68,179.36
64,10,9.7213,41.793,421.57,165.95
64,10,7.9772,40.727,426.97,174.9
64,10,6.7791,39.501,392.96,160.78
64,10,7.8553,39.717,407.57,171.1
64,10,8.5787,40.896,420.26,170.53
64,10,7.6412,39.5,372.37,141.23
64,10,7.2062,39.482,381.26,143.24
64,10,7.6172,40.984,428.09,172.56
64,10,8.1275,43.984,504.18,211.32
64,10,7.8276,40.869,407.69,158.53
64,10,7.1186,42.311,437.66,172.45
64,10,8.2242,39.871,400.38,165.06
64,10,8.8404,39.536,397.33,162.76
64,10,6.5533,40.802,395.61,150.97
64,10,6.6373,41.316,427.62,174.63
64,10,7.2349,40.118,404.42,163.51
64,10,6.2646,38.508,387.42,163.61
64,10,9.8296,40.661,411.18,166.41
64,10,7.5143,40.983,440.54,186.13
64,10,9.3889,38.177,369.83,150.02
64,10,7.5393,38.927,398.61,168.86
64,10,8.5928,42.096,460.22,195.04
64,10,7.4059,38.944,383.15,151.72
64,10,11.644,40.275,418.08,170.74
64,10,6.8429,42.32,463.21,192.24
64,10,8.663,42.869,458.98,187.83
64,10,6.9021,41.8,436.6,174.49
64,10,7.3989,43.676,477.16,193.43
64,10,5.8225,40.391,404.06,159.45
64,10,8.3811,39.331,407.96,173.06
64,10,8.9803,41.703,441.8,180.6
64,10,8.8639,41.752,444.16,183
64,10,9.5286,39.993,382.81,147.01
64,10,5.4046,40.087,406.58,165.02
64,10,6.0267,41.642,443.17,183.08
64,10,6.4214,39.378,395.93,161.76
64,10,6.203,39.066,389.2,157.03
64,10,7.4391,39.028,396.44,165.4
64,10,6.4971,39.387,390.64,156.68
64,10,8.4322,40.456,420.1,171.31
64,10,8.4378,38.287,350.25,134.83
64,10,6.3497,41.449,436.18,175.86
64,10,5.6351,41.719,434.26,172.23
64,10,7.8893,39.972,398.34,155.09
64,10,7.3495,39.673,415.11,177.45
64,10,6.9253,40.716,418.18,168.17
64,10,8.1513,41.995,433.79,175.46
64,10,7.5712,40.701,411.77,165.45
64,10,5.6215,41.649,446.25,185.71
64,10,7.6482,41.714,416.3,153.21
64,10,6.3971,41.639,445.48,183.28
64,10,8.6095,39.047,369.96,145.61
64,10,7.8677,37.85,361.05,145.23
64,10,5.5851,40.453,429.97,179.43
64,10,8.3229,40.048,394.69,157.7
64,10,6.7008,39.961,402.3,162.99
64,10,5.6866,40.047,417.67,172.82
64,10,8.347,40.408,422.4,172.87
64,10,10.169,43.612,472.8,190.13
64,10,6.1631,39.208,391,160.9
64,10,5.9711,41.294,424.14,167.57
64,10,9.2017,39.924,419.43,177.9
64,10,5.1246,40.731,424.46,167.45
64,10,8.2226,41.134,430.82,174.15
64,10,12.716,42.413,449.58,181.74
64,10,7.6496,40.015,396.57,158.87
64,10,8.0142,38.491,365.12,144.73
64,10,8.3961,40.717,434.72,181.35
64,10,7.1542,43.386,483.52,196.88
64,10,6.2309,41.689,460.24,195.33
64,10,8.3435,41.798,447.67,181.44
64,10,6.1101,41.881,452.12,186.52
64,10,6.9446,41.377,419.99,160.63
64,10,8.6789,41.267,438.08,182.81
64,10,7.9158,40.057,399.19,160.81
64,10,6.8936,38.273,363.72,146.89
64,10,7.0294,41.406,428.02,167.18
64,10,7.3398,39.926,401.73,164
64,10,6.9914,42.457,466.68,194.48
64,10,6.6562,41.878,449.28,184.27
64,10,6.8086,40.363,417.64,172.8
64,10,6.9772,38.564,371.23,151.69
64,10,6.6802,41.681,420.55,163.81
64,10,6.3316,39.869,394.46,153.15
64,10,5.5756,39.133,398.45,165.54
64,10,5.4191,41.191,433.32,177.88
64,10,6.4684,39.273,392.94,162.43
64,10,7.6001,40.517,408.35,166.08
64,10,9.5441,38.978,390.33,159.62
64,10,7.8263,39.268,395.11,163.16
64,10,6.0234,40.909,428.76,174.74
64,10,9.9826,41.337,436.3,180.52
64,10,6.8914,41.781,420.27,164.17
64,10,6.8492,40.191,421.42,175.68
64,10,6.0716,39.525,411.39,173.08
64,10,5.0951,40.351,386.84,146.18
64,10,8.4061,41.541,434,176.99
64,10,7.3275,41.774,461.81,195.03
64,10,7.0784,38.328,373.61,150.38
64,10,7.1129,39.06,395.1,161.72
64,10,7.6303,42.441,444.6,174.95
64,10,7.6578,40.762,399.44,153.55
64,10,6.6837,40.816,435.54,182.87
64,10,5.7225,40.582,427.84,176.62
64,10,5.8584,39.823,400.97,163.82
64,10,7.4281,41.875,433.13,169.72
64,10,5.2506,39.589,410,173.24
64,10,7.1192,41.773,438.91,178
64,10,6.3342,40.206,419.27,176.76
64,10,8.2963,37.801,355.12,142.24
64,10,6.7269,40.587,407.21,163.38
64,10,6.4598,38.36,385.03,157.81
64,10,6.0691,38.935,388.18,158.87
64,10,11.849,42.833,486.59,205.58
64,10,7.8058,41.483,421.4,165.49
64,10,7.8374,40.187,393.28,158.81
64,10,6.155,41.291,419.84,166.74
64,10,6.2043,41.165,436.44,184.91
64,10,8.3851,39.676,397.13,161.11
64,10,5.5913,40.715,422.13,170.34
64,10,7.3022,42.485,467.93,194.58
64,10,6.9195,39.858,420.18,177.87
64,10,9.4336,40.288,416.97,174.16
64,10,7.9682,41.351,444.77,186.52
64,10,7.2944,40.494,415.2,168.62
64,10,7.2476,40.277,423.65,178.29
64,10,7.0424,41.291,435.81,180.56
64,10,6.9363,40.317,402.6,158.39
64,10,6.8087,40.991,401.62,153.48
64,10,7.8905,40.351,413.42,166.51
64,10,8.0473,41.641,449.06,184.97
64,10,6.9922,39.114,377.79,150.04
64,10,6.4215,38.756,383.23,158.4
64,10,7.0535,39.44,401.31,165.71
64,10,9.1564,40.119,405.76,163.67
64,10,7.4155,40.44,402.69,158.79
64,10,5.4931,41.015,412.86,158.32
64,10,6.6806,41.569,428.67,167.02
64,10,6.1228,42.835,461,186.31
64,10,8.4197,39.828,398.63,160.2
64,10,5.1992,38.185,360.91,144.06
64,10,7.1777,39.952,382.96,145.08
64,10,8.7461,39.033,384.03,149.33
64,10,6.7628,42.001,435.46,171.9
64,10,5.7421,40.469,412.07,167.95
64,10,7.8078,41.572,427.12,169.4
64,10,6.8387,39.98,406.63,163.22
64,10,6.7342,40.058,392.92,154.01
64,10,8.6616,43.076,463.39,188.42
64,10,6.1608,40.307,406.02,164.59
64,10,7.3315,38.98,375.69,150.37
64,10,8.6099,39.46,396.34,160.29
64,10,9.1291,40.108,416.34,173.16
64,10,9.2717,39.193,397.29,161.8
64,10,6.3207,42.536,470.41,193.07
64,10,6.5669,39.768,394.42,158.34
64,10,5.8354,41.574,446.87,180.56
64,10,7.94,39.662,400.09,163.79
64,10,7.3581,39.641,420.91,178.27
64,10,10.099,40.129,386.72,147.52
64,10,7.1575,40.448,410.02,166.52
64,10,11.258,40.311,414.66,160.97
64,10,7.4389,43.521,494.44,204.74
64,10,8.2906,38.175,377.18,154.44
64,10,7.9546,41.188,433.79,174.37
64,10,6.2765,42.046,453.78,186.5
64,10,6.5404,39.453,377.59,148.68
64,10,6.8919,40.372,407.63,162.76
64,10,5.1138,41.267,422.76,166.19
64,10,6.6158,42.56,466.79,192.32
64,10,8.3576,40.454,410.37,163.16
64,10,8.5818,39.383,377.38,148.44
64,10,6.2854,41.298,440.56,179.14
64,10,7.5091,41.105,428.99,174.56
64,10,6.871,39.921,401.4,160.93
64,10,10.101,39.382,413.23,179.14
64,10,6.4619,39.4,410.11,175.95
64,10,9.3018,40.708,412.33,158.91
64,10,12.882,41.488,446.53,186.65
64,10,10.09,40.414,395.2,151.84
64,10,5.8748,40.255,401.24,156.12
64,10,7.0561,40.968,431.94,181.8
64,10,6.0381,39.528,396.62,163.92
64,10,5.8145,41.448,431.37,175.85
64,10,5.9456,38.708,390.76,163.8
64,10,6.4533,40.632,416.27,169.56
64,10,5.4973,41.888,447.32,184.24
64,10,7.772,40.303,399.19,154.64
64,10,6.9447,41.354,442.45,183.24
64,10,5.5483,40.369,425.08,174.71
64,10,6.3672,41.345,439.8,183.25
64,10,7.657,40.346,425.31,180.15
64,10,5.9677,41.115,427.46,175.26
64,10,7.3418,39.283,393.48,161.12
64,10,5.5608,41.693,437.9,174.51
64,10,6.8684,40.212,379.85,147.8
64,10,4.9356,39.452,409.89,173.52
64,10,6.7009,38.471,386.58,161.88
64,10,6.1725,39.999,382.39,147.67
64,10,5.9103,42.43,459.21,188.35
64,10,9.0528,40.642,427.8,177.95
64,10,8.3146,39.497,393.75,161.54
64,10,9.4117,41.474,443.6,179.37
64,10,7.4543,40.416,394.42,155.78
64,10,7.0392,42.361,454.41,183.51
64,10,8.3181,41.441,444.08,184.78
64,10,6.085,40.991,414.31,160.64
64,10,6.3419,43.272,477.11,196.16
64,10,5.4307,41.35,457.97,195.55
64,10,6.3673,39.293,390.31,157.38
64,10,7.5336,41.082,437.68,181.65
64,10,7.0707,41.698,436.45,173.72
64,10,6.0876,40.885,439.65,183.69
64,10,6.542,40.009,407.56,165.55
64,10,7.1078,42.623,448.97,176.88
64,10,5.5317,41.532,442.69,178.96
64,10,6.5579,40.122,413.18,168.87
64,10,8.7986,41.504,449.11,190.1
64,10,5.1881,38.455,374.63,153.16
64,10,7.1414,40.512,421.29,175.33
64,10,6.4715,39.877,409.91,170.36
64,10,9.1211,41.241,438.69,181.24
64,10,6.2001,39.035,380.15,153.93
64,10,6.922,39.196,394.89,162.46
64,10,5.7753,40.71,415.09,168.56
64,10,7.0217,40.824,395.17,150.63
64,10,6.3813,40.06,391.6,152.79
64,10,7.8741,38.831,382.4,157.79
64,10,6.7164,41.442,446.6,185.35
64,10,6.0159,39.882,411.44,168.28
64,10,6.0198,38.932,388.88,161.19
64,10,7.5982,40.981,417.49,163.97
64,10,7.3731,39.575,386.22,153.31
64,10,9.1771,40.406,419.03,171.6
64,10,9.033,41.229,436.99,173.53
64,10,11.262,41.884,427.3,170.17
64,10,6.8199,40.288,404.36,163.03
64,10,7.2804,38.389,360.91,142.96
64,10,6.5631,42.513,457.34,179.78
64,10,6.4794,39.639,421.13,176.81
64,10,10.477,38.011,359.26,142.86
64,10,6.9201,40.818,431.67,179.91
64,10,6.2993,39.953,410.89,167.16
64,10,6.6771,39.319,377.99,145.23
64,10,5.4332,41.335,439.77,176.43
64,10,6.5099,40.792,408.29,158.5
64,10,6.4624,41.301,445.05,186.12
64,10,4.9628,39.958,414.83,173.56
64,10,7.2772,40.762,425.7,176.99
64,10,8.4986,40.114,406.09,163.25
64,10,8.9339,39.965,394.23,158.79
64,10,7.3737,42.013,442.15,178.33
64,10,6.4787,41.051,422.13,167.25
64,10,7.0504,41.19,418.53,167.14
64,10,5.4013,40.1,407.75,166.98
64,10,5.7021,41.383,444.51,182.73
64,10,6.5838,38.534,358.94,139.11
64,10,6.3397,40.05,418.67,176.62
64,10,7.9304,40.497,420.96,173.82
64,10,11.304,39.801,388.42,152.96
64,10,6.0093,40.053,407.04,166.06
64,10,6.5849,39.351,385.07,151.62
64,10,7.7561,42.162,447.61,181.93
64,10,5.513,40.312,399.54,155.45
64,10,10.044,41.962,455.89,189.95
64,10,5.6831,41.978,426.76,167.58
64,10,7.9151,41.179,412.87,160.08
64,10,5.8396,39.073,400.24,166.03
64,10,5.2322,42.157,418.3,154.14
64,10,7.2959,40.792,423.21,172.36
64,10,6.2795,37.959,359.51,143.43
64,10,7.0869,40.606,418.93,169.7
64,10,7.3392,42.943,462.9,188.4
64,10,7.4391,41.102,417.61,163.25
64,10,6.2454,40.544,425.06,177.96
64,10,8.5589,40.28,422.29,176.1
64,10,6.9542,39.378,370.82,139.72
64,10,5.3183,37.623,362.32,149.48
64,10,6.2541,41.402,427.12,171.59
64,10,12.504,39.147,369.39,144.89
64,10,5.124,41.361,438.71,179.39
64,10,7.2799,41.615,421.69,164.55
64,10,7.3854,40.613,425.49,175.71
64,10,8.6957,40.35,412.05,168.91
64,10,7.286,39.489,398.42,163.06
64,10,6.6232,39.233,382.32,154.46
64,10,10.68,40.962,395.33,149.98
64,10,5.5949,40.289,412.07,167.1
64,10,8.2001,41.388,441.04,182.56
64,10,7.7238,40.133,421.44,174.69
64,10,7.1796,42.629,438.32,166.6
64,10,11.085,40.436,437.2,184.46
64,10,6.1642,41.73,410.25,151.51
64,10,6.8512,42.327,443.07,174.77
64,10,6.0117,39.022,381.55,152.29
64,10,8.3526,41.658,414.07,161.15
64,10,6.8062,41.914,458.77,189.98
64,10,7.7072,39.312,398.34,163.58
64,10,7.2387,39.392,386.37,154.15
64,10,6.6489,41.295,449.46,190.39
64,10,5.7572,41.151,429.51,174.73
64,10,6.4056,39.37,371.62,142.42
64,10,7.922,40.786,417.66,171.38
64,10,8.059,40.588,422.46,173.98
64,10,5.9745,39.266,396.75,162.17
64,10,7.1955,39.532,392.94,160.57
64,10,6.484,40.329,417.05,170.7
64,10,6.9662,40.123,407.95,166.97
64,10,6.5895,39.329,384.03,154.74
64,10,6.1479,40.904,440.56,185.79
64,10,5.7676,39.531,405.22,170.54
64,10,10.02,38.666,380.71,152.38
64,10,7.8663,41.302,431.85,173.57
64,10,5.6771,41.102,433.32,178.04
64,10,7.4259,41.331,433.06,179.88
64,10,6.8465,39.59,382.81,146.6
64,10,9.5581,41.257,441.75,177.28
64,10,5.3925,38.474,372.37,153.59
64,10,7.0097,39.619,411.48,172.49
64,10,6.2438,38.5,372.11,147.93
64,10,6.2047,40.473,411.13,166.44
64,10,4.994,40.468,414.67,168.05
64,10,6.0558,40.374,432.65,183.47
64,10,6.0498,40.391,404.56,162.46
64,10,7.6843,41.57,447.56,185.09
64,10,6.2667,39.88,408.46,168.02
64,10,8.1806,40.3,399.05,153.5
64,10,9.1835,40.745,430.39,177.8
64,10,7.5889,40.322,408.94,166.3
64,10,7.015,40.806,424.62,176.04
64,10,5.2976,39.89,412.2,168.23
64,10,5.8192,40.538,416.11,171.02
64,10,7.2786,40.753,417.95,167.76
64,10,9.4392,42.861,466.93,192.84
64,10,6.7517,39.526,394.31,157.97
64,10,7.4274,40.892,420.02,172.38
64,10,8.7325,41.561,444.01,180.44
64,10,6.7034,41.127,411.4,159.68
64,10,6.0943,40.248,416.03,172.83
64,10,7.7385,37.92,367.76,154.38
64,10,9.0611,41.412,432.66,175.66
64,10,7.3148,40.899,421.51,172.59
64,10,6.0736,40.439,425.32,175.56
64,10,7.4852,38.036,365.6,151.18
64,10,5.9365,42.264,442.17,173.3
64,10,6.2303,42.213,445.61,183.25
64,10,8.4766,40.337,418.98,172.52
64,10,5.1725,40.124,418.98,177.9
64,10,5.8292,41.182,427.82,172.04
64,10,7.2508,40.236,403.63,160.52
64,10,7.1612,40.283,397.61,159.73
64,10,7.7006,40.531,428.11,179.71
64,10,7.5744,41.444,416.04,164.21
64,10,6.2369,43.995,467.56,180.26
64,10,6.2259,42.43,449.3,180.01
64,10,7.5954,41.967,464.33,200.64
64,10,9.5256,40.78,416.15,168.47
64,10,6.4283,41.178,431.89,173.77
64,10,7.5857,43.511,444.54,164.16
64,10,5.7242,40.475,410.06,166.62
64,10,6.6956,41.118,429.08,174.73
64,10,6.2338,40.125,397.13,157.47
64,10,5.9972,40.308,411.92,167.07
64,10,10.057,40.916,423.54,170.82
64,10,6.6944,40.347,407.79,165.28
64,10,7.7506,39.486,397.93,161.53
64,10,6.017,43.183,467.31,188.08
64,10,6.8747,39.215,382.32,153.32
64,10,7.7804,41.883,455.15,188.88
64,10,5.9458,42.783,473.57,196.56
64,10,6.9169,40.352,409.71,165.65
64,10,7.697,40.961,445.88,187.08
64,10,8.7534,41.354,424.26,174.16
64,10,7.5755,40.097,388.6,153.54
64,10,4.7185,39.671,402.47,169.43
64,10,6.2225,40.838,423.14,170.85
64,10,6.2918,38.182,386.65,164.58
64,10,8.7596,44.183,501.77,210.86
64,10,7.0219,39.738,390.87,147.46
64,10,7.163,40.649,399.41,154.78
64,10,8.7372,39.105,406.18,173.87
64,10,7.3649,41.788,442.19,179.3
64,10,8.2253,38.954,368.65,145.09
64,10,5.9127,39.439,380.32,147.46
64,10,12.875,41.431,437.51,179.43
64,10,5.5582,42.692,454.93,180.91
64,10,7.7262,39.182,387.96,159.74
64,10,6.1688,40.903,432.26,179.66
64,10,4.8244,40.166,408.24,166.22
64,10,8.8483,41.208,403.09,153.05
64,10,11.376,40.47,424.67,179.03
64,10,6.6327,41.797,446.68,182.01
64,10,8.7852,40.181,384.86,145.1
64,10,7.2741,39.38,413.38,176.79
64,10,7.3257,40.42,411.76,165.98
64,10,8.7795,40.395,398.59,158.87
64,10,6.3072,40.174,414.22,169.54
64,10,6.9137,39.884,407.15,167.06
64,10,5.454,38.819,394.59,167.65
64,10,8.1574,40.668,400.86,151.14
64,10,7.1342,39.693,393.54,155.89
64,10,9.1773,41.393,447.34,188.03
64,10,7.4471,43.519,493.57,204.35
64,10,5.2959,39.296,397.24,165.21
64,10,6.4413,39.852,412.21,170.78
64,10,6.1921,41.374,424.5,167.09
64,10,7.5069,39.371,360.87,132.99
64,10,5.3759,39.789,397.11,159.81
64,10,8.627,41.06,411.68,157.23
64,10,7.9236,43.348,459.67,181.49
64,10,6.2966,39.063,390.4,160.8
64,10,5.6968,41.247,439.97,183.32
64,10,6.589,38.798,384.25,157.2
64,10,9.523,38.935,383.83,157.38
64,10,7.1034,40.435,411.45,167.49
64,10,6.811,42.926,479.07,201.72
64,10,8.8471,40.522,420.47,169.7
64,10,5.9089,41.563,444.36,185.83
64,10,7.6711,41.008,426.59,176.6
64,10,4.9251,38.89,402.22,169.45
64,10,5.0576,42.62,466.06,189.04
64,10,8.3887,40.187,402.1,160.9
64,10,8.1589,39.572,398.66,160.16
64,10,12.072,40.675,417.76,169.45
64,10,6.4956,40.287,417.05,176.08
64,10,5.9188,41.356,419.56,167.63
64,10,5.5233,41.293,428.51,174.68
64,10,6.469,41.846,419.79,166.13
64,10,8.2277,42.116,442.51,178.19
64,10,6.8938,40.666,404.22,161.14
64,10,6.9278,38.554,378.05,154.02
64,10,8.189,40.372,420.24,174.22
64,10,6.6054,40.419,413.46,166.07
64,10,7.7369,43.192,476.54,194.69
64,10,8.2327,37.934,368.58,153.36
64,10,6.523,39.787,409.09,168.55
64,10,9.2848,39.971,414.28,171.38
64,10,7.1353,40.643,411.77,163.56
64,10,7.426,39.93,404.9,167.17
64,10,6.5564,40.445,415.6,167.24
64,10,7.7923,41.417,447.11,189.65
64,10,6.6438,38.981,387.62,157.36
64,10,7.1049,39.981,403.49,161.51
64,10,5.5629,38.444,375.78,152.65
64,10,5.158,40.822,411.68,161.73
64,10,7.042,40.902,425.8,172.96
64,10,6.4833,40.656,410.52,163.23
64,10,8.2124,40.768,411.47,160.5
64,10,6.8885,41.255,419.91,167.17
64,10,6.9225,38.43,375.14,152.22
64,10,7.9787,39.981,401.16,157.78
64,10,5.3006,38.558,390.49,162.18
64,10,6.4133,40.357,407.49,162.81
64,10,6.5323,40.473,407.53,163.12
64,10,5.2292,40.154,423.73,178.72
64,10,9.3801,42.289,441.81,175.54
64,10,5.0918,40.885,410.29,162.2
64,10,9.3925,40.373,423.42,177.71
64,10,7.0916,41.62,429.6,170.73
64,10,8.1371,43.583,476.09,191.1
64,10,6.6309,39.287,386.01,156.42
64,10,5.7656,39.74,401.02,162.29
64,10,5.7384,40.507,417.31,168
64,10,8.2504,43.654,483.77,195.49
64,10,5.7919,41.435,439.65,177.54
64,10,5.0908,39.87,397.84,159.58
64,10,6.2574,41.5,438.01,183.54
64,10,6.4208,40.999,438.81,180.81
64,10,5.8437,38.829,377.33,149.37
64,10,5.9496,39.246,411.81,174.63
64,10,9.6317,39.506,400.43,164.2
64,10,6.7673,40.385,418.91,174.72
64,10,7.5563,39.885,399.33,160.4
64,10,8.0316,37.91,366.06,149.82
64,10,7.3767,40.097,394.99,156.26
64,10,8.3788,40.161,394.09,152.11
64,10,6.9503,39.768,402.18,166.91
64,10,7.0756,39.155,387.95,156.03
64,10,5.409,39.038,381.15,151.05
64,10,6.7506,39.649,398.63,161.43
64,10,6.7485,42.038,458.98,193.22
64,10,5.2171,41.39,418.35,155.98
64,10,6.1062,41.012,403.11,150.09
64,10,6.9977,40.596,420.54,168.6
64,10,6.3971,41.187,439.13,182.4
64,10,7.1854,39.328,407.13,166.8
64,10,5.6579,42.679,471.55,197.13
64,10,6.0464,41.547,438.14,178.42
64,10,6.263,42.303,450.36,181.41
64,10,8.8964,40.306,411.92,164.71
64,10,5.9263,42.13,434.69,169.45
64,10,5.933,40.562,436.95,184.37
64,10,5.2465,40.702,419.76,167.46
64,10,7.203,40.553,428.82,181.77
64,10,6.4375,42.013,443.53,181.17
64,10,7.2085,40.643,434.06,182.88
64,10,5.9431,40.842,440.8,188.03
64,10,7.5085,41.001,401.07,156.22
64,10,11.925,43.234,463.72,185.52
64,10,6.6728,41.769,447.86,186.09
64,10,7.3173,38.508,381.99,154.53
64,10,5.5258,38.131,344.26,131.74
64,10,5.723,39.392,391.92,163.23
64,10,6.8619,39.607,396.07,161.71
64,10,7.9437,41.251,425.34,169.62
64,10,7.4938,44.583,501.14,203.95
64,10,5.2155,40.381,412.15,166.15
64,10,7.4249,39.096,383.39,155.24
64,10,7.0104,41.73,438.19,180.35
64,10,6.9275,38.528,380.76,157.55
64,10,7.4569,40.475,426.25,178.76
64,10,5.6308,40.543,409.34,161.11
64,10,8.3406,39.888,404.45,164.86
64,10,4.8872,39.616,391.73,153.6
64,10,5.8531,40.652,411.35,166.74
64,10,6.3816,40.861,418.75,168.31
64,10,6.6728,39.753,404.62,166.09
64,10,6.2765,40.179,411.25,169.99
64,10,8.2287,39.124,402.7,166.86
64,10,6.9194,41.175,442.85,187.26
64,10,7.407,41.516,432.57,180.02
64,10,6.5635,40.129,425.12,175.53
64,10,8.4384,39.16,394.48,165
64,10,6.0611,40.212,423.29,176.25
64,10,6.7421,38.746,361.19,140.27
64,10,6.4357,41.982,452.57,179.36
64,10,5.466,42.689,456.64,185.83
64,10,6.0386,41.349,427.59,173.04
64,10,8.5765,40.106,409.1,167.14
64,10,7.2479,42.118,463.31,195.25
64,10,7.9206,39.551,406.5,163.74
64,10,6.1655,42.187,460.3,190.19
64,10,6.2845,40.4,398.89,155.83
64,10,6.4993,39.152,377.32,146.16
64,10,8.4017,43.001,445.06,171.48
64,10,7.0196,38.848,388.01,159.98
64,10,7.4741,39.738,395.26,159.52
64,10,7.6983,41.931,448.69,184.69
64,10,6.4403,41.146,426.21,168.69
64,10,8.2513,40.44,412.28,165.07
64,10,6.2939,39.776,425.4,181.38
64,10,5.7285,41.812,441.75,177.41
64,10,6.4837,40.761,414.09,168.07
64,10,6.4205,43.331,454.71,181.95
64,10,7.4698,41.193,426.6,170.83
64,10,6.7128,39.536,408.35,168.94
64,10,5.1691,41.647,469.08,200.7
64,10,5.7689,40.545,443.49,189.38
64,10,7.0582,39.725,408.13,165.78
64,10,6.4489,40.583,416.42,170.78
64,10,7.3003,42.379,461.47,191.95
64,10,7.0626,42.061,453.06,187.18
64,10,7.7682,39.955,396.11,153.48
64,10,7.0827,40.733,406.17,163.28
64,10,6.7956,41.147,413.08,164.77
64,10,5.4772,39.983,409.27,169.04
64,10,5.4556,39.001,377.87,146.24
64,10,7.8793,39.223,387.76,157.01
64,10,6.6409,40.327,401.55,152.6
64,10,8.9296,39.232,380.31,155.06
64,10,9.105,40.023,424.57,179.26
64,10,5.8206,41.514,438.23,178.38
64,10,7.842,43.86,491.89,201.45
64,10,7.3135,40.426,417.7,169.73
64,10,9.231,42.442,476.7,201.26
64,10,11.186,41.312,405.27,155.12
64,10,7.508,41.05,434.62,179.81
64,10,9.5077,42.172,447.99,184.63
64,10,8.1566,40.225,420.4,173.6
64,10,6.3573,40.975,422.15,171.72
64,10,8.5589,43.433,471.3,190.88
64,10,7.291,39.632,403.75,164.23
64,10,7.5376,41.001,431.82,181.07
64,10,5.5721,40.479,411.83,165.06
64,10,9.0879,40.154,424.26,178.67
64,10,7.6104,40.236,404.23,163.7
64,10,7.2398,40.48,409.47,164.52
64,10,7.7068,42.153,456.32,190.84
64,10,5.8015,40.739,445.42,189.9
64,10,5.2103,41.272,463.14,196.17
64,10,6.0609,42.933,434.67,160.04
64,10,8.4442,39.417,395.67,160.87
64,10,6.6447,39.836,408.04,172.2
64,10,5.0459,40.352,402.83,163.25
64,10,9.601,38.42,378.39,152.2
64,10,5.5541,40.966,432.14,182.63
64,10,7.5704,40.234,418.81,176.38
64,10,7.157,42.241,452.65,185.26
64,10,5.9903,39.643,385.56,151.94
64,10,6.4566,42.649,471.05,199.93
64,10,5.8069,40.365,414.47,168.16
64,10,5.9367,41.229,433.15,177.05
64,10,8.4456,40.672,428.49,179.18
64,10,6.3764,41.717,428.44,170.53
64,10,5.076,40.934,440.6,185.72
64,10,6.3051,39.142,371.05,147.02
64,10,6.5283,40.537,431.74,181.85
64,10,5.8573,40.342,409.76,163.65
64,10,6.6841,39.898,405.29,164.33
64,10,6.6398,39.498,377.11,145.88
64,10,7.424,41.123,438,182.34
64,10,6.2066,41.934,467.31,197.38
64,10,8.0228,41.542,442.47,181.82
64,10,7.2981,41.982,434.42,165.41
64,10,6.9562,39.217,379.63,146.24
64,10,6.5834,41.72,429.64,170.33
64,10,7.4314,38.337,374.12,153.06
64,10,9.3157,39.952,407.29,164.98
64,10,7.4622,40.845,431.05,176.32
64,10,6.8757,37.974,346.78,134.64
64,10,6.2061,39.047,393,162.83
64,10,5.9108,41.171,435.91,177.94
64,10,7.2493,42.679,445.91,178.55
64,10,8.5117,40.853,423.44,172.43
64,10,8.7528,40.443,405.01,159.24
64,10,5.8021,41.621,454.65,191.45
64,10,9.2478,41.091,425.1,174.34
64,10,6.2126,40.828,409.55,157.92
64,10,6.5325,40.85,436.46,181.63
64,10,7.9045,41.7,420.98,159.34
64,10,7.9528,40.046,409.81,165.39
64,10,6.9077,39.142,378.3,152.42
64,10,6.9195,42.399,448.76,180.51
64,10,6.1638,41.373,440.97,183.59
64,10,8.3558,42.218,464.4,193.34
64,10,7.2067,42.275,448.14,172.63
64,10,6.6648,40.911,409.45,164.11
64,10,7.1387,39.554,395.74,161.38
64,10,7.0161,41.328,447.38,191.03
64,10,6.5032,41.307,424.39,169.41
64,10,10.031,38.479,384.94,158.53
64,10,6.3345,40.691,407.77,157.21
64,10,9.4824,39.764,401.26,161.44
64,10,12.953,42.771,492.56,210
64,10,7.4583,40.195,403.32,160.92
64,10,6.052,39.276,400.64,166.66
64,10,7.1259,41.721,428.89,167.84
64,10,7.0063,41.15,437.96,183.88
64,10,10.093,38.963,387.93,160.84
64,10,6.534,38.497,399.58,173.37
64,10,6.8911,39.966,386.35,153.27
64,10,9.5186,39.628,382.91,149.92
64,10,6.5838,39.349,389.05,157.2
64,10,8.6169,41.527,418.21,162.93
64,10,8.2792,39.734,395.51,157.86
64,10,9.0649,39.645,401.92,161.69
64,10,5.1497,38.791,378.05,151.81
64,10,8.0255,40.547,394.79,154.36
64,10,8.1759,42.174,455.85,187.43
64,10,9.0613,42.496,461,189.57
64,10,6.7606,39.809,403.46,164.42
64,10,6.4949,41.5,435.62,176.72
64,10,7.3653,39.439,409.08,170.63
64,10,6.6815,40.199,406.11,162.02
64,10,7.0826,41.179,409.51,155.03
64,10,6.9039,38.958,366.77,141.14
64,10,5.9925,41.222,438.68,185.02
64,10,7.2395,38.681,366.06,145.41
64,10,7.302,41.375,433.96,176.61
64,10,5.392,39.181,371.48,144.96
64,10,6.4305,40.559,405.76,160.36
64,10,6.6713,39.537,390.8,157.66
64,10,7.4284,41.084,427.22,175.72
64,10,7.0521,38.981,384.85,156.87
64,10,8.3496,40.734,415.51,169.19
64,10,6.6128,40.354,408.06,166.44
64,10,9.4114,39.947,398.76,162.71
64,10,7.1212,41.822,447.36,183.76
64,10,5.2677,41.034,432.14,177.91
64,10,5.7905,39.921,427.29,182.41
64,10,7.4761,40.904,424.09,173.03
64,10,7.064,40.185,378.31,145.2
64,10,10.429,40.879,435.77,184.13
64,10,6.9091,42.985,462.42,188.28
64,10,5.6685,41.573,452.51,192.45
64,10,7.942,41.481,428.59,172.94
64,10,6.6712,40.542,419.61,174.51
64,10,8.1967,38.566,369.11,144.91
64,10,6.5329,41.226,435.59,181.81
64,10,6.8763,40.079,402.49,165.62
64,10,9.1171,39.32,376.19,145.81
64,10,6.8286,41.373,433.88,173.68
64,10,9.0318,39.602,411.06,172.15
64,10,8.9001,41.609,431.95,172.51
64,10,6.1286,41.298,443.15,181.24
64,10,6.0054,39.269,399.07,166.23
64,10,5.1377,39.645,402.48,160.44
64,10,6.8181,41.336,431.46,173.64
64,10,6.5995,38.356,358.63,141.82
64,10,5.2168,39.662,382.39,143.72
64,10,6.9488,41.938,454.75,190.11
64,10,6.7409,40.344,394.33,154.49
64,10,6.2077,41.361,442.55,181.62
64,10,6.7435,40.847,429.63,173.7
64,10,5.5287,40.12,409.97,169.78
64,10,5.8496,42.059,450.18,182.56
64,10,5.7791,42.689,453.56,178.06
64,10,6.4616,38.981,380.18,152.65
64,10,8.4812,41.015,419.72,167.44
64,10,6.0315,41.703,448.15,183.72
64,10,6.4687,41.59,437.85,181.43
64,10,9.0773,39.868,394.82,156.94
64,10,6.6339,38.257,398.31,173.32
64,10,6.0832,39.881,402.51,162
64,10,7.2054,42.306,455.94,186.37
64,10,7.3881,39.824,402.9,162.88
64,10,7.313,42.467,449.54,179.91
64,10,7.3016,39.716,415.19,176.02
64,10,9.1493,38.491,362.4,145.07
64,10,9.2758,39.483,397.46,160.97
64,10,7.4042,39.164,381.28,150.43
64,10,9.9156,41.965,445.86,180.96
64,10,9.1359,39.039,375.96,150.01
64,10,6.3645,40.092,405.09,162.77
64,10,11.725,40.347,397.02,156.49
64,10,6.3483,39.518,394.46,161.85
64,10,6.4782,40.519,424.65,175.08
64,10,7.6553,42.216,440.26,169.39
64,10,7.0093,39.7,402.61,163.99
64,10,7.0932,39.927,418.06,176.08
64,10,7.7857,40.946,431.58,178.93
64,10,7.5262,39.197,404.47,169.86
64,10,6.1803,41.489,447.59,190.13
64,10,6.1605,41.085,437.89,183.74
64,10,6.0269,39.005,377.44,144.42
64,10,6.7201,40.904,429.22,174.91
64,10,5.8327,41.889,438.5,175.73
64,10,9.215,41.237,446.81,186.73
64,10,8.4684,41.301,434.9,175.57
64,10,5.6325,41.837,459.35,192.22
64,10,6.6606,40.666,399.95,156.29
64,10,5.9992,40.939,436.04,181.3
64,10,5.4641,42.346,468.53,197.55
64,10,6.2631,40.793,422.69,171.99
64,10,6.9321,39.669,400.24,159.1
64,10,8.1245,41.117,431.02,174.8
64,10,9.1358,40.952,430.35,178.96
64,10,7.0813,41.107,403.23,152.89
64,10,5.6677,40.955,432.62,176.53
64,10,6.4578,42.872,466.6,193.05
64,10,10.457,38.699,377.56,147.1
64,10,5.392,41.804,447.84,183.98
64,10,8.1774,38.936,403.44,173.53
64,10,6.6561,40.277,398.53,157.52
64,10,9.3506,41.108,438.08,183.28
64,10,8.0613,40.124,400.31,157.23
64,10,6.74,40.086,411.53,169.71
64,10,5.9334,41.421,446.93,184.57
64,10,5.8168,39.424,407.3,168.44
64,10,5.9316,43.798,499.46,206.11
64,10,7.001,38.938,382.43,156.11
64,10,6.4128,43.268,477.84,197.21
64,10,7.3642,42.606,463.81,190.65
64,10,7.0936,39.949,413.95,174.42
64,10,6.1423,41.179,421.4,166.62
64,10,7.6813,40.075,402.4,159.54
64,10,8.3736,41.022,421.94,170.28
64,10,6.2835,41.123,423.5,169.94
64,10,8.7339,39.402,390.57,151.81
64,10,7.7799,41.031,410.24,161.89
64,10,7.9757,42.585,459.01,183.57
64,10,7.9325,39.207,384.07,155.79
64,10,7.1081,39.64,398.93,161.03
64,10,6.3966,41.597,444.39,181.73
64,10,6.7794,41.164,424.76,165.93
64,10,6.2807,38.571,366.22,147.65
64,10,6.5173,39.119,388.26,158.14
64,10,5.6219,39.602,405.66,167.97
64,10,5.7837,39.703,392.31,157.53
64,10,7.0765,40.035,404.46,162.86
64,10,7.5051,40.38,413.92,165.65
64,10,8.4839,40.451,419.05,175.47
64,10,5.4503,40.862,442.13,189
64,10,9.15,40.041,392.54,156.54
64,10,5.0062,41.384,431.32,173.82
64,10,7.9001,41.058,429.93,174.16
64,10,6.4228,38.346,378.62,159.66
64,10,6.2648,43.526,494.84,209.68
64,10,9.9771,39.837,392.67,154.2
64,10,9.5637,40.86,438.73,185.8
64,10,7.3262,43.102,446.25,168.85
64,10,6.6911,40.411,405.87,163.7
64,10,9.3622,42.919,469.64,192.96
64,10,6.0924,40.019,401.16,158.89
64,10,6.4973,39.838,386.76,152.66
64,10,7.579,42.373,452.49,178.06
64,10,7.3872,40.465,408.91,164.89
64,10,7.7593,39.053,378.16,150.26
64,10,5.9958,39.889,417.8,177.2
64,10,8.0813,38.925,379.95,154.3
64,10,6.5244,40.724,421.09,171.63
64,10,7.3933,42.566,445.76,176.89
64,10,7.0333,40.459,404.8,164.79
64,10,7.9728,40.038,376.42,140.12
64,10,8.1426,39.926,388.28,144.41
64,10,7.3162,42.081,440.94,176.84
64,10,7.2023,41.631,449.24,185.43
64,10,5.5898,39.752,412.73,173.03
64,10,6.9469,39.587,390.88,157.81
64,10,7.2837,40.966,427.28,173.49
64,10,6.1215,40.828,420.17,170.57
64,10,5.7801,41.763,417.55,158.95
64,10,7.0574,42.065,427.22,166
64,10,8.2995,41.457,448.69,188.49
64,10,6.2188,39.411,397.27,164.32
64,10,5.7908,41.499,438.49,178.48
64,10,12.595,40.623,422.45,169.95
64,10,6.1039,40.972,429.81,174.74
64,10,6.4642,40.756,431.1,179.64
64,10,6.3347,41.87,440.98,177.71
64,10,9.0681,40.261,411.86,167.61
64,10,6.0708,40.33,393.31,151.69
64,10,7.672,39.942,420.67,175.54
64,10,8.3482,40.84,402.8,156.87
64,10,6.9291,39.203,385.91,157.72
64,10,7.522,40.721,419.11,167.78
64,10,6.025,40.476,412.15,164.41
64,10,7.5024,40.791,414.52,164.49
64,10,7.3729,40.01,406.22,163.21
64,10,7.8834,41.991,458.72,192.29
64,10,6.925,42.008,429.25,164.07
64,10,7.5623,40.393,417.11,170.09
64,10,6.8124,41.728,448.82,187.6
64,10,6.2909,39.631,418.57,178.42
64,10,5.7045,40.806,418.07,165.74
64,10,5.9543,40.471,399.99,157.74
64,10,5.8066,40.659,428.37,172.43
64,10,5.682,43.565,458.33,176.13
64,10,9.6885,40.478,415.78,164.62
64,10,7.6367,39.8,403.66,165.93
64,10,6.6682,41.344,434.6,176.16
64,10,13.079,40.062,415.07,167.26
64,10,5.9473,40.643,413.94,162
64,10,8.981,40.115,385.81,149.48
64,10,7.8504,39.509,377.45,148.21
64,10,7.2432,40.414,399.92,158.44
64,10,7.1486,38.46,370.85,147.96
64,10,6.5516,41.318,426.93,170.85
64,10,5.1386,39.889,410.09,168.95
64,10,6.2432,39.23,386.79,157.27
64,10,6.3333,41.679,452.05,185.65
64,10,9.3463,43.064,466.07,189.43
64,10,5.3798,39.972,422.83,176.68
64,10,9.7646,40.11,404.61,163.03
64,10,7.0665,41.263,434.73,176.85
64,10,9.7634,39.208,416.18,178.06
64,10,10.367,39.999,391.89,155.09
64,10,8.1876,41.682,439.71,177.94
64,10,7.5295,39.805,405.68,164.16
64,10,6.7896,39.086,380.74,149.11
64,10,8.0993,42.248,436.2,170.74
64,10,6.4048,40.276,395.91,151.23
64,10,6.4521,39.826,415.26,176.39
64,10,6.5921,40.767,419.93,170.65
64,10,7.2409,38.108,383.25,159.79
64,10,8.6223,42.228,451.99,182.52
64,10,6.6374,41.362,457.65,199.16
64,10,5.7489,39.288,384.17,153.75
64,10,8.6324,39.203,400.06,162.89
64,10,6.0158,40.902,430.9,177.67
64,10,8.2373,41.604,433.52,174.46
64,10,7.229,42.709,461.23,185.19
64,10,9.0819,40.002,422.21,180.2
64,10,5.4738,38.071,371.62,152.57
64,10,6.9859,41.008,406.88,153.85
64,10,7.4456,40.751,420.89,168.15
64,10,7.1694,42.218,461.48,187.75
64,10,7.573,40.706,419.28,172.39
64,10,7.0102,41,413.38,165.02
64,10,7.0332,42.46,474.23,199.94
64,10,7.647,42.308,439.7,171.25
64,10,7.9132,40.799,420.93,171.27
64,10,5.5253,41.652,431.86,171.31
64,10,6.7862,40.939,437.25,179.35
64,10,8.5503,41.5,444.07,186.33
64,10,6.9782,42.163,455.54,186.43
64,10,8.9373,41.248,431.73,177.89
64,10,6.8676,41.837,457.36,192.97
64,10,7.8404,40.978,442.58,186.65
64,10,8.4426,41.172,430.59,176.13
64,10,7.1677,40.729,420.96,173.64
64,10,5.5143,41.626,443.47,181.75
64,10,7.7303,39.347,390.43,159.57
64,10,7.1294,40.039,404.49,165.43
64,10,6.7893,40.535,438.87,190
64,10,8.7445,40.995,429.9,180.23
64,10,7.1064,39.896,417.97,173.93
64,10,13.132,40.68,392.25,147.1
64,10,8.4382,40.893,425.52,174.04
64,10,5.4835,40.734,416.1,160.06
64,10,7.6888,41.393,438.18,177.38
64,10,8.3813,40.631,434.97,184.67
64,10,6.6551,42.07,436.81,172.59
64,10,6.4812,39.964,420.5,177.51
64,10,5.8595,40.313,420.4,175.81
64,10,7.1586,41.38,419.53,163.59
64,10,6.2229,40.895,414.83,164.78
64,10,9.4048,38.239,365.17,145.95
64,10,8.1517,37.731,359.34,147.45
64,10,6.1431,40.296,413.88,168.88
64,10,7.6659,38.685,383.64,154.73
64,10,6.2308,41.432,434.92,177.14
64,10,8.2315,40.227,392.1,152.97
64,10,5.7317,41.184,444.66,185.57
64,10,6.9333,40.604,424.4,174.66
64,10,6.7016,41.013,432.46,173.12
64,10,6.2714,43.364,487.84,203.44
64,10,6.3432,39.546,403.42,166.78
64,10,6.0176,40.086,411.98,170.5
64,10,6.8376,41.12,434.8,175.81
64,10,8.7136,40.878,436.62,182.12
64,10,6.0515,40.466,413.36,167.79
64,10,7.1338,40.094,409.2,165.6
64,10,8.3424,41.545,426.52,169.65
64,10,5.8439,39.431,385.21,151.91
64,10,7.3396,40.386,437.21,188.36
64,10,8.7922,40.492,421.2,173.05
64,10,6.7729,39.558,391.42,158.56
64,10,6.0143,42.897,490.65,207.25
64,10,10.316,40.55,393.89,149.36
64,10,8.1181,37.327,326.4,122.07
64,10,5.8854,41.242,428.67,172.77
64,10,6.323,38.664,392.66,161.27
64,10,8.2848,41.125,427.28,171.28
64,10,7.2879,38.966,366.28,139.16
64,10,6.711,40.273,423.1,176.11
64,10,6.1827,42.095,443.2,182.31
64,10,9.9576,41.481,435.26,175.46
64,10,7.1613,41.331,436.54,183.55
64,10,7.1894,43.718,486.18,191.35
64,10,7.9558,41.106,415.49,166.06
64,10,10.129,41.31,439.91,183.33
64,10,6.9349,40.039,400.02,159.66
64,10,5.5977,41.615,427.95,172.61
64,10,5.4639,42.121,439.09,169.65
64,10,5.4576,40.269,407.69,165.29
64,10,6.9538,40.146,406.72,165.8
64,10,11.115,43.027,468.46,194.13
64,10,5.5837,41.374,432.76,179.86
64,10,7.3848,41.46,422.88,163.64
64,10,4.897,40.646,415.49,167.44
64,10,6.477,40.448,409.7,165.19
64,10,6.2386,39.941,408.44,171.91
64,10,7.8539,40.15,414.42,166.46
64,10,6.7491,41.189,443.19,187.41
64,10,8.1509,41.105,424.46,166.42
64,10,10.074,39.056,378.36,150.55
64,10,6.3533,38.663,381.96,155.52
64,10,7.4969,39.088,391.26,159.65
64,10,8.7698,39.763,387.71,155.08
64,10,6.5199,41.226,436.07,179.63
64,11,6.3396,42.446,463.53,196.83
64,11,7.0021,39.947,424.83,178.29
64,11,6.4712,42.734,466.78,194.68
64,11,9.3666,43.611,460.12,179.78
64,11,5.9772,42.828,470.45,191.59
64,11,6.1624,43.876,491.96,200.02
64,11,5.8414,42.364,465.42,193.01
64,11,9.2133,39.179,384.24,152.97
64,11,5.4984,41.551,436.49,176.46
64,11,7.8169,40.975,422.47,170.38
64,11,6.4194,43.404,492.89,207.48
64,11,6.932,43.28,477.97,194.92
64,11,6.9731,40.316,414.47,170.81
64,11,7.0367,42.006,433.92,170.9
64,11,10.694,40.34,427.04,179.2
64,11,8.405,42.053,460.83,194.64
64,11,5.6202,43.626,496.8,209.75
64,11,10.84,42.196,457.44,188.29
64,11,9.8565,41.81,454.57,189.03
64,11,6.5624,46.326,534.74,206.75
64,11,7.9726,40.628,437.03,182.86
64,11,7.2797,40.644,409.79,160.91
64,11,6.528,42.99,472.36,197.69
64,11,7.7176,41.507,439.6,176.17
64,11,6.9405,39.893,392.58,154.74
64,11,6.6668,41.316,437.89,178.22
64,11,7.4589,41.733,456.09,193.1
64,11,5.9678,40.932,422.24,173.2
64,11,9.0755,43.565,493.96,205.52
64,11,7.0312,41.869,462.54,194.8
64,11,7.1797,41.19,450.05,191.15
64,11,12.3,42.003,434.58,170.08
64,11,7.8362,41.975,442.94,180.33
64,11,6.1793,42.369,468.06,198.97
64,11,6.3239,44.68,501.97,201.35
64,11,7.5135,42.675,474.84,200.6
64,11,8.3168,43.267,470.76,192.43
64,11,6.0579,40.795,436.28,188.33
64,11,6.1715,38.691,384.36,156.13
64,11,9.4851,41.223,430.12,176.67
64,11,7.2533,38.957,397.8,167.27
64,11,6.0457,43.23,473.39,194.99
64,11,7.7983,40.822,427.08,175.61
64,11,5.6065,41.83,456.42,191.01
64,11,6.9747,43.806,500.48,210.9
64,11,8.1419,41.809,470.41,202.92
64,11,6.36,44.144,483.57,191.39
64,11,6.1924,41.846,456.81,188.58
64,11,6.4857,39.751,403.64,165.81
64,11,6.7503,40.569,433.7,181.74
64,11,6.4347,41.944,431.11,171.65
64,11,7.5077,41.686,443.37,178.63
64,11,7.7264,41.648,457.84,191.2
64,11,6.3473,40.708,426.61,176.36
64,11,6.2882,40.873,409.32,161.58
64,11,6.4184,41.315,441.99,181.85
64,11,7.4694,43.173,471.42,191.19
64,11,7.4367,43.235,472.69,192.65
64,11,6.4833,40.421,417.5,166.04
64,11,5.1498,40.293,426.76,176.34
64,11,7.2126,41.72,455.66,187.42
64,11,8.5361,41.541,431.76,172.91
64,11,6.993,40.988,423.45,173.14
64,11,8.7711,43.866,490.33,201.55
64,11,6.0837,42.644,462.71,187.47
64,11,5.7089,42.547,455.9,182.11
64,11,9.5456,43.074,448.33,172.37
64,11,5.5136,40.919,414.28,163.22
64,11,8.8718,42.511,458.09,184.83
64,11,7.8725,42.358,437.71,169.32
64,11,7.242,42.83,461.85,186.52
64,11,7.6224,38.79,388.66,160.89
64,11,5.7339,42.287,450.54,182.06
64,11,7.8144,42.214,451.59,187.21
64,11,6.934,44.222,487.38,201.3
64,11,6.8465,41.545,448.56,187.04
64,11,6.8778,39.381,382.7,154.24
64,11,7.4503,40.56,398.97,153.15
64,11,6.0539,41.669,441.72,181.04
64,11,5.7145,42.328,413.43,139.44
64,11,5.611,41.48,439.71,177.82
64,11,7.1317,40.687,420.27,174.45
64,11,7.1472,43.59,491.88,207.35
64,11,6.291,39.687,382.8,152.62
64,11,8.6706,40.804,445.25,191.43
64,11,6.8266,43.986,495.06,206.67
64,11,8.7511,42.287,457.4,188.69
64,11,5.1981,44.744,532.58,229.8
64,11,5.6502,43.645,496.09,209.99
64,11,5.3615,42.752,475.49,196.44
64,11,11.243,41.577,423.45,165.34
64,11,8.2291,42.672,493.6,214.36
64,11,9.042,39.89,407.7,167.88
64,11,6.0758,38.732,397.36,167.87
64,11,8.652,41.102,440.43,182.9
64,11,5.794,41.488,452.75,189.46
64,11,6.6149,41.743,441.8,178.57
64,11,6.7058,42.02,446.13,179.71
64,11,5.5009,41.13,426.36,175.29
64,11,6.2054,42.52,467.29,190.27
64,11,7.3419,41.504,464.28,199.31
64,11,6.1835,41.339,435.69,179.99
64,11,5.6055,43.633,499.09,208.16
64,11,6.2051,40.471,409.66,165.36
64,11,9.1568,40.073,408.97,167.06
64,11,7.7201,42.261,457.41,186.58
64,11,8.3204,41.316,420.72,166.88
64,11,6.4913,40.984,448.37,191.05
64,11,5.7814,41.09,413.04,162.25
64,11,9.0371,44.811,491.54,195.6
64,11,9.0735,41.199,429.98,175.99
64,11,9.705,44.288,514.74,213.67
64,11,6.485,41.248,448.56,191.37
64,11,6.7095,41.783,444.76,178.34
64,11,8.5933,40.998,420.02,161.35
64,11,9.0497,43.897,497.14,208.13
64,11,6.0553,41.942,434.9,173.03
64,11,6.7986,44.531,508.61,208.89
64,11,6.7781,40.954,458.31,201.78
64,11,10.454,41.742,470.35,203.12
64,11,5.968,41.26,454.72,193.24
64,11,6.8623,42.048,460.78,191.29
64,11,6.4563,41.414,439.07,181.39
64,11,7.3948,42.102,463.8,197.14
64,11,8.5955,41.465,445.23,183.61
64,11,5.1855,42.141,448.67,180.23
64,11,6.7185,40.639,410.77,165
64,11,11.513,40.677,418.88,169.15
64,11,6.5105,42.503,443.44,176.77
64,11,8.0347,42.477,465.46,192.58
64,11,6.9564,41.132,432.6,179.56
64,11,8.9407,42.563,445.33,180.32
64,11,6.6942,39.18,390.68,163.12
64,11,6.1511,40.649,420.91,175.01
64,11,8.2542,41.797,453.36,187.17
64,11,9.8987,39.211,399.59,167.83
64,11,6.5042,40.497,390.19,150.26
64,11,7.9751,41.113,440.71,184.54
64,11,9.6784,41.314,430.36,174.59
64,11,7.5057,43.379,488.62,202.35
64,11,8.9806,41.67,447.86,181.24
64,11,7.1978,39.955,399.56,160.64
64,11,8.0613,40.024,401.06,162.04
64,11,8.5433,41.83,449.58,186.56
64,11,7.6194,40.825,427.6,177.16
64,11,7.766,44.994,518.11,219.6
64,11,12.691,40.01,396.67,156.81
64,11,5.1413,41.057,438.54,180.85
64,11,7.1238,41.846,441.58,175.45
64,11,5.7719,40.022,421.39,174.61
64,11,9.7418,39.185,389.02,157.96
64,11,6.8162,42.574,467.44,189.48
64,11,7.1884,41.585,426.79,172.08
64,11,7.0512,41.057,437.26,180.89
64,11,8.7738,42.73,487.01,207.85
64,11,6.8668,41.229,434.31,176.17
64,11,5.7652,41.938,458.47,192.81
64,11,8.27,41.192,440.36,182.04
64,11,10.037,42.313,446.48,175.49
64,11,8.1456,42.857,469.88,194.21
64,11,6.817,45.085,523.64,221.98
64,11,7.0126,41.622,437.96,175.74
64,11,10.707,43.175,472.74,180.5
64,11,7.2591,40.689,430.95,180.62
64,11,8.937,42.609,485,210.2
64,11,6.1733,42.71,469.57,192.55
64,11,6.072,42.607,476.69,198.2
64,11,6.0892,42.615,449.83,175.11
64,11,6.8985,39.84,409.86,169.6
64,11,8.5264,43.575,491.7,201.03
64,11,5.988,39.79,412.87,173.21
64,11,6.0678,42.368,442.36,175.57
64,11,5.8678,41.181,428.86,170.69
64,11,7.6548,40.336,426.62,176.65
64,11,14.721,39.843,402.2,162.98
64,11,7.258,41.378,442.65,182.36
64,11,7.5716,39.454,407.45,170.74
64,11,8.3615,41.521,454.2,194.04
64,11,9.7327,41.183,420.85,167.56
64,11,8.1122,42.715,473.48,196.68
64,11,7.112,40.247,399.03,158.7
64,11,5.3675,42.341,470.58,195.42
64,11,6.6618,40.705,421.04,172.91
64,11,7.2623,42.161,466.72,199.15
64,11,6.7217,42.01,450.7,182.57
64,11,6.6536,39.041,401.52,166.93
64,11,11.995,40.592,422.36,173.07
64,11,7.4835,41.526,428.66,173.85
64,11,6.6138,40.262,399.2,156.14
64,11,6.6836,43.293,481.31,198.35
64,11,7.9641,40.841,439.74,185.87
64,11,7.7629,40.391,408.61,162.23
64,11,7.9549,41.713,446.5,184.74
64,11,6.1915,40.206,418.78,173.98
64,11,8.1184,41.289,454.66,194.35
64,11,8.5309,42.356,466.03,194.31
64,11,6.65,43.407,492.15,203.46
64,11,8.2039,41.526,444.05,183.47
64,11,6.5428,40.706,426.82,171.61
64,11,6.673,43.855,503.19,211.08
64,11,6.3635,43.081,473.67,193.36
64,11,7.2774,40.852,410.45,159.64
64,11,11.57,42.46,466.24,194.93
64,11,6.5867,42.627,470,196.23
64,11,9.8723,42.206,440.05,177.17
64,11,7.3265,41.757,439.74,174.77
64,11,7.5664,40.081,412.29,168.25
64,11,5.9875,42.364,445.95,176.79
64,11,7.9223,41.445,420.19,166.27
64,11,11.439,39.914,424.63,178.18
64,11,7.0508,42.035,450.55,186.53
64,11,7.5253,43.153,476.69,194.28
64,11,6.9405,39.591,407.7,167.19
64,11,7.9534,38.688,384.76,156.98
64,11,8.456,41.929,437.92,176.08
64,11,6.7143,41.19,431.77,177.3
64,11,6.5265,40.655,416.93,169.49
64,11,10.149,41.678,437.58,177.87
64,11,8.2495,42.276,441.51,178.96
64,11,6.3104,41.969,453.49,190.47
64,11,6.0436,43.417,492.84,207.64
64,11,6.4279,42.512,484.86,203.95
64,11,6.8351,41.483,437.63,183.47
64,11,6.3454,38.087,382.5,160.65
64,11,8.4549,42.807,493.38,210.61
64,11,10.743,41.154,440.7,177.31
64,11,6.1962,42.905,460.86,177.39
64,11,7.8228,42.133,447.21,184.74
64,11,7.0619,40.822,436.26,185.86
64,11,7.8768,42.197,473.28,197.62
64,11,6.3242,41.527,443.4,180.06
64,11,7.7334,42.832,437.7,163.44
64,11,6.1109,43.054,468.48,195.84
64,11,7.3355,42.565,464.67,191.2
64,11,7.1709,40.18,399.67,161.43
64,11,7.0681,40.175,423.94,176.9
64,11,9.4176,39.797,397.28,159.99
64,11,9.2917,42.485,475.16,199.65
64,11,12.023,40.466,437.84,184.67
64,11,9.7171,40.309,398.64,158.45
64,11,5.189,39.438,382.9,147.03
64,11,6.5347,42.208,474.51,202
64,11,7.2139,40.914,434.51,180.7
64,11,6.6748,42.099,454.62,189.58
64,11,6.9886,41.222,441.16,183.62
64,11,6.1766,40.385,435.99,188.11
64,11,6.9308,42.253,466,197.56
64,11,7.8448,40.572,421.28,173.31
64,11,6.467,40.887,434.44,183.25
64,11,7.3869,42.977,480.73,205.49
64,11,12.277,42.41,460.22,188.49
64,11,7.7772,42.453,451.89,179.99
64,11,7.59,39.961,416.52,177.31
64,11,7.7057,38.394,385.5,158.6
64,11,7.3214,40.81,444.58,187.92
64,11,4.8281,40.112,395.04,157.97
64,11,6.5784,42.152,459.41,189.3
64,11,4.5031,42.893,484.49,201.45
64,11,8.2021,42.572,476.29,202.01
64,11,8.5632,41.022,444.78,186.35
64,11,5.4842,41.591,438.39,180.22
64,11,7.6541,40.453,422.79,178.4
64,11,5.8059,41.473,441.27,182.36
64,11,7.6799,40.862,445.84,191.27
64,11,7.0424,43.57,496.38,209.64
64,11,8.5864,40.343,408.72,166.28
64,11,6.7311,40.478,433.34,188.2
64,11,7.8846,41.571,447.82,186
64,11,7.9975,41.041,418.76,165.36
64,11,5.8265,41.448,438.25,178.01
64,11,8.1008,44.659,494.4,200.47
64,11,6.5031,41.191,434.52,180.29
64,11,8.3979,40.615,423.48,175.19
64,11,5.8488,37.869,368.24,147.66
64,11,9.3453,40.368,411.12,165.55
64,11,6.4142,42.845,464.62,188.23
64,11,11.658,42.26,441.05,175.39
64,11,8.0019,42.268,440.14,173.23
64,11,6.6591,41.196,453.69,192.46
64,11,6.9511,40.971,425.95,174.77
64,11,9.3289,43.025,459.36,183.14
64,11,8.1879,41.321,453.48,193.21
64,11,6.9107,38.961,375.53,149.39
64,11,6.4343,39.913,416.93,175.52
64,11,6.7052,40.798,415.78,164.97
64,11,6.5121,39.247,388.22,154.67
64,11,8.6769,39.609,391.4,155.62
64,11,7.8072,39.7,403.82,163.33
64,11,6.8787,41.609,407.35,155
64,11,6.6625,42.103,451.15,182.69
64,11,7.4056,41.046,427.18,175.04
64,11,10.823,44.336,523.82,221.82
64,11,5.9362,41.108,423.65,171.99
64,11,7.353,41.327,442.3,188.1
64,11,7.452,41.12,411.04,156.58
64,11,8.8544,41.424,428.51,174.41
64,11,6.5299,41.707,447.7,182.22
64,11,8.4882,40.893,424.88,164.94
64,11,6.9477,43.379,473.37,180.07
64,11,5.7308,40.951,425.78,169.43
64,11,6.8102,41.983,477.51,207.34
64,11,10.486,42.288,459.95,189.87
64,11,6.1623,43.781,495,200.64
64,11,8.3531,40.119,400.91,158.39
64,11,8.3693,41.322,428.83,173.37
64,11,7.2021,40.706,429.73,174.91
64,11,7.2111,42.489,463.45,192.74
64,11,6.6967,42.007,455.2,193.68
64,11,5.8124,42.048,462.3,189.02
64,11,9.8571,40.156,420.09,174.64
64,11,7.0858,42.08,445.67,177.72
64,11,8.4285,44.415,503.56,203.88
64,11,11.59,42.973,476.84,198.66
64,11,7.9681,42.576,465.82,193.06
64,11,8.6569,43.368,491.25,196.49
64,11,8.9603,44.404,484.36,191.14
64,11,8.8759,39.843,411.9,169.88
64,11,6.7288,41.296,430.56,174
64,11,6.0599,40.49,408,160.49
64,11,7.3086,42.508,485.67,203.42
64,11,8.3506,42.791,475.56,197.79
64,11,7.6097,40.646,416.25,168.9
64,11,5.6213,41.336,443.52,186.9
64,11,6.8605,42.61,461.33,189.01
64,11,8.3897,40.347,431.86,182.98
64,11,6.5577,43.631,452.42,167.53
64,11,8.4187,44.176,497.07,200.13
64,11,6.5523,40.031,407.01,167.4
64,11,8.7296,44.912,528.88,223.48
64,11,6.1578,42.294,441.08,172.42
64,11,7.5546,42.879,484.45,205.04
64,11,9.0442,41.213,440.07,181.9
64,11,5.3817,42.368,470.95,197.96
64,11,9.6651,41.375,423.02,171.17
64,11,6.6268,43.363,478.12,192.83
64,11,7.08,41.658,461.29,196.15
64,11,5.5748,39.36,396.29,155.4
64,11,6.8992,43.14,500.96,212.06
64,11,8.5135,41.486,425.5,169.45
64,11,6.8593,40.685,418.47,168.02
64,11,9.2126,40.309,403.59,163.33
64,11,8.7392,42.299,437.92,165.26
64,11,6.4721,41.275,438.25,176.12
64,11,7.9602,41.33,446.21,184.97
64,11,8.3,43.722,466.64,182.72
64,11,8.2822,45.032,500.78,204.11
64,11,8.0563,42.458,453.29,181.28
64,11,5.8682,42.682,448.59,173.38
64,11,8.9029,40.613,423.35,176.2
64,11,6.8446,43.171,496.94,212.43
64,11,5.5259,39.906,406.57,165.95
64,11,11.011,40.016,411.51,170.09
64,11,6.6741,43.886,479.07,191.18
64,11,6.7362,41.023,425.43,170.67
64,11,6.8909,42.151,444.08,176.62
64,11,6.602,40.09,406.93,164.41
64,11,7.7446,39.097,394.53,161.99
64,11,5.817,39.063,404.93,170.36
64,11,5.569,43.582,489.46,203.12
64,11,6.0682,42.894,463.59,187.92
64,11,6.9896,43.401,492.36,209.88
64,11,7.3261,41.74,457.37,193.74
64,11,7.8463,41.551,441.25,184.32
64,11,6.9251,39.358,393.95,160.49
64,11,6.949,41.022,429.11,174.32
64,11,7.6933,41.776,435.73,175.83
64,11,8.2634,44.03,490.72,197.31
64,11,7.1343,41.778,463.38,196.64
64,11,6.2863,41.224,446.38,192.42
64,11,6.4211,40.964,435.13,177.93
64,11,8.2622,40.804,416.5,169.8
64,11,7.0655,42.939,491.68,208.93
64,11,8.8011,41.421,455.26,190.51
64,11,8.3617,42.181,453.04,185.48
64,11,8.5037,40.531,425.66,175.37
64,11,7.4582,42.741,488.69,213.42
64,11,6.2339,42.895,472.51,195.22
64,11,8.0427,41.948,459.43,189.26
64,11,6.8888,42.267,461.15,188.87
64,11,7.0058,41.015,429.69,174.84
64,11,6.0263,40.181,393.27,151.65
64,11,9.0212,42.405,461.47,192.62
64,11,7.8009,42.958,474.03,191.49
64,11,6.4677,42.195,465.8,197
64,11,8.7292,39.284,393.81,162.59
64,11,10.28,43.03,445.26,178.19
64,11,6.7174,40.882,409.98,157.63
64,11,7.3569,41.884,448.73,182.23
64,11,7.8287,40.63,448.56,192.9
64,11,6.9578,41.918,471.03,203.74
64,11,6.46,41.397,454.79,188.79
64,11,6.4595,41.45,440.86,182.41
64,11,5.8531,40.629,435.39,181
64,11,5.7134,40.293,407.63,157.01
64,11,6.1162,41.712,445.4,184.97
64,11,7.0975,39.019,402,169.22
64,11,6.0864,40.231,404.2,166.66
64,11,9.0607,42.393,430.54,167.67
64,11,8.339,40.045,414.81,173.19
64,11,7.2225,40.852,423.38,173.06
64,11,7.0571,43.739,472.64,188.51
64,11,7.2138,38.891,385.01,152.18
64,11,8.6104,42.211,454.8,187.99
64,11,7.1138,40.192,413.21,165.07
64,11,8.5999,42.413,449.94,179.17
64,11,7.0673,43.911,483.2,195.69
64,11,6.7009,43.757,493.81,208.46
64,11,6.6417,43.341,475.21,192.8
64,11,5.8991,39.96,414.09,169.71
64,11,5.968,42.071,458.79,190.5
64,11,6.6562,41.243,452.65,192.24
64,11,6.0604,41.537,440.66,183.59
64,11,6.4202,38.978,383.28,155.09
64,11,5.0441,42.577,473.54,194.67
64,11,7.3984,44.427,502.12,206.74
64,11,9.3387,42.707,471.74,194.47
64,11,5.8518,41.077,429.09,174.96
64,11,5.5303,40.411,416.74,170.52
64,11,5.5544,41.269,441.82,182.8
64,11,7.3947,42.325,442.2,171.99
64,11,7.703,41.914,426.48,165.38
64,11,7.0022,42.046,451.08,185.28
64,11,6.3785,40.517,433.27,183.61
64,11,8.624,45.35,505.78,198.99
64,11,7.2451,41.044,436.02,183.04
64,11,5.6219,43.943,508.77,213.48
64,11,6.5574,40.073,411.6,170.53
64,11,5.7064,42.554,468.04,191.24
64,11,6.1397,41.018,406.73,156.38
64,11,7.6331,42.245,451.01,183.99
64,11,6.7175,41.034,421,168.16
64,11,6.393,40.475,434.72,185.6
64,11,7.5735,40.815,422.62,172.69
64,11,8.8764,41.504,426.97,171.88
64,11,8.1242,44.386,520.49,221.24
64,11,7.0801,40.035,402.73,159.85
64,11,6.776,40.869,424.2,175.25
64,11,6.7355,40.158,406.51,164.77
64,11,5.8321,39.032,388.6,158.48
64,11,8.7223,40.747,410.6,169.2
64,11,5.5891,42.623,456.74,180.95
64,11,6.98,42.588,465.78,191.85
64,11,8.7124,43.168,476.24,196.33
64,11,9.1144,43.035,452.45,177.43
64,11,6.6894,40.016,402.54,159.9
64,11,5.9783,41.219,435.46,180.4
64,11,6.3991,41.383,454.24,189.7
64,11,13.344,39.76,399.47,159.99
64,11,6.4826,40.586,440.36,189.61
64,11,9.9364,43.419,460.17,184.7
64,11,12.308,42.599,469.44,194.03
64,11,6.1361,42.952,474.72,198.73
64,11,6.8445,41.125,436.88,181.11
64,11,6.5931,42.001,466.19,198.2
64,11,4.8492,43.381,456.54,183.02
64,11,11.765,42.185,455.44,188.15
64,11,8.3307,41.697,438.09,172.33
64,11,9.7938,40.694,418.17,166.66
64,11,7.0587,42.342,455.22,186.26
64,11,7.5965,42.698,446.12,174.92
64,11,9.4215,43.763,487.82,199.86
64,11,5.3249,43.146,497.45,213.35
64,11,9.3685,40.127,408.44,168.33
64,11,7.5849,40.313,420.19,173.76
64,11,6.3309,41.183,435.34,181.86
64,11,5.6459,43.093,497.87,215.89
64,11,7.3969,41.862,436.93,180.6
64,11,9.3903,40.735,429.19,177.8
64,11,8.459,41.545,442.63,181.94
64,11,5.8194,45.469,510.43,202.2
64,11,9.1446,42.551,484.84,208.18
64,11,9.7876,41.625,444.58,185.22
64,11,9.1389,39.939,421.82,175.04
64,11,7.8485,43.103,460.73,184.83
64,11,7.8056,39.99,401.35,159.3
64,11,6.5203,37.988,369.32,148.11
64,11,5.1963,39.79,398.34,160.45
64,11,8.7942,41.668,422.08,167.68
64,11,6.1328,42.728,471.7,189.83
64,11,7.2667,42.112,430.56,159.95
64,11,7.3561,42.132,467.58,199.63
64,11,5.6936,41.617,442.25,183.97
64,11,7.1771,40.4,409.09,166.26
64,11,9.2629,41.143,433.01,179.59
64,11,7.034,40.209,407.52,160.84
64,11,7.4053,39.755,406.54,166.1
64,11,7.4326,39.566,382.65,152.26
64,11,6.4394,41.764,437.67,173.89
64,11,6.4494,41.455,447.84,186.01
64,11,6.0877,40.085,436,188.35
64,11,8.6765,41.413,433.52,170.85
64,11,6.9839,41.074,437.33,179.17
64,11,6.2019,40.764,435.16,180
64,11,6.3692,42.587,468.14,192.19
64,11,8.0174,39.954,418.98,175.11
64,11,10.371,43.61,502.3,215.04
64,11,8.7479,37.915,376.18,157.74
64,11,6.8311,44.451,499.34,205.57
64,11,6.9726,43.386,491.44,208.6
64,11,7.0197,43.154,477.18,194.62
64,11,7.8662,39.779,414.15,174.56
64,11,6.4935,42.488,438.81,174.58
64,11,6.505,42.759,442.2,176.17
64,11,5.26,40.141,431.75,185.7
64,11,9.6295,39.463,392.38,156.7
64,11,8.5519,41.004,453.84,197.42
64,11,6.1833,41.813,439.85,172.5
64,11,10.332,41.368,431.06,173.16
64,11,7.5429,41.307,418.04,169.6
64,11,7.3802,41.392,427.64,166.2
64,11,8.2704,43.646,495.5,207.44
64,11,5.9788,40.406,412.14,166.22
64,11,10.123,40.851,433.61,180.45
64,11,7.0626,43.532,470.86,188.88
64,11,6.131,40.423,412.59,165.66
64,11,7.6056,43.321,483.52,200.76
64,11,5.7704,40.425,436.1,185.34
64,11,4.6697,42.551,494.6,212.72
64,11,8.1238,41.314,438.5,177.04
64,11,7.3449,40.216,412.59,169.69
64,11,6.173,39.893,414.63,171.35
64,11,7.3525,43.582,476.54,194.13
64,11,7.7531,41.41,451.24,190.42
64,11,5.8655,42.259,467.25,197.59
64,11,7.0371,43.868,487.53,202.19
64,11,6.0285,42.82,475.29,198.32
64,11,5.4929,42.653,452.24,178.32
64,11,9.9906,40.209,388.11,148.68
64,11,8.4539,41.642,437.2,178.03
64,11,9.9581,41.829,447.6,186.69
64,11,8.3297,42.842,478.31,199.3
64,11,6.1353,44.083,497.89,204.83
64,11,5.925,38.32,367.5,149.39
64,11,10.803,39.665,399.4,161.97
64,11,5.8936,42.463,469.17,194.82
64,11,8.4038,42.16,454.09,190.1
64,11,6.3665,42.533,448.9,173.93
64,11,6.0099,42.558,483.84,204.05
64,11,6.6181,41.619,471.78,202.48
64,11,6.2329,40.884,419.02,169.54
64,11,6.0118,43.812,501.37,210.62
64,11,6.7969,43.054,464.76,190.12
64,11,6.4757,43.918,505.31,208.83
64,11,7.4678,41.3,427.81,171.89
64,11,6.4535,41.21,432.31,178.35
64,11,6.8718,40.496,438.05,186.56
64,11,5.9524,42.518,480.38,202.87
64,11,6.1761,42.256,482.63,208.72
64,11,6.3826,41.981,436.7,176.2
64,11,7.9249,43.736,471.92,186.25
64,11,10.228,39.93,404.92,169.22
64,11,10.963,42.082,452.09,182.31
64,11,9.6407,44.13,471.72,181.52
64,11,7.4657,40.579,429.68,181.23
64,11,5.3812,41.428,428.69,172.71
64,11,8.0643,42.714,477.29,198.51
64,11,6.9291,39.709,419.11,179.06
64,11,7.2691,42.115,464.12,193.2
64,11,6.5917,40.607,415.21,170.06
64,11,6.3049,41.699,452.07,189.82
64,11,7.5257,40.049,408.11,167.08
64,11,6.8401,42.753,474.36,201.34
64,11,13.286,41.807,437.42,176.69
64,11,7.3216,41.514,426.15,171.84
64,11,7.4801,41.321,442.16,182.92
64,11,6.1714,40.322,437.62,189.04
64,11,10.731,43.473,488.27,205.19
64,11,8.6023,42.187,451.9,182.75
64,11,5.8302,39.282,377.38,146.64
64,11,5.0573,40.937,449.56,190.61
64,11,5.3404,39.802,391.74,154.75
64,11,9.1489,42.973,482.13,200.56
64,11,8.1169,41.64,442.56,180.01
64,11,8.7149,39.487,400.04,165.58
64,11,7.0191,42.809,467.79,191.51
64,11,7.0656,42.429,480.02,200.12
64,11,7.6665,39.57,410.26,172.01
64,11,7.0188,37.994,369.68,151.83
64,11,6.1602,41.598,468.23,202.43
64,11,6.4772,40.686,442.98,188.1
64,11,7.0747,41.716,451.35,189.4
64,11,7.2318,44.56,492.91,196.24
64,11,9.1278,41.536,450.29,185.02
64,11,10.484,42.854,459.99,185.69
64,11,6.7988,42.923,463.08,185.58
64,11,6.3108,40.441,424.94,173.86
64,11,7.4885,39.092,392.82,162.31
64,11,8.2959,41.49,441.9,181.15
64,11,6.4974,41.766,442.02,181.24
64,11,5.4533,42.46,494.16,213.78
64,11,7.694,41.667,456.12,189.66
64,11,6.761,39.406,406.21,169.15
64,11,6.7476,40.915,418.24,163.42
64,11,10.151,41.419,445.28,182.93
64,11,8.0977,43.251,482.67,197.68
64,11,7.3102,47.062,553.31,224.51
64,11,9.1022,42.967,469.99,187.65
64,11,7.6629,43.879,500.62,209.4
64,11,7.2565,39.907,420.68,177.03
64,11,7.3134,40.262,389.17,153.48
64,11,7.3392,41.962,459.09,192.65
64,11,6.0002,43.196,481.75,199.97
64,11,8.455,40.94,413.9,159.76
64,11,7.6968,41.149,430.43,176.27
64,11,6.1947,42.899,471.17,192.12
64,11,6.653,43.687,491.68,202.4
64,11,7.7886,39.448,387.96,153.47
64,11,9.3564,42.925,486.77,204.2
64,11,6.4966,42.5,460.54,189.35
64,11,6.7338,42.746,466.75,185.22
64,11,8.5188,40.167,425.94,180.53
64,11,8.2113,40.222,421.38,175.73
64,11,8.9467,42.16,438.5,171.92
64,11,11.206,40.699,395.69,149.25
64,11,8.5765,39.047,383.29,156.82
64,11,13.117,39.659,419.46,180.63
64,11,9.4207,43.033,464.42,185.84
64,11,7.6627,41.066,433.05,176.92
64,11,7.5591,41.038,433.19,178.89
64,11,9.1252,40.439,420.34,176.04
64,11,5.7291,40.204,420.2,175.08
64,11,8.9341,39.554,404.27,165.78
64,11,5.545,42.072,463.04,193.61
64,11,7.2935,41.402,433.28,172.37
64,11,11.612,41.298,432.69,181.13
64,11,6.1328,40.428,412.76,168.95
64,11,7.5677,38.595,379.1,159.19
64,11,7.6798,43.274,472.57,194.26
64,11,6.3203,41.02,440.62,183.62
64,11,6.3673,42.42,457.48,188.08
64,11,7.7328,42.828,455.88,180.26
64,11,8.8108,40.332,400.33,164.08
64,11,6.7159,39.823,401.3,164.13
64,11,7.8017,41.143,441.54,185.61
64,11,10.097,43.527,490.18,203.02
64,11,6.4964,39.932,397.28,155.84
64,11,6.3165,42.501,466.09,191.97
64,11,8.0328,42.67,446.94,181.93
64,11,6.3995,42.262,468.24,196.06
64,11,5.3019,42.306,440.86,171.91
64,11,7.2455,40.468,420.22,173.7
64,11,6.5395,41.016,413.96,163.09
64,11,7.2678,41.678,459.31,196
64,11,5.1803,41.104,445.92,186.17
64,11,7.3597,42.658,450.91,182.43
64,11,7.7053,42.585,477.65,200.15
64,11,7.9202,40.282,414.22,167.79
64,11,6.5602,43.047,473.03,195.18
64,11,6.71,42.308,455.64,180.42
64,11,7.2792,41.281,412.67,162.73
64,11,7.2673,41.607,436.77,178.08
64,11,7.0146,42.814,454.23,180.2
64,11,9.0537,41.73,434.97,179.99
64,11,9.3662,39.755,413.07,169.64
64,11,7.602,40.386,419,173.93
64,11,6.6423,42.549,456.56,185.36
64,11,5.8839,41.292,435.6,178.45
64,11,7.0112,40.43,413.87,166.73
64,11,7.0718,42.046,449.26,184.11
64,11,8.9104,39.339,394.08,160.66
64,11,8.2339,42.68,475.81,202.56
64,11,6.4126,42.049,458.78,189.32
64,11,6.8803,38.515,366.21,144.82
64,11,5.6379,42.155,465.75,195.33
64,11,6.1559,39.299,412.46,175.06
64,11,6.2897,41.602,446.79,181.29
64,11,8.4011,44.323,490.05,200.13
64,11,6.1245,43.088,472.31,190.75
64,11,8.4526,40.886,426.76,180.58
64,11,7.1988,41.283,432.6,174.07
64,11,7.6493,40.9,422.05,169.5
64,11,6.4042,42.757,473.71,195.28
64,11,6.8785,40.367,434.5,186.21
64,11,7.0396,42.814,457.12,183.35
64,11,6.4823,40.849,420.27,168.33
64,11,8.578,42.684,463.31,191.47
64,11,8.4702,40.866,430.03,173.23
64,11,7.0529,41.112,435.84,180.54
64,11,12.277,41.307,422.53,168.98
64,11,7.406,42.329,457.01,189.24
64,11,7.6136,43.965,503.15,206.37
64,11,7.2728,41.361,435.97,176.11
64,11,8.8027,40.866,432.87,181.24
64,11,7.2254,42.213,459.3,195.57
64,11,6.8292,41.072,438.42,184.89
64,11,5.9769,45.911,547,225.11
64,11,6.6811,41.127,417.71,165.36
64,11,7.9609,43.705,485.48,195.66
64,11,6.2395,40.47,433.29,182.7
64,11,7.1503,41.309,442.6,180.54
64,11,8.3021,40.881,432.29,178.81
64,11,7.1085,40.751,437.89,185.73
64,11,9.4987,42.685,454.92,186.41
64,11,8.9986,40.481,411.19,165.43
64,11,9.7918,40.903,390.4,143.42
64,11,8.1276,38.959,387.77,161.07
64,11,8.8145,41.996,452.97,186.97
64,11,6.8474,42.749,484.07,206.04
64,11,5.6254,40.5,414.21,170.26
64,11,6.2066,42.732,454.74,183.92
64,11,5.9368,42.075,465.29,197.13
64,11,9.7982,39.489,395.73,160.6
64,11,5.4099,43.051,487.04,206.55
64,11,14.517,41.638,440.92,178.85
64,11,6.7156,43.576,478.48,198.78
64,11,8.3474,43.789,492.34,202.55
64,11,6.9254,39.582,418.7,177.57
64,11,6.3247,41.024,435.23,181.77
64,11,7.7126,41.709,448.45,185.8
64,11,6.0347,41.705,436.28,176.66
64,11,10.059,42.589,459.33,190.37
64,11,6.9099,41.001,424.31,178.03
64,11,7.6198,40.107,432.04,188.7
64,11,5.4634,42.845,483.86,202.11
64,11,5.2471,41.511,456.28,186.36
64,11,9.4855,38.79,387.56,157.39
64,11,7.5862,42.366,450.71,183.87
64,11,6.693,41.067,447.94,190.59
64,11,8.8221,40.873,402.78,156.65
64,11,7.745,41.648,443.07,178.03
64,11,8.5679,40.839,434.9,184.52
64,11,5.5921,41.325,432.39,175.56
64,11,6.8848,41.459,431.98,173.2
64,11,8.5591,42.962,463.04,186.29
64,11,7.2107,41.529,445.24,188.41
64,11,7.0936,41.723,466.33,200.98
64,11,6.4229,42.74,461.29,187.73
64,11,8.198,40.54,414.71,167.31
64,11,6.0339,42.672,470.68,195.29
64,11,7.0778,44.334,496.13,201.9
64,11,6.371,41.198,434.37,178.74
64,11,10.983,42.707,463.61,187.85
64,11,7.4905,41.222,415.44,159.44
64,11,8.4648,41.457,445.9,185.24
64,11,8.2116,42.028,462.67,187.58
64,11,6.893,40.829,432.61,177.11
64,11,6.7858,40.382,401.19,157.72
64,11,6.7508,39.876,420.11,174.19
64,11,6.8062,40.571,430.35,179.46
64,11,6.032,42.627,484.49,209.11
64,11,9.2182,41.253,436.05,180.78
64,11,7.3438,40.937,430.06,175.04
64,11,7.1768,41.345,433.06,177.75
64,11,7.7891,41.66,471.41,201.81
64,11,6.9436,44.84,514,211.95
64,11,6.4974,42.962,467.31,189.36
64,11,5.3369,42.501,480.06,201.15
64,11,7.1436,42.041,448.33,180.85
64,11,7.8851,44.459,505.55,212.55
64,11,7.1601,40.345,428.22,178.33
64,11,7.6791,42.058,450.7,184.91
64,11,6.5597,42.854,474.72,200.54
64,11,6.0323,42.15,451.92,188.23
64,11,7.4052,42.511,450.85,177.13
64,11,7.6175,43.457,452.81,173.1
64,11,7.2955,42.292,453.19,181.23
64,11,6.5777,40.925,420.4,173.2
64,11,7.0003,42.465,451.9,177.74
64,11,5.8476,44.16,522.52,227.2
64,11,9.3247,43.02,444.78,171.87
64,11,5.4409,39.129,393.71,158.82
64,11,9.4905,43.54,477.78,193.35
64,11,7.5088,40.889,437.33,180.87
64,11,7.9924,40.866,428.02,174.22
64,11,7.2793,42.289,447.59,177.36
64,11,7.5659,41.312,437.87,180.92
64,11,6.7013,42.303,431.73,164.61
64,11,7.7071,42.039,461.55,194.12
64,11,8.2768,41.695,422.26,158.82
64,11,6.5996,40.743,436.41,180.9
64,11,7.6103,43.603,473,185.9
64,11,7.7545,41.637,460.15,193.66
64,11,5.4407,41.545,445.51,186.12
64,11,6.8312,40.313,415.13,168.23
64,11,5.7135,44.442,503.84,208.4
64,11,6.244,41.894,448.85,182.49
64,11,7.5489,42.969,474.74,195.2
64,11,8.5877,43.534,454.44,168.04
64,11,6.2425,42.028,441.69,178.61
64,11,6.2702,40.195,418.85,176.71
64,11,6.2922,38.078,365.91,148.62
64,11,6.3026,42.614,476.27,197.39
64,11,7.1387,42.529,439.3,169.72
64,11,9.7029,41.256,448.3,189.64
64,11,5.9921,42.001,442.9,179.92
64,11,7.0315,41.296,446.96,184.66
64,11,6.5531,40.524,431.45,181.78
64,11,8.4504,42.421,454.99,179.49
64,11,7.5083,40.575,435.17,184.01
64,11,7.3513,40.549,407.59,159.71
64,11,8.1774,41.413,429.05,167.02
64,11,6.1827,40.974,435.33,184.12
64,11,6.8374,39.612,401.63,165.97
64,11,8.5985,42.364,474.55,200.87
64,11,7.5023,40.498,408.06,165.53
64,11,6.2879,41.334,433.94,177.69
64,11,7.0299,41.71,429.82,171.64
64,11,6.1389,41.608,436.51,169.73
64,11,7.8384,41.557,445.66,182.56
64,11,7.8508,43.622,477.82,194.46
64,11,7.1227,42.185,446.26,178.62
64,11,6.4783,41.53,445.3,185.5
64,11,6.6673,43.593,489,202.32
64,11,9.826,40.593,424.32,177.6
64,11,8.8116,42.141,445.02,174.19
64,11,6.9473,39.629,381.64,151.79
64,11,7.6097,41.646,448.38,186.81
64,11,6.6145,42.272,472.53,195.73
64,11,7.0829,43.192,459.44,185.32
64,11,7.0973,39.192,404.48,166.09
64,11,6.8634,41.321,439.19,180.45
64,11,9.857,42.29,466.89,197.75
64,11,8.0038,41.828,446.33,184.34
64,11,6.3094,38.623,378.51,155.15
64,11,7.4695,40.759,431.38,180.95
64,11,7.5446,41.485,431.98,176.19
64,11,7.0961,41.792,444.73,185.43
64,11,8.2322,40.794,409.91,167.56
64,11,5.2582,41.465,451.34,190.72
64,11,5.5342,40.305,429.13,181.84
64,11,7.3333,41.585,441.85,178.64
64,11,5.3745,41.361,423.75,170.04
64,11,7.0975,39.314,385.85,154.25
64,11,7.6267,40.007,404.09,163.72
64,11,5.8915,42.007,445.47,179.73
64,11,6.1814,40.263,429.67,176.68
64,11,10.167,42.139,470.36,198.3
64,11,5.8136,42.041,445.7,180.34
64,11,5.9368,42.769,450.41,177.29
64,11,7.1023,41.745,467.16,201.16
64,11,8.7681,39.911,423.29,183.29
64,11,6.4386,38.642,378.27,154.43
64,11,7.2799,43.228,477.07,192.78
64,11,8.209,40.804,418.18,165.71
64,11,6.0905,40.033,421.57,174.07
64,11,8.2648,41.605,459.52,196.94
64,11,11.694,40.743,424.31,176.36
64,11,5.0325,40.729,433.51,183.33
64,11,5.6654,41.809,434.21,172.92
64,11,8.2638,43.372,484.04,199.78
64,11,7.7371,41.17,432.42,174.12
64,11,6.1044,39.561,405.66,165.2
64,11,6.4398,44.343,486.45,195.73
64,11,6.9142,41.122,447.13,188.54
64,11,5.7477,40.014,398.37,159.35
64,11,8.0743,42.053,453.72,185.06
64,11,7.9447,41.829,443.35,179.32
64,11,6.8077,44.434,516.92,219.08
64,11,5.6578,43.656,475.25,186.64
64,11,11.157,42.059,454.52,188.1
64,11,7.9262,42.884,473.44,193.95
64,11,6.3825,41.639,464.34,197.13
64,11,7.0166,42.445,444.47,169.83
64,11,6.1106,41.961,440.72,176.62
64,11,7.1066,40.901,415.95,169.14
64,11,5.6849,38.886,397.25,166.22
64,11,6.8677,41.699,451.04,187.79
64,11,6.5882,41.535,441.08,180.05
64,11,6.1234,40.233,417.65,172.91
64,11,7.2936,42.089,438.85,177.99
64,11,8.3766,42.616,451.9,177.42
64,11,8.9381,41.634,438.08,177.04
64,11,10.054,41.418,435.67,180.5
64,11,7.1264,42.96,472.86,191.87
64,11,7.9391,40.647,433.88,181.09
64,11,9.1223,41.311,438.96,180.01
64,11,5.4439,43.231,472.17,194.08
64,11,8.7084,40.431,418.64,170.9
64,11,8.9228,38.312,390.85,166.96
64,11,8.2734,39.918,423.32,177.79
64,11,9.8103,40.909,422.66,171.86
64,11,9.7552,42.452,451.98,183.89
64,11,7.6541,38.995,384.89,154.87
64,11,6.8216,40.655,405.09,156.02
64,11,5.975,42.109,442.24,175.23
64,11,5.5985,42.434,460.58,187.95
64,11,8.0432,40.596,404.77,160.31
64,11,7.2693,41.504,433.24,174.32
64,11,6.4951,43.265,463.71,182.73
64,11,6.2464,42.893,472.16,197.16
64,11,6.8814,42.727,475.44,200.09
64,11,6.1211,42.424,464.68,187.51
64,11,8.2683,41.657,451.46,191.4
64,11,8.4399,43.395,439.48,160.77
64,11,6.1936,40.437,411.42,166.56
64,11,7.4144,41.873,444.99,184.64
64,11,8.1767,42.353,460.81,196.37
64,11,6.3877,42.517,470.11,197.38
64,11,7.1484,42.595,459.84,189.13
64,11,6.3311,39.495,395.65,163.54
64,11,7.7269,41.049,433.57,180.98
64,11,6.9176,40.985,432.53,177.81
64,11,6.5413,42.621,472.67,201.48
64,11,10.078,40.123,417.88,175.24
64,11,8.0756,40.747,423.3,174.04
64,11,6.339,41.537,432.34,174.54
64,11,9.6203,41.568,431.13,172.33
64,11,5.9842,41.343,427.43,172.53
64,11,5.4713,38.328,393.23,169.36
64,11,7.7563,40.51,437.55,184.32
64,11,6.6246,42.662,468.76,191.17
64,11,8.3972,41.759,436.42,174.3
64,11,5.7065,41.428,458.07,193.05
64,11,7.1723,41.865,465.58,198.35
64,11,9.2539,41.329,434.21,179.82
64,11,9.8302,40.699,414.73,166.26
64,11,6.1214,39.695,398.7,160.12
64,11,8.2223,39.812,400.76,162.09
64,11,8.0594,44.538,519.66,219.01
64,11,8.0933,39.071,409.72,172.62
64,11,6.6124,42.322,459.87,191.74
64,11,8.2668,42.211,451.17,186.28
64,11,7.0496,40.976,430.72,177.77
64,11,8.7123,39.892,414.21,171.89
64,11,5.9297,42.48,452.91,180.5
64,11,5.2996,41.581,447.03,185.19
64,11,6.5162,40.951,426.38,173.85
64,11,7.432,40.822,411.84,165.14
64,11,6.2756,42.403,459.75,191.51
64,11,7.5292,41.213,428.23,174.26
64,11,6.1411,43.4,481.84,198.77
64,11,6.194,42.365,473.57,201.17
64,11,6.322,40.835,419.66,169.33
64,11,6.832,41.616,436.53,173.62
64,11,7.7323,45.011,529.18,217.93
64,11,5.5719,44.15,507.36,209.57
64,11,6.2711,41.216,428.47,170.95
64,11,6.2129,40.843,429.98,179.63
64,11,8.6706,41.929,446.6,186.71
64,11,8.1547,43.118,449.77,173.73
64,11,7.3627,40.673,392.04,142.05
64,11,7.5518,42.527,475.09,197.81
64,11,8.9833,40.684,428.97,176.35
64,11,10.299,42.319,459.61,190.91
64,11,8.6696,40.424,420.82,176.09
64,11,7.5727,40.7,431.49,179.63
64,11,10.349,42.575,459.57,185.63
64,11,7.4188,45.314,518.73,212.19
64,11,5.7078,39.123,388.69,156.15
64,11,6.8733,39.711,413.23,174.28
64,11,6.9025,41.308,432.92,173.51
64,11,6.9241,39.788,394.5,158.09
64,11,6.5196,41.262,444.45,185.88
64,11,6.0759,42.446,466.02,194.4
64,11,5.7531,40.791,417.28,165.01
64,11,7.8078,43.348,503.46,211.43
64,11,8.4967,44.387,503.55,205.29
64,11,8.0753,42.203,458.41,187.36
64,11,7.4481,42.235,478.95,204.99
64,11,7.2579,41.352,437.43,177.9
64,11,5.8155,40.218,421.32,173.49
64,11,6.0183,42.473,464.86,192.36
64,11,8.1248,41.106,420.11,162.85
64,11,9.2394,38.821,400.24,172.45
64,11,7.7649,41.756,441.4,177.03
64,11,10.004,40.898,426.56,175.47
64,11,6.3792,42.125,464.87,193.95
64,11,7.6734,40.562,422.39,175.7
64,11,9.6861,40.739,414.55,166.38
64,11,6.1196,41.737,455.64,189.22
64,11,8.5564,40.718,415.51,168.81
64,11,7.0675,41.538,454.36,191.74
64,11,6.1265,41.268,420.55,166.83
64,11,7.9849,41.655,448.29,185.86
64,11,8.5608,41,428.67,176.61
64,11,9.1506,40.121,423.38,175.62
64,11,11.009,40.165,411.74,163.32
64,11,8.5183,41.205,436.43,176.59
64,11,7.6648,41.896,465.23,198.17
64,11,11.37,41.641,431.37,175.73
64,11,10.717,41.005,426.59,177.37
64,11,6.6955,41.765,459.63,194.15
64,11,6.8301,42.634,457.05,182.97
64,11,6.3826,41.085,445.28,189.99
64,11,9.9044,42.457,445.99,179.29
64,11,7.4658,39.175,399.81,166.44
64,11,7.911,39.375,402.33,170.16
64,11,8.5283,38.464,385.96,160.76
64,11,5.6884,42.049,453.52,186.98
64,11,6.8314,42.084,442.58,180.58
64,11,4.8367,39.586,397.5,164.03
64,11,7.8837,40.2,423.49,176.92
64,11,6.4489,44.74,523.96,218.4
64,11,5.3749,42.724,479.98,199.18
64,11,7.1534,39.493,410.99,173.63
64,11,8.2519,44.111,500.14,207.51
64,11,8.8981,39.803,409.15,172.04
64,11,7.1956,43.315,486.47,201.61
64,11,8.1474,42.127,462.65,187.7
64,11,7.4211,40.678,425.03,172.6
64,11,8.6076,38.954,387,159.35
64,11,8.2016,41.128,426.87,167.48
64,11,5.7609,43.345,470.95,190.85
64,11,5.2012,39.007,401.99,169.94
64,11,6.1231,41.384,465,203.11
64,11,8.498,41.186,433.3,177.01
64,11,6.3401,41.441,451.28,193.39
64,11,5.3536,41.099,453.36,193.43
64,11,6.5181,39.727,413.61,174.13
64,11,7.4525,42.405,467.46,195.76
64,11,5.4715,41.715,446.19,185.68
64,11,6.9593,43.667,478.59,192.8
64,11,8.7465,38.951,380.26,149.24
64,11,5.3884,41.09,437.94,178.76
64,11,6.5375,42.193,459.74,188.57
64,11,6.3541,42.042,450.25,186.52
64,11,8.8202,40.614,409.22,166.72
64,11,7.1437,41.84,433.33,173.99
64,11,6.5317,42.597,447.47,175.58
64,11,13.069,41.465,450.19,186.38
64,11,7.1466,42.705,485,203.62
64,11,12.457,42.582,460.67,188.02
64,11,8.138,42.6,458.94,185.47
64,11,7.0016,39.434,385.28,154.93
64,11,11.71,42.629,464.73,188.96
64,11,9.2471,44.25,516.99,216.31
64,11,7.5255,40.061,428.71,184.76
64,11,5.8353,42.399,481.48,208.75
64,11,8.6822,41.762,440.94,179.81
64,11,8.0141,43.565,490.28,204.27
64,11,8.0236,40.113,426.35,179.2
64,11,7.4908,38.794,384.6,154.6
64,11,6.0321,43.036,487.91,205.94
64,11,7.0318,41.476,424.58,167.32
64,11,6.9554,43.348,462.12,184.4
64,11,6.9227,42.082,458.07,188.64
64,11,7.2469,40.987,448.35,193.03
64,11,8.2117,42.692,480.05,197.4
64,11,7.2302,41.815,465.81,199.23
64,11,11.016,42.179,458.06,190.75
64,11,8.7537,40.337,416.12,170.06
64,11,12.058,41.222,422.03,168.86
64,11,9.3065,38.805,390.57,159.34
64,11,6.5212,41.069,431.51,178.58
64,11,7.1381,42.143,471.94,200.93
64,11,7.4978,42.172,458.4,189.15
64,11,4.7911,41.757,465.37,194.02
64,11,8.5276,41.29,427.68,171.66
64,11,8.3249,40.927,435.04,180.68
64,11,6.8481,40.97,436,180.74
64,11,8.4068,41.307,428.78,175.05
64,11,6.578,42.751,476.31,197.14
64,11,6.2016,41.178,435.35,171.58
64,11,8.335,39.894,399.22,159.21
64,11,7.0457,42.543,465.7,191.11
64,11,8.098,39.72,414.71,174.21
64,11,16.148,45.942,531.26,219.76
64,11,7.3676,40.975,440.46,186.28
64,11,6.6237,41.92,431.53,174.57
64,11,13.028,41.622,423.53,165.67
64,11,6.8068,40.766,433.57,182.42
64,11,6.1579,43.199,469.53,188.06
64,11,7.7301,41.753,456.24,188.68
64,11,7.6608,42.966,474.78,196.3
64,11,6.6239,41.843,456.1,188.33
64,11,6.3372,42.949,505.18,218.84
64,11,8.2999,41.283,436.02,180.09
64,11,7.4403,41.627,449.74,189.45
64,11,5.9672,40.678,431.23,182.94
64,11,5.4879,39.164,397.13,165.78
64,11,9.2066,39.764,398.89,164.63
64,11,9.3492,40.422,424.08,176.62
64,11,8.7746,40.304,417.72,174.12
64,11,6.9917,40.181,406.4,166.31
64,11,7.5113,42.001,452.91,186.85
64,11,7.0269,41.329,463.33,200.21
64,11,8.1386,43.338,492.58,208.82
64,11,7.8123,40.789,427,176.71
64,11,8.1891,41.636,433.15,171.82
64,11,7.401,43.051,488.78,205.28
64,11,6.8896,41.64,438.01,177.52
64,11,9.1202,41.756,439.52,179.1
64,11,8.3527,40.965,447.9,191.08
64,11,8.42,40.88,429.62,176.08
64,11,10.143,41.716,440.58,177.61
64,11,7.587,41.439,429.59,173.99
64,11,7.1408,40.127,424.83,179.78
64,11,8.0095,41.417,426.04,170.18
64,11,7.6072,42.81,483.36,203.87
64,11,7.1284,41.207,445.72,188.32
64,12,8.1282,42.137,457.8,185.21
64,12,7.8599,42.176,488.01,211.5
64,12,6.0637,42.942,499.76,214.96
64,12,6.4132,42.618,475.72,198.15
64,12,7.5033,41.474,460.93,197.36
64,12,7.0625,41.583,444.31,183
64,12,6.0177,43.053,487.01,206.53
64,12,11.696,42.694,469.44,194.4
64,12,11.787,41.959,458.68,192.52
64,12,5.8075,42.655,455.91,184.51
64,12,7.9135,41.699,457.24,191.84
64,12,6.688,42.8,499.68,216.37
64,12,7.1872,42.623,474.82,197.63
64,12,6.1793,40.61,402.52,151.94
64,12,6.6192,43.617,499.13,211.19
64,12,7.69,45.718,540.49,223.87
64,12,9.0186,43.519,474.93,192.43
64,12,6.0989,41.073,445.04,183.06
64,12,8.9321,44.605,490.4,189.31
64,12,7.4517,42.037,452.03,187.56
64,12,6.787,42.299,458.35,191.66
64,12,9.4222,43.16,455.51,179.32
64,12,8.5191,41.04,445.23,187.72
64,12,6.9666,44.282,489.19,192.25
64,12,6.2291,43.22,470.18,192.92
64,12,8.0485,42.308,474.86,200.95
64,12,8.2621,41.776,456.67,185.17
64,12,6.3033,43.902,482.04,193.54
64,12,5.8067,41.106,434.72,178.33
64,12,7.1255,40.897,433.44,177.71
64,12,7.0047,41.977,444.48,182.11
64,12,7.6437,43.566,491.54,200.51
64,12,6.4313,43.804,492.9,201.75
64,12,7.9119,39.245,411.32,174.37
64,12,6.6521,41.65,461.48,195.98
64,12,8.156,42.819,467.48,193.44
64,12,6.7367,42.998,489.71,209.14
64,12,8.4387,44.361,519.12,221.4
64,12,8.1897,40.657,415.26,166.1
64,12,5.9359,43.364,500.06,213.5
64,12,6.7832,40.372,419.96,175.51
64,12,6.0427,44.209,514.68,218.64
64,12,6.0374,42.039,420.71,159.7
64,12,6.7033,40.986,449.22,193.01
64,12,6.6456,41.524,442.35,177.76
64,12,6.0766,41.359,439.33,183.08
64,12,6.2575,43.073,485.93,205.72
64,12,6.7167,42.882,446.19,176.08
64,12,6.2534,42.359,450.07,172.13
64,12,7.8847,43.594,497.77,212.69
64,12,7.3179,41.88,464.85,197.86
64,12,7.6158,43.993,495.3,203.34
64,12,8.2275,42.45,467.29,195.4
64,12,11.743,41.629,438.14,176.48
64,12,7.1167,40.068,400.26,159.51
64,12,8.5247,41.706,441.37,184.19
64,12,6.6295,42.072,458.88,191.65
64,12,6.7451,43.93,489.31,198.48
64,12,5.9294,41.649,445.15,184.04
64,12,6.3763,42.304,478.76,204.15
64,12,7.4673,41.407,418.99,166.89
64,12,7.3912,42.153,456.98,188.57
64,12,7.3974,41.7,453.36,187.36
64,12,7.3412,44.13,490.51,201.34
64,12,6.4806,42.601,460.89,190.13
64,12,6.5457,41.421,443.05,180.1
64,12,6.475,41.98,488,215.56
64,12,8.2515,43.037,497.1,213.15
64,12,6.2423,40.825,420.4,169.74
64,12,5.7776,42.013,428.55,166.09
64,12,6.1684,40.138,417.09,168.59
64,12,8.7905,41.383,447.24,187.33
64,12,6.7571,44.925,532.88,229.14
64,12,5.8136,42.519,464.62,188.53
64,12,8.7341,42.107,465.26,192.57
64,12,7.1016,42.161,474.39,205.44
64,12,8.4437,40.308,400.02,158.61
64,12,6.1902,40.924,446.42,188.74
64,12,7.7014,43.663,480.23,194.77
64,12,6.3222,40.722,448.93,195.37
64,12,7.5453,43.446,472.94,184.85
64,12,11.448,43.94,500.21,210.62
64,12,5.6266,40.759,427.9,176.75
64,12,9.9454,41.197,435.78,181.24
64,12,11.286,40.874,438.35,182.85
64,12,7.4007,41.349,453.76,194.89
64,12,8.0096,41.068,415.46,165.25
64,12,8.2985,42.686,462.4,188.05
64,12,10.125,43.229,477.54,198.89
64,12,6.0614,41.648,449.55,185.95
64,12,7.2374,42.724,474.1,197.22
64,12,10.659,45.041,534.55,224.42
64,12,10.878,40.846,446.26,189.31
64,12,5.7245,43.941,501.54,213.59
64,12,5.951,40.218,412.85,168.54
64,12,6.9156,45.283,514.71,208.23
64,12,5.7187,45.203,523.97,219.34
64,12,5.641,42.802,470.23,191.52
64,12,7.9292,43.272,495.9,212.08
64,12,6.7381,41.778,451.02,185.65
64,12,8.1797,43.281,482.37,198.36
64,12,7.4088,42.022,439.24,170.17
64,12,10.779,43.122,488.56,205.62
64,12,7.7913,41.443,436.39,176.29
64,12,6.9066,41.732,441.75,180.72
64,12,7.658,40.92,418.41,166.83
64,12,6.8392,43.49,494.03,207.58
64,12,6.2819,42.887,470.35,193.56
64,12,7.346,40.859,420.62,169.99
64,12,6.7539,44.312,529.68,227.93
64,12,8.9581,45.147,529.81,223.49
64,12,7.8488,42.377,456.53,189.02
64,12,8.5173,42.113,449.92,183.16
64,12,6.5836,43.431,488.78,197.07
64,12,5.5103,44.031,494.11,202.94
64,12,5.9936,40.124,411.02,165.8
64,12,11.146,44.025,500.65,208.52
64,12,6.6437,43.253,471.57,190.49
64,12,6.9074,42.431,470.76,199.41
64,12,6.3258,42.728,460.45,179.27
64,12,6.8634,42.998,491.58,209.64
64,12,6.6572,43.503,482.63,198.66
64,12,8.3923,41.937,453.54,187.58
64,12,7.6472,41.929,459.4,194.97
64,12,7.9715,40.651,433.7,181.63
64,12,9.9603,40.527,425.46,178.94
64,12,7.9931,42.55,477.93,203.95
64,12,10.287,41.648,460.64,194.15
64,12,6.4268,41.386,456.5,195.73
64,12,9.2552,43.657,495.76,205.03
64,12,6.1302,43.671,506.75,212.2
64,12,11.31,42.046,456.42,186.85
64,12,8.2531,42.372,457.94,190.08
64,12,6.8801,41.432,465.96,202.16
64,12,6.7982,41.378,447.19,185.27
64,12,7.4835,45.738,520.89,212.65
64,12,9.3713,44.39,536.87,234.88
64,12,6.3118,42.439,448.87,170.97
64,12,5.4612,43.137,480.15,195.41
64,12,7.383,43.141,493.03,212.37
64,12,11.426,42.783,479.74,203.52
64,12,8.0749,40.781,440.11,186.8
64,12,6.401,43.049,492.28,208.14
64,12,6.4606,41.734,460,196.16
64,12,7.7504,42.468,456.26,184.18
64,12,8.5507,43.05,472.37,193.46
64,12,7.6002,42.528,480.02,202.95
64,12,6.1567,45.936,540.48,217.35
64,12,7.8765,41.581,443.34,182.5
64,12,7.3989,44.539,547.27,240.98
64,12,6.257,43.307,479.31,200.46
64,12,6.5999,42.816,475.33,193.09
64,12,9.5734,42.642,469.01,191.06
64,12,9.7044,42.746,453.48,179.46
64,12,8.1188,41.98,452.89,187.24
64,12,10.774,42.197,462.98,195.14
64,12,7.973,42.59,476.45,203.24
64,12,9.7098,43.141,493.54,211.73
64,12,8.4001,39.235,402.68,167.36
64,12,7.103,42.825,481.97,205.49
64,12,7.9396,40.989,425.44,170.91
64,12,8.3994,41.543,454.58,192.86
64,12,6.0176,41.608,467.67,201.74
64,12,7.528,41.69,446.1,178.35
64,12,6.2942,44.742,545.05,235.12
64,12,8.7771,43.597,517.72,227.37
64,12,10.669,42.383,459.36,187.34
64,12,6.4231,41.673,454.29,192.11
64,12,7.8766,40.65,419.27,169.49
64,12,10.515,42.323,459.95,189.91
64,12,8.2453,39.584,418.36,178.88
64,12,6.1695,39.024,360.36,139.04
64,12,6.9703,42.132,467.7,195.32
64,12,5.1997,42.163,470.09,199.8
64,12,7.3708,43.943,493.71,201.88
64,12,6.7175,41.087,441.9,181.35
64,12,8.7715,42.335,472.82,202.72
64,12,7.0941,39.793,416.25,175.63
64,12,6.5897,40.759,433.05,182.1
64,12,8.0537,43.251,484.37,197.08
64,12,8.0946,42.81,490.46,209.42
64,12,6.9819,43.218,478.91,199.47
64,12,6.6229,41.326,448.5,187.26
64,12,6.5583,42.53,493.47,217.13
64,12,7.1185,42.689,492.04,210.84
64,12,9.4333,41.11,441.47,185.27
64,12,9.9544,41.519,446.68,188.56
64,12,8.9477,41.787,437.44,179.43
64,12,8.3205,40.836,420.47,168.87
64,12,6.8741,42.954,481.97,206
64,12,6.8153,41.205,440.15,183.42
64,12,6.0478,42.32,466.18,190.33
64,12,7.9617,40.021,414.39,173.9
64,12,5.8388,43.316,482.36,197.07
64,12,8.0884,40.989,443.39,188.03
64,12,6.2672,42.083,458.53,187.77
64,12,5.9799,40.842,433.47,179.03
64,12,6.7639,41.028,444.49,187.2
64,12,5.6243,42.897,464.39,185.52
64,12,10.669,42.032,454.39,188.04
64,12,8.0302,40.167,419.27,173.87
64,12,7.6632,42.426,445.51,177.55
64,12,8.1885,40.346,426.82,180.98
64,12,8.9377,44.392,515.38,221.35
64,12,8.2999,44.157,493.32,194.68
64,12,13.569,41.697,437.14,172.8
64,12,6.2392,44.53,503.8,208.56
64,12,7.2099,41.846,446.68,189.19
64,12,7.2669,42.458,468.7,194.25
64,12,9.5142,43.519,494.59,209.01
64,12,5.6889,41.105,433.61,176.65
64,12,7.1409,44.325,496.53,201.24
64,12,7.3423,42.87,489.02,207.99
64,12,6.8962,42.383,461.32,189.21
64,12,6.6658,42.818,481.96,206.39
64,12,7.0188,42.255,463.63,195.03
64,12,8.2337,43.284,503.4,216.84
64,12,7.0196,43.182,458.73,179.58
64,12,7.1383,39.967,411.7,170.4
64,12,8.2084,43.393,492.78,209.89
64,12,5.4924,45.547,534.22,221.69
64,12,7.8161,41.256,438.04,183.17
64,12,6.5786,44.55,508.78,203.81
64,12,11.38,42.466,467.73,192.37
64,12,7.5827,43.861,495.6,205.52
64,12,6.4257,42.966,480.57,202.83
64,12,5.7082,43.587,485.83,197.64
64,12,7.4073,42.919,483.66,202.87
64,12,7.1998,41.625,448.22,186.71
64,12,6.2895,40.581,447.33,193.8
64,12,8.2735,42.255,440.01,171.48
64,12,8.6543,42.839,497.81,217.34
64,12,6.1345,40.077,406.97,163.91
64,12,8.4057,40.516,395.96,152.76
64,12,9.2238,42.775,460.34,185.11
64,12,10.012,43.806,513.69,220.33
64,12,7.2747,44.079,507.78,212.73
64,12,8.1024,41.553,440.6,182.46
64,12,7.5893,42.808,475.87,201.6
64,12,8.2938,40.506,406.71,163.91
64,12,8.5677,40.381,427.89,179.68
64,12,7.7042,40.967,427.36,174.29
64,12,8.1711,42.26,455.79,189.02
64,12,6.5655,41.821,453,188.57
64,12,6.8113,43.178,494.36,212.69
64,12,6.7134,40.048,416.44,175.87
64,12,7.6298,42.197,473.68,203.56
64,12,5.644,42.605,457.04,185.42
64,12,9.006,43.026,481.52,201.47
64,12,10.619,42.637,445.82,175.06
64,12,6.9217,43.149,477.28,195.9
64,12,7.5906,45.299,547.09,230.96
64,12,7.4896,44.604,525.54,222.78
64,12,6.3841,41.216,442.43,183.68
64,12,6.8929,43.127,496.78,211.87
64,12,7.4426,43.526,485.94,202.98
64,12,9.1687,43.256,474.69,192.25
64,12,10.462,42.895,475.35,199.53
64,12,9.9329,41.015,419.14,170.53
64,12,6.5685,43.741,481.58,193.24
64,12,8.4708,41.979,431.28,168.23
64,12,7.7309,40.879,435.27,182.42
64,12,9.5535,40.591,417.49,163.67
64,12,7.4591,44.441,500.74,195.95
64,12,8.7185,43.174,478.26,197.38
64,12,7.0843,42.817,475.6,197.02
64,12,6.6831,44.058,526.79,226.21
64,12,6.846,45.729,526.23,215.43
64,12,7.3935,39.88,412.14,171.05
64,12,6.5117,43.587,493.5,207.26
64,12,9.062,41.766,446.62,185.71
64,12,8.3275,44.27,486.37,194.29
64,12,6.1921,40.621,410.83,161.58
64,12,6.6788,40.388,427.59,181.99
64,12,6.8838,43.197,472.56,195.72
64,12,5.6869,43.091,494.31,210.86
64,12,6.4894,42.252,442.86,171.65
64,12,6.1665,42.173,449.75,181.85
64,12,6.5828,46.451,581.14,245.81
64,12,7.5721,43.088,475.54,194.24
64,12,8.5211,45.263,529.51,223.46
64,12,7.8724,44.248,493.24,201.18
64,12,11.384,40.428,422.44,175.56
64,12,7.4544,41.272,435.1,177.96
64,12,8.8694,43.025,457.71,181.61
64,12,6.6387,42.386,482.75,205.47
64,12,6.6658,41.997,449.53,187.2
64,12,7.4773,43.722,488.2,197.1
64,12,7.8615,41.218,453.27,191.72
64,12,6.2889,44.642,522.59,219.72
64,12,6.1442,43.849,505.75,209.8
64,12,7.4883,41.081,427.29,172.62
64,12,11.535,43.526,477.55,195.57
64,12,8.441,42.795,487.32,204.89
64,12,6.8518,41.697,437.7,179.03
64,12,7.3207,40.17,419.27,174.09
64,12,7.3713,41.198,440.69,183.03
64,12,7.9007,41.106,441.83,185.87
64,12,7.5162,42.366,500.74,220.74
64,12,6.7941,42.742,456.31,182.51
64,12,6.6296,40.298,410.42,169.61
64,12,6.7324,42.279,450.59,186.7
64,12,6.9921,42.068,467.86,198.21
64,12,6.3663,41.611,455.55,191.75
64,12,8.6792,44.134,501.04,211.08
64,12,5.9292,43.844,504.96,213.68
64,12,6.9668,40.913,433.3,179.32
64,12,7.8943,42.714,498.39,219.93
64,12,5.4099,41.697,459.54,193.57
64,12,7.9184,41.301,470.52,204.06
64,12,6.0747,43.686,508.58,217.25
64,12,8.0326,43.223,480.45,201.11
64,12,5.7468,41.522,455.35,192.93
64,12,7.0015,41.714,458.05,192.47
64,12,6.4316,38.676,389.04,161.93
64,12,6.3167,40.479,419.36,173.25
64,12,6.7063,41.949,454.15,187.87
64,12,8.5167,40.872,433.75,178.53
64,12,6.5703,40.777,421.71,175.35
64,12,6.5999,43.173,454.42,177.17
64,12,7.2035,42.467,451.91,183.58
64,12,11.414,41.523,464.04,198.15
64,12,9.3067,42.97,474.77,193.82
64,12,8.6317,41.683,452.41,188.32
64,12,8.2711,44.113,502.05,206.62
64,12,7.1538,41.134,441.15,184.25
64,12,6.4128,43.952,489.92,198.21
64,12,8.3399,41.562,448.43,185.49
64,12,6.561,41.188,444.3,187.23
64,12,6.5244,43.515,485.09,196.54
64,12,7.2783,43.513,509.13,215.07
64,12,8.7488,42.884,464.91,186.17
64,12,6.3619,42.531,483.69,208.28
64,12,6.5781,44.62,505.76,208.95
64,12,5.8275,42.727,487.25,207.23
64,12,8.1529,44.068,519.04,223.31
64,12,8.0168,41.587,455.77,188.87
64,12,8.2723,43.161,472.13,193.29
64,12,7.2756,41.847,443.06,180.92
64,12,7.9838,41.5,447.61,188.64
64,12,8.1315,43.043,481.62,203.28
64,12,6.8092,41.487,465.63,204.28
64,12,7.8389,41.405,448.91,189.94
64,12,6.2376,41.684,447.09,187.32
64,12,8.5356,43.861,488.59,197.98
64,12,8.7392,41.543,452.71,192.33
64,12,6.9243,42.978,452.53,180.61
64,12,7.5332,44.882,527.48,221.23
64,12,7.7518,42.855,476.23,198.38
64,12,7.2663,41.439,434.72,176.89
64,12,7.9475,42.677,441.39,170.91
64,12,7.2717,45.249,553.19,240.46
64,12,7.4745,43.32,465.2,189.17
64,12,6.7552,42.873,475.81,196.34
64,12,8.145,43.307,480.9,195.79
64,12,6.1086,42.219,461.08,192.23
64,12,7.4662,42.603,479.19,203.21
64,12,10.015,44.498,528.98,224.71
64,12,13.017,43.717,493.89,205.89
64,12,6.3158,43.644,489.85,197.98
64,12,7.5499,41.424,447.81,187.86
64,12,7.958,39.511,408.56,172.16
64,12,6.6351,43.306,488.49,205.09
64,12,8.1169,42.943,468.52,190.65
64,12,6.4335,42.313,460.04,189.79
64,12,8.1339,43.84,504.16,209.93
64,12,6.1825,41.234,446.42,191.32
64,12,7.1168,41.794,474.88,201.89
64,12,6.1133,41.952,440.48,175.94
64,12,6.8125,45.327,533.97,223.38
64,12,9.4321,41.055,452.44,195.73
64,12,10.116,43.314,488.65,202.51
64,12,12.806,38.77,390.71,160.95
64,12,7.0048,42.807,488.56,211.96
64,12,10.608,41.743,453.55,188.98
64,12,7.9796,40.531,426.26,177.58
64,12,6.7948,41.946,465.06,196.19
64,12,7.3642,41.666,436.44,172.22
64,12,6.0311,44.794,538.61,235.2
64,12,6.5894,42.031,463.67,194.32
64,12,6.6883,43.343,467.46,186.49
64,12,7.7699,40.197,422.37,172.44
64,12,5.4672,41.023,434.29,180.64
64,12,8.0038,41.317,423.99,161.14
64,12,8.9558,42.12,466.46,196.12
64,12,6.1496,39.708,418.87,180.03
64,12,6.4064,41.425,453.42,193.57
64,12,8.8656,44.536,489.46,196.43
64,12,6.1325,41.628,437.22,176.97
64,12,9.0867,44.406,501.18,204.11
64,12,6.1544,41.482,437.22,177.48
64,12,7.8358,42.664,480.84,202.76
64,12,9.9292,42.872,467.74,188.96
64,12,7.8669,41.373,457.12,195.82
64,12,6.4506,42.04,462.69,193.53
64,12,7.2558,41.674,444.11,184.3
64,12,7.8813,41.301,436.08,180.71
64,12,7.8038,42.935,471.37,193.64
64,12,6.8503,41.754,467.12,197.91
64,12,7.0405,41.498,424.23,165.23
64,12,9.4207,45.136,530.78,226.33
64,12,7.3336,41.635,457.07,191.88
64,12,6.2855,42.277,470.38,197.87
64,12,6.2981,42.683,465.33,194.05
64,12,7.4029,41.817,465.21,201.72
64,12,8.3742,43.87,515.84,220.93
64,12,10.019,41.672,454.35,192.47
64,12,8.2359,43.942,489.8,196.43
64,12,7.451,41.374,443.29,183.42
64,12,12.094,43.535,498.83,204.54
64,12,5.734,41.458,455.52,191.11
64,12,7.7767,41.09,438.34,178.25
64,12,10.941,40.967,446.15,191.5
64,12,6.107,43.067,490.14,211.59
64,12,9.6466,40.938,429.85,180.18
64,12,7.052,42.396,463.98,191.34
64,12,5.9489,43.114,463.46,183.07
64,12,6.4062,40.194,435.43,188
64,12,8.4824,41.464,435.48,174.32
64,12,6.574,43.407,491.99,207.33
64,12,6.617,42.517,472.89,199.19
64,12,5.489,40.739,425.24,175.71
64,12,7.8619,42.96,483.15,204.72
64,12,5.1796,44.533,511.2,212.13
64,12,7.9755,42,454.91,186.83
64,12,6.8902,41.429,464.93,199.02
64,12,6.6522,42.653,488.14,209.12
64,12,6.0024,42.269,455.04,186.82
64,12,6.1815,42.723,454.5,181.36
64,12,5.9567,43.635,502.39,212.83
64,12,6.1286,44.345,459.95,159.18
64,12,7.9322,44.133,490.49,198.67
64,12,7.7912,42.191,455.36,190.91
64,12,6.7128,41.994,463.65,199.23
64,12,6.6798,39.464,399.02,163.67
64,12,8.0291,42.462,469.18,189.79
64,12,6.3857,40.424,419.48,172.26
64,12,6.485,41.394,433.95,176.36
64,12,6.7958,41.52,451.93,188.08
64,12,7.8705,42.899,449.66,172.21
64,12,9.75,43.337,469.2,189.48
64,12,10.634,42.117,468.6,196.55
64,12,7.5012,43.532,506.76,213.48
64,12,8.1996,42.454,462.02,188.88
64,12,9.3424,43.48,487.16,201.13
64,12,7.351,47.554,594.6,252.34
64,12,6.5336,42.567,479.2,203.95
64,12,8.0636,42.773,475.06,197.24
64,12,8.9158,39.322,416.27,179.77
64,12,6.6236,42.257,483.12,208.24
64,12,9.8342,43.419,494.02,208.67
64,12,7.388,42.18,455.78,183
64,12,5.6764,42.454,459.33,186.97
64,12,6.5108,42.311,445.76,177.87
64,12,6.562,41.678,452.8,187.88
64,12,8.2557,43.898,517.72,225.5
64,12,7.0336,43.444,499.09,211.81
64,12,7.0755,44.157,526.77,227.55
64,12,4.7312,43.053,492.4,209.76
64,12,9.7036,43.203,477.88,193.93
64,12,7.5606,40.881,429.14,177.08
64,12,9.6058,43.142,470.17,190.38
64,12,8.5965,43.992,485.72,194.07
64,12,5.9299,41.76,438.91,175.83
64,12,7.5361,41.759,462.77,195.47
64,12,7.645,42.407,493.28,214.35
64,12,6.4626,41.915,446.46,183.21
64,12,8.4902,45.011,517.04,211.05
64,12,7.3126,41.181,442.75,185.61
64,12,6.9968,40.969,442.96,188.32
64,12,7.7905,41.827,424.07,163.28
64,12,8.0044,43.323,491.59,205.18
64,12,6.9764,44.184,526.09,229.43
64,12,5.6591,42.057,460.7,190.54
64,12,7.2912,42.284,456.83,188.94
64,12,7.9991,43.223,489.33,206.83
64,12,7.2971,44.942,498.76,201.35
64,12,5.7217,41.837,467.28,201.12
64,12,6.7685,42.566,466.3,189.17
64,12,7.3865,42.16,479.25,201.43
64,12,8.3783,40.729,436.98,186.51
64,12,6.439,43.323,487.93,203.41
64,12,8.8611,42.896,475.5,198.46
64,12,6.7448,42.358,465.56,191.17
64,12,8.18,42.185,463.18,196.97
64,12,9.3067,41.029,423.61,173.02
64,12,13.759,42.023,451.54,190.12
64,12,10.859,43.546,496.65,209.08
64,12,5.7862,44.538,500.58,200.55
64,12,6.2757,41.132,453.41,193.27
64,12,6.5929,42.462,473.39,196.92
64,12,9.2107,43.099,482.5,204.13
64,12,6.0987,41.073,430.08,171.72
64,12,12.945,41.656,430.7,169.53
64,12,6.4961,44.703,495.82,200.15
64,12,11.726,41.043,440.23,185.16
64,12,6.5447,41.591,437.35,175.38
64,12,7.1617,42.146,460.77,190.97
64,12,7.2339,41.084,441.24,184.14
64,12,7.9981,43.55,505.85,215.04
64,12,8.0367,42.647,470.99,191.8
64,12,8.7331,42.303,481.17,206.96
64,12,9.3888,42.328,461.79,191.8
64,12,7.6286,41.571,439.12,179.44
64,12,7.8814,45.343,540.02,231.3
64,12,6.595,44.855,508.57,211.67
64,12,5.7984,42.454,481.27,203.74
64,12,7.8028,42.942,498.2,213.19
64,12,6.1396,41.85,463.97,199.33
64,12,9.4022,41.625,435.1,176.52
64,12,7.3522,44.475,520.03,218.1
64,12,10.119,41.523,449.85,188
64,12,8.4953,41.034,427.74,173.44
64,12,6.2995,42.295,453.36,182.57
64,12,6.6984,41.772,438.48,175.2
64,12,13.357,40.285,423.56,174.32
64,12,5.702,43.497,479.89,194.89
64,12,6.5012,42.192,453.48,185.6
64,12,6.5834,40.81,431.74,182.9
64,12,7.5713,41.859,438.18,181.19
64,12,6.037,40.538,411.94,167.98
64,12,5.9548,40.447,417.53,170.9
64,12,6.7936,42.447,468.87,196.98
64,12,8.3689,42.869,493.12,212.78
64,12,9.0323,39.76,416.37,176.54
64,12,8.372,42.548,477.09,206.15
64,12,6.5832,41.972,458.92,191.95
64,12,6.7772,43.032,495.08,213.31
64,12,7.7604,44.511,493.79,196.41
64,12,5.8181,40.548,413.72,168.25
64,12,7.024,44.339,509.88,208.6
64,12,7.6266,43.589,491.59,202.86
64,12,7.1659,41.087,447.09,185.74
64,12,9.734,42.908,485.32,205.63
64,12,7.5285,39.673,411.87,172.87
64,12,10.498,42.668,470.33,192.38
64,12,8.459,41.305,439.92,180.75
64,12,6.7909,44.666,505.51,193.28
64,12,7.8173,40.804,427.61,178.23
64,12,9.1665,41.039,425.42,174.79
64,12,6.4666,42.2,475.11,200.8
64,12,12.12,44.839,513.09,205.77
64,12,7.2683,42.667,460.26,188.34
64,12,8.8563,44.41,503.27,197.82
64,12,9.3251,43.106,492.38,206.66
64,12,8.6035,44.367,498.46,198.96
64,12,5.9785,43.365,497.81,209.53
64,12,7.6568,42.914,463.88,181.01
64,12,11.852,41.481,443.84,183.53
64,12,8.9567,42.934,480.83,200.91
64,12,6.361,42.491,467.61,194.51
64,12,7.3175,40.945,398.97,151.56
64,12,8.0883,42.433,473.66,197.65
64,12,8.5009,43.476,505.61,215.4
64,12,8.3651,41.567,458.04,192.05
64,12,7.4945,43.47,470.18,191.13
64,12,6.2102,41.917,456.88,181.46
64,12,7.5226,41.141,435.26,179.77
64,12,12.954,43.885,492.12,202.93
64,12,8.1063,42.157,466.58,197.08
64,12,9.2456,44.328,521.53,222.78
64,12,6.8319,41.916,462.52,194.65
64,12,8.7533,44.049,489.32,199.3
64,12,7.3759,41.815,463.07,199.7
64,12,6.8405,42.628,480.18,202.19
64,12,9.6146,41.046,429.82,179.63
64,12,8.2811,43.033,494.69,215.06
64,12,7.1913,42.965,498.98,212.82
64,12,9.2871,41.561,441.57,182.22
64,12,7.7087,44.534,511.25,212.91
64,12,9.5378,39.776,407.85,169
64,12,7.4261,42.785,463.8,192.58
64,12,7.7767,43.707,496.01,212.85
64,12,6.5766,40.989,431.8,178.51
64,12,7.4477,41.873,454.15,188.02
64,12,7.2157,42.674,493,216.62
64,12,6.0516,41.195,443.42,180.24
64,12,7.6275,42.892,462.12,185.06
64,12,6.3047,43.133,472.6,189.28
64,12,5.9557,42.858,485.63,207.32
64,12,6.9956,42.056,459.49,189.22
64,12,6.4792,43.428,496.43,212.22
64,12,8.7654,41.479,443.21,180.2
64,12,8.1996,43.729,489.98,199.99
64,12,7.3466,41.997,455.56,190.32
64,12,7.9982,40.066,408.72,166.43
64,12,6.6437,40.892,453.71,193.68
64,12,7.3211,42.056,470.07,201.03
64,12,5.6421,41.918,435.37,177.03
64,12,7.7648,42.711,474.43,199.83
64,12,6.712,41.18,439.08,180.95
64,12,7.3273,42.925,493.46,214.85
64,12,8.0408,40.318,412.09,166.9
64,12,9.0066,42.366,458.53,186.74
64,12,6.6655,44.075,512.69,218.42
64,12,7.0572,44.125,501.52,203.9
64,12,6.7386,39.54,421.13,180.49
64,12,9.2481,42.162,449.2,182.17
64,12,6.6075,41.617,450.17,181.59
64,12,9.4049,42.401,483.64,207.91
64,12,7.8805,40.793,445.2,190.09
64,12,5.5588,42.475,472.39,199.52
64,12,6.1294,42.965,482.24,204.79
64,12,6.6436,43.285,462.46,181.4
64,12,7.2019,41.539,463.15,196.89
64,12,7.9196,41.53,468.82,205.51
64,12,8.8321,41.59,439.78,183.01
64,12,7.2633,42.726,456.52,183.46
64,12,7.8389,42.049,475.68,205.69
64,12,6.2915,44.809,512.59,211.46
64,12,7.5143,41.7,444.8,183.44
64,12,6.979,41.388,451.06,191.48
64,12,7.3392,42.644,459.17,186.55
64,12,8.2475,44.031,491.67,201.63
64,12,8.1638,42.322,455.65,184.86
64,12,6.9767,41.031,427.57,171.9
64,12,7.3387,40.878,427.91,175.42
64,12,8.2005,40.962,439.82,186.85
64,12,6.65,42.158,467.03,197.67
64,12,7.0232,43.127,475.25,191.21
64,12,5.9797,41.369,441.88,183.01
64,12,7.3545,42.582,459.41,189.03
64,12,10.206,42.606,467.02,194.34
64,12,6.6431,43.741,485.17,200.81
64,12,8.1668,42.348,449.76,177.11
64,12,8.0045,41.38,427.84,172.78
64,12,7.6204,43.243,499.89,214.09
64,12,8.4923,42.789,466.84,191.94
64,12,6.7636,42.304,458.86,187.23
64,12,7.871,40.042,434.87,187.29
64,12,8.146,40.982,424.85,174.56
64,12,8.2786,44.675,497.85,197.63
64,12,5.5005,42.218,474.57,201.61
64,12,6.5028,42.666,459.96,186.03
64,12,6.4169,41.911,463.4,194.3
64,12,8.4495,42.677,451.62,174.4
64,12,8.4066,40.647,438.82,186.21
64,12,6.4622,44.55,500.78,204.22
64,12,9.3113,42.018,476.92,207.4
64,12,10.274,41.303,436.69,179.16
64,12,7.5284,41.063,438.97,183.75
64,12,6.2602,42.013,450.34,181.51
64,12,8.2385,43.602,487.18,201.2
64,12,7.6415,42.248,474.75,203.23
64,12,6.2148,43.769,510.63,220.58
64,12,6.1273,42.434,474.9,201.08
64,12,6.2867,39.906,437.45,191.74
64,12,9.7746,43.49,501.06,211.56
64,12,7.2421,43.698,505.11,211.49
64,12,8.1889,43.019,492.08,208.17
64,12,7.5688,40.863,428.9,177.76
64,12,7.5767,42.999,485.88,204.28
64,12,8.7274,41.669,430.81,172.52
64,12,5.9052,41.593,462.95,202.08
64,12,6.6917,43.671,487.73,198.58
64,12,8.5552,41.303,431.92,176.09
64,12,5.9512,41.992,447.66,184.29
64,12,6.372,40.922,416.7,162.14
64,12,10.169,41.034,428.34,174.26
64,12,6.9898,40.798,425.78,177.16
64,12,6.5043,41.633,454.82,190.8
64,12,6.2401,41.286,432.91,177.72
64,12,8.2213,45.754,558.5,239.24
64,12,8.6481,41.089,447.74,190.12
64,12,6.632,40.426,446.48,194.21
64,12,7.1799,41.514,444.67,183.05
64,12,6.155,43.278,496.93,211.93
64,12,7.9838,42.224,460.07,188.74
64,12,6.5996,39.337,408.98,174.06
64,12,8.698,43.163,493.39,209.78
64,12,7.0436,41.65,457.48,194.05
64,12,9.1896,40.295,406.69,164.4
64,12,10.403,42.36,465.55,193.86
64,12,8.2984,42.321,457.75,188.76
64,12,6.7285,39.705,412.46,170.15
64,12,6.693,39.002,377.51,144.6
64,12,5.6514,44.098,487.04,192.25
64,12,6.3218,41.83,450.46,186.11
64,12,10.03,42.644,495.57,215.28
64,12,7.0106,42.165,470.36,202
64,12,6.7252,45.721,531.27,219.21
64,12,8.4258,42.424,480.87,206.71
64,12,7.084,43.079,494,207.51
64,12,7.9756,44.012,512.71,216.96
64,12,11.659,41.522,440.99,184.12
64,12,9.4128,42.048,460.85,191.97
64,12,8.1397,43.406,467.74,182.7
64,12,8.3738,43.456,486.33,202.48
64,12,6.9734,41.004,416.24,161.93
64,12,6.9165,39.959,417.47,178.21
64,12,5.5961,42.7,443.05,169.68
64,12,7.6344,41.952,454.18,187.12
64,12,6.8638,40.614,423.4,173.44
64,12,11.565,45.318,513.65,208.84
64,12,7.9489,42.503,494.77,212.7
64,12,5.9795,42.416,474.59,201.92
64,12,10.738,40.692,419.29,172.12
64,12,6.3229,44.727,516.88,215.32
64,12,7.9036,42.733,473.52,197.95
64,12,7.4735,42.774,495.31,216.27
64,12,7.3423,42.32,470.19,194.84
64,12,8.8901,42.03,467.44,199.69
64,12,6.2891,44.028,469.46,182.96
64,12,6.7,42.599,471.98,197.16
64,12,6.4516,42.506,471.14,198.39
64,12,8.7358,43.957,482.27,196.28
64,12,7.0968,43.666,493.28,207.71
64,12,6.7771,42.976,456.92,178.18
64,12,8.8892,40.375,412.92,165.44
64,12,9.7715,42.375,460.62,190.03
64,12,10.704,40.529,411.36,163
64,12,7.3789,41.771,463.56,198.84
64,12,8.9748,43.614,492.59,206.71
64,12,10.3,41.924,438.58,179.87
64,12,5.9084,42.193,456.61,192.47
64,12,8.0322,43.996,496.8,206.67
64,12,7.8195,45.24,524.17,213
64,12,8.0118,42.107,466.82,198.52
64,12,13.809,43.007,461.64,182.06
64,12,6.9862,41.156,424.49,171.74
64,12,6.919,42.234,461.02,191.06
64,12,8.5614,42.608,471.37,193.78
64,12,6.0059,43.52,499.82,209.02
64,12,5.7021,42.314,456.76,186.83
64,12,6.1618,45.037,540.98,230.86
64,12,8.178,42.801,464.14,187.78
64,12,6.6771,41.633,456.07,191.18
64,12,7.1438,42.817,481.49,202.9
64,12,8.9607,43.466,502.1,216.74
64,12,8.932,43.608,491.48,202.77
64,12,10.121,43.407,488.82,199.42
64,12,8.9178,43.031,498.58,215.42
64,12,6.359,42.832,480.85,204.62
64,12,7.4087,40.979,434.26,178.1
64,12,7.6816,43.605,493.23,205.9
64,12,6.6313,42.044,452.99,183.72
64,12,8.2668,43.637,479.6,196.72
64,12,6.4346,39.943,419.9,177.5
64,12,7.1906,42.642,447.22,175.4
64,12,5.131,41.632,443.57,182.23
64,12,8.7016,44.21,484.48,197.38
64,12,6.942,43.028,499.83,216.64
64,12,7.8727,42.067,472.16,200.94
64,12,6.4855,42.471,477.99,207.36
64,12,8.0996,43.56,495.02,206.78
64,12,9.767,40.513,428.26,179.81
64,12,10.319,43.438,490.05,204.07
64,12,11.971,41.073,435.95,183.66
64,12,6.2886,44.062,467.8,180.99
64,12,5.8272,43.371,501.68,213.5
64,12,8.8692,44.826,525.68,218.67
64,12,7.8885,42.603,497.1,216.29
64,12,5.2689,44.475,524.92,224.1
64,12,8.2612,43.409,492.29,203.64
64,12,8.8677,41.945,435.73,171.99
64,12,7.6372,41.032,438.82,185.28
64,12,5.5833,43.182,480.45,196.36
64,12,12.049,41.266,443.29,184.79
64,12,7.9094,44.347,491.08,201.75
64,12,7.6321,42.301,464.89,191.88
64,12,5.9035,43.732,495.44,201.55
64,12,7.743,40.312,425.18,169.87
64,12,7.0636,45.329,537.88,224.58
64,12,7.8902,42.622,470.09,194.26
64,12,7.1486,40.854,436.9,182.83
64,12,7.28,41.606,455.18,191.48
64,12,5.788,42.037,480.71,204.5
64,12,8.161,42.702,450.55,179.63
64,12,7.6325,42.943,469.94,193.61
64,12,7.0607,42.496,460.81,186.67
64,12,6.5806,43.962,476.64,183.71
64,12,8.4151,41.788,451.34,185.4
64,12,7.3752,41.293,451.87,193.71
64,12,8.4605,45.952,559.81,235.53
64,12,7.5707,41.685,444.26,176.68
64,12,7.0515,41.614,433.26,172.34
64,12,6.1904,38.903,398.66,167.71
64,12,6.5121,42.638,449.16,180.35
64,12,7.6671,41.794,446.06,183.95
64,12,8.431,43.004,482.89,199.93
64,12,9.2892,42.262,436.39,174.92
64,12,9.8339,42.371,445.75,174.95
64,12,12.301,42.771,452.34,177.83
64,12,10.641,44.157,510.26,213.95
64,12,7.9554,43.817,503.2,214.23
64,12,8.0503,41.448,447.3,185.35
64,12,7.3525,41.644,459.51,192.02
64,12,6.4829,43.753,492.87,201.57
64,12,6.2699,42.232,438.63,170.43
64,12,6.019,42.57,471.61,199.72
64,12,8.4581,42.584,486.42,210.26
64,12,7.9383,41.36,450.18,189.98
64,12,9.813,41.416,444.6,183.16
64,12,8.5927,42.165,465.89,195.17
64,12,8.8735,43.493,485.61,200.69
64,12,9.4656,44.853,514.34,215.71
64,12,6.9128,42.584,460.53,184.1
64,12,6.5151,41.758,457.05,189.41
64,12,6.6608,40.43,394.95,148.1
64,12,7.6785,42.456,464.25,192.67
64,12,6.0128,44.527,499.81,200.22
64,12,7.1709,42.888,484.91,202.32
64,12,8.0059,39.224,391.15,161.61
64,12,7.0889,40.974,443.29,185.52
64,12,6.6161,41.724,476.8,205.1
64,12,7.7953,41.766,459.93,191.37
64,12,6.1003,43.892,502.94,211.67
64,12,7.0172,42.573,449.43,178.14
64,12,8.5304,42.846,477.3,199.47
64,12,7.5959,41.545,457.24,196.99
64,12,6.5555,44.344,473.4,180.77
64,12,8.6762,41.288,444.64,183.76
64,12,9.1135,39.336,397.01,160.42
64,12,6.4915,40.578,423.19,176.1
64,12,7.6684,43.261,481.46,200.75
64,12,7.5622,41.724,445.43,184.1
64,12,6.2567,41.441,463.58,198.9
64,12,7.4531,42.737,478.65,199.8
64,12,6.9374,41.103,436.6,174.83
64,12,6.0482,40.204,429.06,183.53
64,12,7.8317,41.273,452.48,192.58
64,12,8.5683,42.263,476.16,203.9
64,12,9.922,40.731,401.19,159.21
64,12,7.9491,44.003,482.52,192.75
64,12,5.2393,43.273,482,195.89
64,12,6.3535,41.804,435.09,168.65
64,12,5.9503,41.728,456.23,193.35
64,12,7.9918,42.595,468.14,193.66
64,12,6.0712,44.256,492.52,200.63
64,12,9.7414,41.579,443.79,180.27
64,12,7.0788,40.56,439.48,186.06
64,12,7.862,44.91,533.3,229.17
64,12,6.2523,42.765,467.03,188.04
64,12,7.521,43.077,488.28,206.18
64,12,10.606,43.771,484.69,195.78
64,12,7.2099,41.028,447.97,190.44
64,12,7.8704,41.986,460.95,192.77
64,12,7.1334,41.286,445.62,186.83
64,12,8.8479,42.125,460.09,188.21
64,12,10.49,41.922,442.13,178.29
64,12,6.8579,43.404,481.17,200.47
64,12,7.6751,44.539,514.07,212.57
64,12,7.809,41.409,475.4,208.23
64,12,7.1846,41.241,445.29,186.6
64,12,7.2915,40.04,413.99,173.1
64,12,7.4407,45.06,510.72,208.22
64,12,5.8286,41.141,454.05,193.09
64,12,13.737,44.698,507.08,204.68
64,12,6.5616,42.801,472.63,198.6
64,12,8.9223,44.431,509.38,211.25
64,12,8.6212,39.477,412.11,176.3
64,12,7.5001,39.046,393.73,162.67
64,12,11.756,41.256,455.14,194.84
64,12,11.352,42.122,449.81,184.27
64,12,10.213,44.334,497.43,201.9
64,12,9.2054,43.453,476.9,193.69
64,12,8.6091,41.188,443.3,187.5
64,12,7.4856,40.957,422.92,170.27
64,12,6.7294,43.949,506.17,213.61
64,12,6.1715,43.631,514.6,223.18
64,12,5.7785,44.111,526.1,230.05
64,12,7.5788,45.431,545.53,229.68
64,12,10.394,41.642,448.19,186.83
64,12,8.4397,41.35,433.22,173.12
64,12,7.622,44.172,503.69,207.23
64,12,9.9199,44.211,493.96,193.8
64,12,6.9645,42.548,465.18,190.66
64,12,9.2763,42.539,437.89,173.98
64,12,8.7806,41.387,457.85,198.8
64,12,9.0268,40.712,418.52,169.8
64,12,6.6105,41.879,471.3,205.29
64,12,11.847,44.525,511.15,214.63
64,12,7.695,44.003,478.36,192.91
64,12,7.5504,45.158,516.09,204.47
64,12,6.7879,42.437,449.8,172.56
64,12,6.9516,42.48,489.88,211.64
64,12,7.9708,41.896,446.71,186.53
64,12,7.3937,41.943,458.36,194.22
64,12,7.3119,42.58,494.88,216.09
64,12,7.784,42.334,451.71,182.39
64,12,7.5723,41.448,450.41,189.47
64,12,6.4997,45.235,521.4,212.6
64,12,7.1675,42.224,457.86,191.97
64,12,8.8536,43.145,478.65,194.89
64,12,6.2256,42.787,483.67,205.21
64,12,10.432,43.53,501.04,205.92
64,12,6.6827,45.343,529.75,220.65
64,12,6.6335,40.868,442.61,182.2
64,12,8.9138,40.609,436.92,185.15
64,12,6.6133,42.252,444,176.26
64,12,6.7095,44.573,520.96,215.39
64,12,6.9506,41.874,450.12,185.06
64,12,7.9884,41.607,456.9,196.58
64,12,7.6017,41.886,445.66,178.44
64,12,7.3325,42.48,473.01,201.53
64,12,8.7967,43.824,493.4,207.07
64,12,8.5845,43.513,496.87,213.47
64,12,8.8055,43.313,474.91,197.03
64,12,9.1996,41.782,464.71,198.59
64,12,6.3989,41.966,475.91,204.8
64,12,6.1956,43.725,487.19,198.68
64,12,6.7829,42.364,462.73,191.59
64,12,7.1155,42.879,462.39,189.11
64,12,9.9936,45.411,520.96,209.03
64,12,9.7129,42.989,465.81,190.62
64,12,5.2087,41.602,443.19,183.78
64,12,7.2313,42.95,480.51,200.33
64,12,7.0071,43.197,495.37,211.3
64,12,6.717,41.609,440.32,178.95
64,12,7.6837,41.722,454.81,192.71
64,12,9.2841,44.719,504.85,207.29
64,12,6.8316,41.526,452.83,187.12
64,12,11.419,42.373,473.84,199.21
64,12,7.6955,42.462,451.77,179.53
64,12,9.0875,43.025,484.36,202.38
64,12,6.7066,43.199,466.92,188.9
64,12,5.7239,42.893,471.94,193.88
64,12,7.8426,41.502,435.39,180.62
64,12,8.3424,42.812,467.69,192.33
64,12,6.3993,41.422,443.59,185.75
64,12,8.9776,41.482,439.31,180.45
64,12,5.5091,41.717,436,176.34
64,12,6.7353,44.019,510.18,213.25
64,12,6.9993,42.074,447.37,181.7
64,12,8.1016,39.865,411.89,170.32
64,12,7.6987,42.799,465.34,188.76
64,12,6.7986,41.951,463.56,197.01
64,12,7.8269,42.185,467.38,197.79
64,12,12.935,42.118,473.62,203.43
64,12,8.5664,42.537,468.11,190.36
64,12,11.305,42.703,463.07,186.25
64,12,6.4558,41.657,438.1,173.88
64,12,7.4189,43.272,485.49,200.6
64,12,10.834,43.467,500.71,213.73
64,12,6.7056,41.839,451.38,182.06
64,12,7.6058,42.975,478.13,203.18
64,12,7.3295,42.016,457.48,192.8
64,12,7.225,39.29,409.58,171.59
64,12,6.3819,43.047,503.92,219.75
64,12,8.8778,41.615,443.82,182.01
64,12,6.5107,42.407,451.46,180.52
64,12,7.8439,43.786,490.47,201.26
64,12,10.599,41.106,457.7,199.37
64,12,7.9197,38.574,407.64,174.4
64,12,9.2624,42.163,448.99,180.29
64,12,7.0505,41.824,449.36,189.98
64,12,8.3435,43.218,498.81,212.45
64,12,9.7168,43.166,483.14,199.99
64,12,5.7373,42.159,471.54,205.75
64,12,12.555,42.791,484.82,209.88
64,12,7.8968,39.675,419.24,173.49
64,12,7.2586,42.266,446.17,178.27
64,12,8.4417,41.994,471.21,203.85
64,12,6.3825,41.289,431.5,173.25
64,12,7.4772,42.491,476.96,199.34
64,12,7.049,42.098,452.11,180.46
64,12,7.2198,42.215,462.11,190.5
64,12,8.7992,43.031,456.21,183.23
64,12,6.4112,41.096,454.31,194.49
64,12,11.553,42.745,468.93,193.39
64,12,6.5977,41.424,442.89,181.14
64,12,6.2539,41.05,423.38,168.26
64,12,6.1701,42.682,471.29,196.65
64,12,6.7892,41.127,467.52,205.26
64,12,9.7622,41.708,447.86,184.18
64,12,6.2629,41.895,445.22,181.3
64,12,6.1934,41.816,456.45,185.52
64,12,5.3351,42.334,493.15,218.19
64,12,10.372,40.436,416.13,172.01
64,12,7.6188,43.521,493.91,206.66
64,12,6.2014,44.056,508.18,212.48
64,12,6.1454,42.678,463.63,188.95
64,12,9.3468,41.109,445.39,186.23
64,12,6.2327,40.543,418.93,167.84
64,12,8.7028,43.081,459.06,182.24
64,12,7.1403,40.388,393.72,155.45
64,12,7.1237,42.582,487.12,206.42
64,12,5.7088,42.791,487.34,209.6
64,12,11.109,40.512,423.97,173.76
64,12,6.6848,39.587,419.75,179.3
64,12,9.8475,40.263,401.25,161.91
64,12,8.1858,43.025,480.1,199.63
64,12,8.8289,41.318,422.85,166.75
64,12,13.979,41.54,442.2,181.35
64,12,8.3456,42.454,478.82,203.56
64,12,7.4724,41.715,452.27,188.34
64,12,5.641,40.051,415.58,173.11
64,12,8.9375,42.404,452.94,177.04
64,12,6.7579,41.149,435.33,176.42
64,12,7.7864,42.975,484.23,202.62
64,12,6.4968,43.16,488.12,205.75
64,12,5.8907,40.859,431.4,179.41
64,12,6.454,42.558,469.06,194.13
64,12,6.4562,40.62,425.14,175.39
64,12,6.3153,40.048,404.02,169.04
64,12,6.7577,42.571,495.49,215.1
64,12,6.1674,46.011,555.16,229.93
64,12,7.6928,40.761,425.28,177.53
64,12,9.505,42.799,477.56,199.83
64,12,7.8578,43.812,489.05,198.22
64,12,7.3169,43.102,482.35,202.46
64,12,8.4269,43.897,502.22,206.97
64,12,9.5162,39.916,409.95,169.89
64,12,7.1055,43.35,471.92,188.77
64,12,7.91,42.139,455.11,186.96
64,12,6.2194,42.708,479.54,204.75
64,12,6.2555,42.105,469.24,195.22
64,12,7.1781,42.126,466.9,194.86
64,12,7.9131,41.744,446.46,184.98
64,12,8.0238,43.229,493.79,210.12
64,12,8.8425,44.177,507.99,213.02
64,12,8.1095,42.809,473.85,198.47
64,12,8.0432,42.554,451.19,181.5
64,12,8.4985,43.268,468.35,191.43
64,12,7.9396,43.598,482.85,201.05
64,12,9.2543,39.927,409.02,168.16
64,12,7.2933,42.435,464.24,196.04
64,12,6.3606,43.754,504.47,212.03
64,12,8.984,40.599,449.1,192.61
64,12,8.2923,42.705,489.19,213.06
64,12,6.2068,44.871,518,212.97
64,12,8.9358,42.224,479.38,207.25
64,12,6.3571,41.169,439.1,184
64,12,6.5113,43.323,503.12,214.12
64,12,9.0455,41.519,465.33,199.77
64,12,5.2932,43.034,481.68,199.19
64,12,6.719,43.173,466.24,191.62
64,12,5.3312,41.229,443.39,181.72
64,12,8.0888,39.804,404.47,166.48
64,12,6.8839,42.676,469.33,188.03
64,12,5.6233,42.341,460.44,188.83
64,12,7.4678,43.813,508.19,214.37
64,12,6.2658,43.847,457.09,171.96
64,12,5.879,39.889,415.69,174.68
64,12,7.8554,42.666,462.95,185.14
64,12,7.0591,42.165,469.95,197.64
64,12,4.4909,42.007,458.88,187.93
64,12,8.3144,41.652,437.11,181.48
64,12,8.3951,44.596,513.92,213.06
64,12,8.3353,42.533,467.18,195.29
64,12,6.3544,43.368,469.45,191.79
64,12,7.2502,41.893,450.32,184.86
64,12,8.1364,41.503,466.43,201.3
64,12,8.2261,40.762,416.58,161.4
64,12,6.9452,40.401,430.23,184.84
64,12,7.4331,41.431,453.99,196.19
64,12,7.2447,41.957,467.88,196.72
64,12,7.5718,44.532,529.38,223.87
64,12,10.473,43.439,483.62,197.4
64,12,7.0003,43.92,503.33,211.62
64,12,7.0302,42.176,463.12,188.81
64,12,9.6562,37.839,364.06,147.39
64,12,5.9043,42.391,467.44,196.3
64,12,5.9466,40.342,424.66,177.59
64,12,8.1693,41.831,464.2,196.1
64,12,7.0263,43.384,477.98,197.99
64,12,8.4861,41.873,451.66,187.6
64,12,10.561,43.429,503.7,214.49
64,12,7.9768,42.596,463.34,194.08
64,12,6.1236,41.146,445.96,188.89
64,12,7.552,41.071,434.44,173.98
64,12,7.4958,42.462,473.85,202.55
64,12,9.1268,43.792,502.53,211.7
64,12,7.5719,42.602,457.94,182.91
64,12,5.888,45.029,546.21,235.37
64,12,8.5578,44.456,491.49,195.6
64,12,11.477,40.587,431.48,179.4
64,12,10.391,43.679,479.7,190.92
64,12,6.9235,44.184,501.95,211.43
64,12,6.4981,42.569,470.85,195.32
64,12,7.133,45.566,555.56,234.88
64,12,8.5828,44.217,502.59,207.67
64,12,6.989,42.585,485.33,211.74
64,12,7.423,41.415,446.6,189.1
64,12,6.0331,43.504,504.4,218.11
64,12,6.0537,41.772,450.02,181.31
64,12,6.0024,41.432,441.51,185.92
64,12,8.9007,40.72,408.53,163.59
64,12,7.5025,42.182,466.05,195.51
64,12,8.0802,42.513,482.81,207.77
64,13,6.9969,42.679,470.14,191.18
64,13,10.037,43.949,511.65,216.9
64,13,7.874,42.832,473.27,201.45
64,13,6.6097,43.232,503.71,215.49
64,13,7.2416,44.688,536.72,233.05
64,13,7.3186,42.484,462.66,193.52
64,13,6.7826,43.382,496.95,207.81
64,13,7.2917,42.504,490.74,213.72
64,13,8.7413,41.291,435.12,175.92
64,13,9.3877,41.005,444.43,185.85
64,13,9.3626,43.619,517.82,224.24
64,13,6.5529,43.23,461.96,181.84
64,13,7.2574,42.597,481.8,205.57
64,13,7.52,41.898,459.55,190.27
64,13,8.8976,42.821,480.59,200.29
64,13,8.0116,44.49,505.08,206.46
64,13,10.811,41.933,460.14,190.93
64,13,6.5366,43.098,487.81,202.23
64,13,7.8454,40.82,432.21,182.19
64,13,7.8465,43.996,511.29,217.2
64,13,7.6095,44.406,513.99,214.18
64,13,8.2964,42.648,472.92,199.16
64,13,10.667,41.884,459.19,196.02
64,13,8.2528,42.179,467.21,195.39
64,13,7.3279,44.388,503.73,207.86
64,13,9.6264,45.677,553.86,233.86
64,13,7.286,44.036,471.91,184.68
64,13,11.182,42.915,476.71,199.95
64,13,7.6537,42.204,470.26,198.51
64,13,7.0358,42.932,478.08,203.55
64,13,8.225,45.134,515.57,211.99
64,13,6.9837,46.387,544.51,224.79
64,13,7.8201,43.695,503.95,212.2
64,13,7.1048,43.251,507.54,218.68
64,13,6.9833,43.17,515.58,230.76
64,13,6.8738,42.264,482.79,205.57
64,13,6.0352,43.215,498.53,211.69
64,13,7.1837,45.665,544.66,231.26
64,13,6.7982,42.792,493.72,213.92
64,13,5.4013,43.858,505.58,216.59
64,13,6.4686,44.065,521.18,225.2
64,13,8.8829,41.103,457.42,197.97
64,13,6.8349,42.306,470.35,199.55
64,13,6.9808,43.053,487.94,208.37
64,13,7.2753,41.391,457,197.56
64,13,5.8958,42.454,450.62,181.74
64,13,6.6007,45.025,539.85,230.65
64,13,6.2931,45.208,547.66,235.04
64,13,7.3896,43.648,510.37,221.53
64,13,9.0055,44.636,521.54,215.4
64,13,6.6202,42.719,487.14,206.71
64,13,7.1642,42.256,476.04,204
64,13,6.2698,41.948,481.92,209.09
64,13,6.029,43.798,515.13,222.83
64,13,13.196,42.326,457.05,185.51
64,13,9.4447,45.161,540.75,227.84
64,13,9.4823,43.718,486.8,194.81
64,13,7.1698,43.51,500.84,211.47
64,13,8.5619,43.296,505.54,218.37
64,13,9.9882,43.078,486.3,206.85
64,13,7.0763,42.928,474.05,198.13
64,13,9.3715,42.979,486.79,204.52
64,13,6.1863,41.7,466.17,196.91
64,13,10.728,43.89,500.13,210.25
64,13,5.9282,41.685,439.75,177.76
64,13,7.3283,43.012,498.63,215.11
64,13,7.7354,42.583,466.13,187.13
64,13,7.2167,42.105,483.08,205.42
64,13,7.89,45.729,565.01,242.36
64,13,6.0002,43.808,505.78,209.65
64,13,13.216,42.957,499.45,215.94
64,13,7.0426,42.055,471.54,202.04
64,13,8.8405,42.762,493.67,213.26
64,13,7.5605,41.53,455.25,189.93
64,13,6.0271,42.853,475.01,196.49
64,13,7.7324,42.934,485.41,205.55
64,13,9.2368,46.114,561.95,239.09
64,13,5.85,41.706,461.02,195.86
64,13,9.7438,45.548,524.68,215.1
64,13,8.5907,42.655,477.51,199.39
64,13,6.7603,42.76,470.59,193.87
64,13,7.9394,41.899,452.35,183.71
64,13,7.1363,42.978,483.59,197.33
64,13,7.5173,43.588,489.83,202.4
64,13,9.3135,45.036,522.65,213.79
64,13,6.6207,42.734,468.85,194.7
64,13,9.1267,45.482,547.21,232.81
64,13,6.4698,43.286,504.04,217.72
64,13,6.8536,43.434,501.53,215.51
64,13,7.2922,44.209,512.31,209.65
64,13,7.1259,42.642,467,192.57
64,13,8.5769,43.649,492.69,205.57
64,13,8.1364,42.365,450.32,181.94
64,13,7.4898,43.82,505.69,212.29
64,13,8.498,44.772,522.52,216.71
64,13,5.2563,42.932,473.16,194.17
64,13,7.963,43.203,473.33,190.9
64,13,9.826,43.538,481.16,198.33
64,13,10.304,41.339,443.89,185.82
64,13,8.0745,42.037,469.52,200.66
64,13,7.3808,46.853,618.1,272.23
64,13,11.035,43.363,480,196.39
64,13,7.2295,41.914,463.47,196.88
64,13,5.6261,42.571,488.72,206.94
64,13,8.4411,42.873,472.71,196.89
64,13,6.9707,41.35,469.72,206.15
64,13,7.512,42.55,469.62,196.71
64,13,7.3611,43.44,507.69,223.44
64,13,6.8018,42.465,477.31,202.67
64,13,7.1697,41.871,475.68,205.52
64,13,11.368,41.605,463.84,204.45
64,13,6.1983,45.349,542.8,232.66
64,13,7.5641,41.593,457.46,188.31
64,13,9.3799,41.786,448.85,187.35
64,13,10.621,45.118,537.9,232.96
64,13,7.1992,43.066,498.08,217.72
64,13,8.5447,43.53,518.37,226.13
64,13,6.0682,43.428,497.19,209.81
64,13,6.1049,41.041,442.49,188.51
64,13,8.394,41.138,439.36,182.82
64,13,7.1286,43.674,486.56,197.62
64,13,8.5063,41.966,470.87,200.37
64,13,8.7334,43.275,507.32,221.79
64,13,7.4065,43.171,486.73,204.92
64,13,7.4963,42.32,470.8,191.67
64,13,5.287,45.146,529.31,221.6
64,13,6.4857,42.204,437.94,173.2
64,13,7.5466,41.302,420.15,163.6
64,13,6.8756,44.004,512.47,216.41
64,13,6.8308,42.741,476.73,200.5
64,13,6.2535,43.206,491.08,206.96
64,13,6.1265,41.124,441.4,182.24
64,13,8.179,42.214,463.18,194.98
64,13,8.5278,43.613,491.7,203.94
64,13,7.5601,42.566,459.39,188.13
64,13,7.7028,45.052,519.71,212.13
64,13,10.793,44.085,510.83,207.64
64,13,6.1905,42.678,454.37,181.64
64,13,8.7485,44.504,490.61,192.84
64,13,8.4669,43.839,506.73,217.16
64,13,7.7114,42.779,467.62,193.2
64,13,15.469,42.518,459.97,186.95
64,13,12.492,41.885,438.33,178.82
64,13,7.6605,43.239,492.75,208.47
64,13,7.1632,42.166,473.03,205.24
64,13,7.1094,45.301,523.86,214.28
64,13,10.056,45.62,526.5,216.82
64,13,9.7007,43.25,506.41,222.29
64,13,7.5818,42.891,459.64,185.14
64,13,6.1155,42.68,499.35,220.87
64,13,8.1059,43.379,498.75,212.48
64,13,6.7956,44.896,535.16,228.03
64,13,6.3906,41.556,441.84,180.37
64,13,8.9434,42.345,485.53,208.94
64,13,8.3325,43.639,488.64,200.33
64,13,7.7921,44.623,529.19,222.66
64,13,7.9358,40.923,428.65,178.86
64,13,5.7922,41.286,446.04,183.84
64,13,7.3803,41.935,457.84,196.03
64,13,7.7524,45.89,538.64,224.53
64,13,6.7081,41.676,475.09,208.6
64,13,9.8991,43.524,479.85,196.33
64,13,7.5804,42.395,464.29,194.91
64,13,8.1792,42.368,460.4,193.57
64,13,6.6295,42.356,477.75,207.47
64,13,11.653,41.964,457.39,190.4
64,13,6.0108,41.389,469.84,207.65
64,13,7.533,42.226,464.6,194.87
64,13,6.9065,43.542,482.04,193.89
64,13,8.0856,41.958,464.23,198.92
64,13,7.4104,41.079,451.81,192.14
64,13,7.7922,43.425,486.59,198.81
64,13,6.0273,42.928,456.11,183.49
64,13,8.0308,41.736,462.1,197.16
64,13,6.9346,45.464,536.21,223.05
64,13,7.189,42.256,471.9,204.07
64,13,8.1933,42.229,466.5,194.63
64,13,6.4584,43.398,488.38,201.33
64,13,9.0888,46.205,548.37,226.33
64,13,9.0356,43.791,497.6,211.17
64,13,8.3156,45.772,546.04,227.58
64,13,6.3481,40.778,437.35,183.05
64,13,11.106,42.918,499.76,215.83
64,13,7.319,41.689,443.95,185.74
64,13,7.5799,43.848,525.64,229.48
64,13,7.8131,46.352,555.62,226.5
64,13,8.6599,43.019,479.17,200.39
64,13,7.0294,42.112,456.8,187.02
64,13,7.4129,43.227,475.55,196.13
64,13,5.8137,42.595,471.36,197.58
64,13,5.9748,43.891,512.55,220.73
64,13,6.8606,44.414,506.73,206.99
64,13,7.1779,43.815,515.41,214.48
64,13,9.5741,43.936,499.82,208.8
64,13,8.1848,44.113,508.75,214.77
64,13,8.1428,45.522,517.89,207.89
64,13,5.8739,41.548,467.86,200.07
64,13,8.2765,41.854,467.58,200.73
64,13,6.81,43.336,496.41,210.54
64,13,10.101,42.476,483.43,205.1
64,13,5.7903,43.56,476.26,193.86
64,13,8.4969,41.243,433.66,176.17
64,13,8.0979,40.818,434.5,180.55
64,13,9.2668,44.132,486.36,199.11
64,13,6.7775,43.604,494.18,205.33
64,13,7.2353,42.044,446.37,185.13
64,13,6.0338,39.557,415.64,177.61
64,13,5.5915,44.024,523.33,224.47
64,13,9.0273,45.347,527.06,215.69
64,13,11.189,41.35,441.16,183.16
64,13,10.551,42.198,473.77,203.06
64,13,7.0827,42.194,450.92,182.95
64,13,7.2485,44,521.49,224.9
64,13,7.7501,41.786,453.85,190.78
64,13,6.209,44.307,525.96,225.45
64,13,7.8541,42.171,459.72,188.57
64,13,6.437,43.123,481.73,200.99
64,13,7.2944,43.777,495.04,201.93
64,13,6.4182,42.318,456.71,185.51
64,13,7.4005,43.492,463.7,179.98
64,13,6.1339,41.451,447.75,181.28
64,13,7.8597,42.03,443.45,179.88
64,13,7.017,41.941,448.45,183.11
64,13,5.9862,43.18,472.15,193.02
64,13,6.3877,41.478,461.06,200.01
64,13,7.6333,42.834,492.94,214.73
64,13,6.8443,40.889,467.37,205.29
64,13,7.4329,41.058,431.51,181.3
64,13,5.69,42.815,473.19,193.76
64,13,8.4446,46.793,557.26,230.26
64,13,6.8142,40.905,419.46,169.77
64,13,6.6819,42.839,477.94,204.14
64,13,7.1705,44.524,498.64,201.77
64,13,8.1178,44.348,504.25,204.77
64,13,6.834,42.147,452.83,186.33
64,13,8.1209,41.531,461.49,200.22
64,13,6.2889,45.26,533.99,225.47
64,13,7.7473,41.5,458.98,194.65
64,13,11.216,43.329,505.98,219.42
64,13,7.6407,43.585,484.61,199.13
64,13,6.1942,43.161,468.06,181.57
64,13,7.6402,42.354,459.65,189.86
64,13,6.5583,40.502,436.18,180.23
64,13,8.158,43.415,489.25,206.21
64,13,6.728,44.478,507.36,206.99
64,13,7.1382,43.72,499.79,210.9
64,13,6.6443,44.536,521.27,220.95
64,13,6.4544,41.695,441.54,179.73
64,13,8.1968,42.916,497.64,214.18
64,13,8.099,42.639,457.21,185.01
64,13,8.6545,43.929,499.65,206.17
64,13,9.932,43.98,479.64,195.68
64,13,6.4179,41.732,436.18,175.55
64,13,7.5156,40.156,445.55,194.65
64,13,7.6727,40.533,456.59,204.25
64,13,9.4659,40.515,414.32,169.17
64,13,7.6303,44.298,509.87,214.92
64,13,6.0763,44.048,506.66,214.52
64,13,7.5171,42.951,488.94,210.98
64,13,9.5967,42.694,500.9,220.08
64,13,9.1054,43.306,485.04,199.81
64,13,6.7833,44.557,542.05,235.16
64,13,7.3391,44.923,543.33,238.27
64,13,8.294,43.448,505.68,218.78
64,13,9.8799,44.006,496.41,207.24
64,13,7.4623,44.546,512.2,213.35
64,13,6.3273,41.502,457.68,195.2
64,13,6.9807,41.846,463.9,196
64,13,7.608,43.823,486.92,198
64,13,6.5246,42.264,497.34,221.48
64,13,7.0448,44.24,528.54,227.41
64,13,9.7203,43.625,481.42,196.01
64,13,9.228,41.279,421.5,168.73
64,13,9.8345,42.402,487.81,211.23
64,13,7.3477,44.535,502.56,205
64,13,6.331,42.078,456.68,181.61
64,13,8.6404,41.805,459.44,194.45
64,13,7.6264,42.631,504.13,225.38
64,13,10.311,43.323,482.79,193.54
64,13,12.845,44.318,507.99,210.79
64,13,10.527,41.411,438.21,175.68
64,13,5.1093,44.213,526.16,225.84
64,13,8.1634,43.657,492.26,204.01
64,13,7.5621,42.142,469.25,198.24
64,13,8.789,43.169,498.87,212.62
64,13,7.3179,44.009,527.11,231.86
64,13,7.4951,43.513,489.35,197.66
64,13,7.6482,44.234,499.17,206.94
64,13,7.6472,41.978,465.21,195.59
64,13,6.4547,41.442,440.07,179.48
64,13,6.8354,42.681,485.85,206.83
64,13,6.7005,43.328,494.87,205.1
64,13,7.3231,42.549,468.78,198.31
64,13,6.7137,44.782,525.13,220.47
64,13,6.5758,46.518,585.03,255.64
64,13,7.8073,43.461,490.19,206.96
64,13,9.1817,42.759,456.94,185.28
64,13,8.0837,42.085,456.58,185.58
64,13,9.0615,41.861,474.66,207.61
64,13,6.8096,42.429,455.83,182.44
64,13,8.0032,45.128,523.14,214.61
64,13,6.408,43.008,476.49,200.06
64,13,8.4981,42.205,449.33,177.91
64,13,6.5944,40.836,442.49,188.32
64,13,9.5573,43.99,517.84,223.35
64,13,6.7442,41.997,474.49,202.38
64,13,7.1008,44.446,510.35,208.98
64,13,8.1082,44.873,515.83,210.11
64,13,7.385,42.275,449.27,179.21
64,13,7.2325,43.531,469.04,188.71
64,13,7.3001,39.333,413.48,179.07
64,13,9.7795,41.634,445.87,187.68
64,13,9.2118,41.428,482.68,215.59
64,13,8.172,41.542,449.05,190
64,13,6.8633,42.416,477.58,204.27
64,13,8.7405,41.302,436.62,172.19
64,13,9.0296,43.691,508.28,210.2
64,13,6.188,43.113,486.87,200.83
64,13,7.4748,43.897,499.34,209.91
64,13,7.8593,43.143,462.9,180.56
64,13,10.457,45.044,521.84,213.6
64,13,8.9313,44.378,515.56,213.54
64,13,7.785,44.042,522.79,226.71
64,13,6.8047,42.077,455.38,187.42
64,13,8.45,43.291,486.31,200.68
64,13,6.0317,42.292,458.49,186.71
64,13,10.565,43.2,503.05,216.59
64,13,7.6853,41.769,470.87,200.93
64,13,12.686,41.221,446.03,187.08
64,13,7.3758,43.744,490.62,197.55
64,13,8.1581,42.311,446.81,178.55
64,13,7.6195,44.322,522.71,225.23
64,13,6.6576,43.029,487.86,206.01
64,13,7.9645,43.125,463.47,183.44
64,13,6.8968,41.169,447.28,191.78
64,13,8.5166,44.829,522.83,220.88
64,13,9.0117,43.604,495.95,209.44
64,13,11.557,42.44,467.52,189.66
64,13,7.9477,41.042,445.08,187.22
64,13,5.8915,43.149,495.03,211.03
64,13,6.4416,42.643,484.89,206.79
64,13,8.4798,43.439,507.21,220.58
64,13,6.1455,40.456,445.96,192.94
64,13,7.7313,44.044,492.99,198.01
64,13,9.6448,42.784,457.13,185.2
64,13,7.1386,42.568,464.56,193.87
64,13,7.315,42.181,461.11,196.18
64,13,6.0067,43.968,521.14,219.18
64,13,7.6412,43.99,510.88,214.45
64,13,6.2545,42.627,489.88,216.17
64,13,7.4599,43.8,503.62,214.7
64,13,6.3423,41.272,432.12,171.73
64,13,7.2546,44.712,512.37,206.52
64,13,6.6877,44.513,535.05,230.91
64,13,6.4179,43.883,506.48,214.04
64,13,7.1707,44.859,528.37,221.42
64,13,7.1577,39.595,417.87,177.93
64,13,7.4071,46.022,544.25,219.8
64,13,6.0974,44.399,508.2,212.28
64,13,9.8662,45.102,533.8,225.57
64,13,7.3718,42.296,487.58,211.26
64,13,8.8734,41.801,470.41,203.13
64,13,7.7497,43.537,481.91,195.85
64,13,8.2066,43.99,518.61,220.44
64,13,6.8113,45.112,502.13,201.24
64,13,8.4553,41.438,446.33,181.92
64,13,7.307,42.677,472.07,192.46
64,13,6.8398,40.31,431.37,185.37
64,13,9.6563,43.063,465.13,184.53
64,13,8.7008,42.811,484.9,206.43
64,13,6.9889,44.582,523.03,218.11
64,13,6.0535,42.309,468.02,195.08
64,13,8.3082,45.288,550.98,239.68
64,13,7.4197,43.235,476.2,197.15
64,13,10.788,41.641,451.27,188.41
64,13,8.3274,42.864,481.43,203.74
64,13,6.0019,43.355,510.62,221.28
64,13,8.2973,44.985,520.09,210.12
64,13,6.4556,43.927,515.25,220.03
64,13,8.1585,43.082,461.01,179.55
64,13,6.4119,43.96,499.75,206.49
64,13,5.6766,42.309,480.79,204.42
64,13,11.335,43.626,500.63,212.58
64,13,8.3868,44.42,510.22,211.96
64,13,14.65,42.939,475.67,197.03
64,13,8.8598,42.242,470.24,197.53
64,13,7.7823,41.839,471.86,204.32
64,13,7.3975,44.804,529.73,226.87
64,13,7.3297,42.612,476.9,203.09
64,13,6.0298,42.496,461.57,186.95
64,13,9.0259,43.948,487.86,200.14
64,13,7.7444,43.947,519.2,227.31
64,13,7.0926,40.507,443.39,191.16
64,13,7.0621,43.978,508.01,211.86
64,13,8.5049,43.397,506.56,220.38
64,13,9.6707,45.029,504.09,204.57
64,13,8.4077,41.878,439.29,180.24
64,13,6.087,41.28,480.24,216.91
64,13,8.4223,45.003,528.09,218.83
64,13,9.0218,43.026,473.15,194.77
64,13,7.2973,42.978,478.14,196.66
64,13,6.7508,40.787,428.88,174.98
64,13,6.2218,40.533,435.29,182.37
64,13,8.2538,43.409,492.47,209.34
64,13,8.2346,43.075,488.51,207.31
64,13,8.133,44.437,538.62,233.85
64,13,8.9294,42.176,477.49,204.46
64,13,9.2346,43.056,487.74,205.12
64,13,8.3364,42.233,478.57,206.21
64,13,8.3113,44.42,501.54,210.29
64,13,7.8579,43.553,477.85,193.2
64,13,10.54,42.906,475.74,197.22
64,13,12.791,40.303,438.35,187.84
64,13,8.5212,44.356,513.1,212.14
64,13,5.5453,43.364,499.94,214.76
64,13,8.5964,43.023,477.84,193.76
64,13,8.8855,43.107,480.4,198.5
64,13,5.5715,44.747,531.95,228.65
64,13,7.3005,44.906,517.58,216.77
64,13,7.4146,40.09,408.03,169.47
64,13,11.736,43.318,488.08,202.82
64,13,9.2913,42.919,486.82,205.41
64,13,8.5664,40.089,408.09,163.42
64,13,9.7641,41.495,476.12,208.78
64,13,5.8877,41.97,472.79,205.36
64,13,7.8978,42.686,459.47,189.64
64,13,7.0448,43.825,497.67,203.63
64,13,8.973,42.488,497.03,216.82
64,13,6.2849,43.162,478.92,193.22
64,13,7.2622,42.468,472.59,198.31
64,13,8.6187,42.436,463.18,187.69
64,13,9.3948,45.632,510.46,198.22
64,13,6.4588,42.382,485.32,209.85
64,13,6.1433,43.498,489.6,203.9
64,13,6.6385,44.003,502.02,207.69
64,13,8.972,41.483,447.99,186.37
64,13,6.9771,43.383,468,186.3
64,13,5.7623,43.567,511.92,216.57
64,13,7.3242,45.032,531.54,224.42
64,13,7.1462,45.031,512.39,208.85
64,13,6.8913,42.411,470.29,196.95
64,13,8.4923,41.546,466.37,200.44
64,13,7.7867,42.908,468.25,193.11
64,13,7.6564,41.723,466.02,198.57
64,13,6.222,42.799,475.03,198.63
64,13,5.6725,43.522,500.32,210.34
64,13,11.509,43.762,498.77,210.39
64,13,7.4699,45.864,560.88,243.52
64,13,6.4712,41.698,481.26,210.35
64,13,6.7759,42.447,476.81,200.94
64,13,8.0528,44.832,525.26,222.01
64,13,6.0693,44.539,522.46,221.09
64,13,5.9656,43.191,485.65,201.68
64,13,5.8046,43.033,521.36,236.11
64,13,7.0643,41.011,428.61,172.56
64,13,6.7186,41.242,456.56,197.32
64,13,6.8387,44.848,514.22,215.84
64,13,6.4626,42.886,477.63,202.24
64,13,8.0391,40.955,455.19,198.31
64,13,8.9983,39.39,383.75,151.41
64,13,7.2151,41.978,454.2,187.12
64,13,6.758,42.512,465.9,191.15
64,13,9.1983,42.769,487.02,204.09
64,13,6.6954,43.084,492.67,207.58
64,13,9.6024,43.886,507.33,217.64
64,13,6.8935,45.104,549.95,242.4
64,13,9.7065,43.369,481.51,195.79
64,13,6.2887,44.113,501.71,208.53
64,13,7.0675,42.639,491.91,209.18
64,13,8.4121,41.531,442.25,178.65
64,13,7.9596,41.969,455.07,185.65
64,13,6.5169,44.184,502.28,211.84
64,13,6.5537,42.978,503.56,218.61
64,13,7.7027,43.403,514.35,222.69
64,13,7.7225,43.376,479.35,195.44
64,13,10.563,43.78,506.31,212.11
64,13,9.1127,45.389,549.4,232.56
64,13,6.0306,41.271,451.39,193.43
64,13,7.3975,40.662,445.08,188
64,13,9.7052,41.085,450.47,192.58
64,13,8.0057,40.32,443.95,192.64
64,13,8.4024,45.258,528.72,223.07
64,13,6.3417,44.136,500.62,208.54
64,13,7.5941,41.267,458.9,195.63
64,13,8.5227,42.664,487.32,207.8
64,13,9.784,43.304,481.05,195.94
64,13,7.3227,44.12,544.34,241.88
64,13,7.3065,42.723,456.88,177.25
64,13,7.2455,45.641,562.68,243.73
64,13,9.4542,42.948,495,208.56
64,13,7.8484,41.749,461.74,194.57
64,13,9.9535,44.172,529.25,231.4
64,13,7.4817,43.166,494.45,213.03
64,13,6.6405,42.149,479.17,203.43
64,13,5.7969,42.334,449.6,181.79
64,13,10.711,43.768,482.93,195.82
64,13,7.6277,47.584,576.09,230.62
64,13,8.4974,44.97,505.89,203.72
64,13,8.5481,43.481,499.8,212.42
64,13,7.2282,40.399,437.18,182.74
64,13,6.2701,43.339,493.53,203.71
64,13,5.9892,41.813,470.92,205.87
64,13,7.0848,45.49,565.99,247.79
64,13,6.5764,42.154,459.94,191.03
64,13,7.8549,42.577,479.15,207.02
64,13,6.2247,42.875,498.8,214.35
64,13,6.9989,42.387,485.51,210.95
64,13,9.5656,41.561,447.92,185.3
64,13,6.7982,42.485,453.69,188.72
64,13,9.1016,44.603,504.82,204.74
64,13,9.7482,43.502,504.78,217.29
64,13,8.9497,45.694,560.75,245.03
64,13,7.9245,43.286,517.9,228.7
64,13,10.109,45.23,520.16,211.36
64,13,9.0666,45.14,534.08,225.44
64,13,7.0302,42.776,468.14,194.76
64,13,9.2854,43.627,484.12,197.54
64,13,8.5923,42.092,447.62,181.56
64,13,10.4,43.531,462.74,177.95
64,13,6.5944,44.275,505.93,211.66
64,13,7.0318,42.72,480.67,203.79
64,13,6.7624,42.355,477.92,202.01
64,13,7.423,42.67,496.54,216.19
64,13,6.3341,44.637,497.76,199.57
64,13,7.9333,42.887,506.57,222.52
64,13,7.6201,43.201,474.35,190.33
64,13,7.0787,42.19,480.64,203.44
64,13,6.2676,43.392,506.56,219.94
64,13,10.604,45.257,514.77,208.05
64,13,7.7359,41.772,447.63,187.99
64,13,9.9034,45.444,534.06,220.26
64,13,5.9178,42.668,471.92,195.46
64,13,6.878,42.552,460.56,187.7
64,13,10.966,45.467,532.25,220.61
64,13,9.0285,43.218,462.61,186.21
64,13,7.0936,42.503,479.59,200.9
64,13,6.8191,42.129,464.67,196.81
64,13,7.1941,42.358,460.67,189.15
64,13,10.283,45.17,507.26,202.27
64,13,12.666,40.979,446.23,189.78
64,13,7.4864,42.132,458.04,188.94
64,13,8.8877,45.207,543.83,228.09
64,13,9.598,43.162,479.4,192.93
64,13,6.7881,41.769,477.78,206.95
64,13,7.4856,45.529,545.51,236.48
64,13,6.9165,42.794,449.53,179.39
64,13,8.9481,44.79,534.95,229.9
64,13,5.4046,44.305,510.84,213.13
64,13,6.807,42.71,473.43,193.45
64,13,9.4526,43.788,491.51,202.09
64,13,8.0408,41.189,464.64,203.44
64,13,6.0461,42.865,499.93,218.77
64,13,5.8502,43.048,499.87,217.57
64,13,7.1622,42.072,463.73,196.46
64,13,7.0064,42.62,473.76,196.35
64,13,6.1373,43.095,487.18,206.17
64,13,6.4513,41.136,448.53,190.06
64,13,7.5164,42.504,478.69,199.44
64,13,7.9374,42.707,488.2,204.56
64,13,7.4931,44.729,531.67,227.28
64,13,8.2847,41.154,438.58,182.81
64,13,10.792,44.866,542.68,235.22
64,13,6.7449,42.128,487.46,213.25
64,13,6.8877,43.633,519.07,223.71
64,13,7.3707,43.321,502.9,213.49
64,13,8.8547,42.374,461.05,189.96
64,13,6.5704,44.32,491.14,203.32
64,13,6.9604,43.197,485.79,199.41
64,13,7.3356,43.265,493.69,211.57
64,13,9.2312,43.152,485.89,204.89
64,13,7.6794,45.74,565.65,246.44
64,13,9.1756,40.956,430.39,179.12
64,13,7.4473,43.352,474.75,191.55
64,13,6.5108,43.573,498.87,204.37
64,13,6.5478,45.48,514.78,205.99
64,13,5.741,40.314,443.61,193.59
64,13,9.2159,43.113,467.57,191.6
64,13,7.3219,43.947,510.84,215.3
64,13,12.421,43.985,513.51,216.08
64,13,7.1288,43.358,495.82,209.82
64,13,6.9206,45.291,530.69,222.15
64,13,11.286,41.117,444.04,190.09
64,13,8.2103,44.245,498.38,204.46
64,13,6.586,42.51,461.35,194.03
64,13,8.4676,43.017,474.28,198.25
64,13,6.7415,42.866,468.73,195.87
64,13,7.2948,42.232,477.01,203.9
64,13,7.8428,43.617,506.84,217.61
64,13,9.7776,41.592,477.03,206.21
64,13,7.3104,44.196,522.82,227.03
64,13,5.1883,41.671,448.44,189.3
64,13,6.3641,42.334,462.2,191.65
64,13,7.7989,43.592,502.23,211.92
64,13,5.9711,42.245,470.11,198.52
64,13,7.7791,42.889,448.48,173.1
64,13,6.4167,43.657,509.11,209.75
64,13,6.1208,43.049,486.17,201.51
64,13,10.345,43.029,476.36,200.12
64,13,6.691,44.596,521.65,220.92
64,13,7.7256,44.452,500,201.6
64,13,5.8822,43.942,518.66,222.21
64,13,9.7121,42.271,460.91,191.46
64,13,6.1019,43.554,483.69,198.13
64,13,8.2611,44.461,519.98,219.74
64,13,6.6406,43.001,478.5,199.63
64,13,7.2775,43.907,493.31,203.07
64,13,4.9707,44.542,521.84,220.2
64,13,7.664,41.572,451.19,192.27
64,13,6.7607,44.567,510.32,213.2
64,13,8.7744,42.574,489.03,210.77
64,13,8.4503,45.032,523.39,220.06
64,13,7.8662,42.042,454.2,187.75
64,13,6.8099,42.376,452.05,178.03
64,13,8.4441,41.651,452.1,189.91
64,13,7.5324,41.841,478.53,208.46
64,13,7.7318,42.324,482.2,209.02
64,13,10.492,44.713,548.89,242.3
64,13,7.4713,43.348,492.36,202.9
64,13,8.7906,40.637,431.07,179.07
64,13,11.482,42.8,465.37,191.64
64,13,8.189,42.793,468.32,190.47
64,13,7.6029,45.3,533.47,226.09
64,13,6.9711,42.677,484.03,204.86
64,13,6.8818,42.481,489.13,208.95
64,13,10.885,41.522,461.07,197.31
64,13,9.5357,42.324,486.49,213.83
64,13,6.8303,41.208,450.57,192.63
64,13,6.8766,44.258,532.42,234.31
64,13,8.0009,43.553,496.02,207.74
64,13,7.1329,42.395,483.62,205.68
64,13,6.0235,43.883,499.33,205.23
64,13,5.4334,44.352,500.42,203.61
64,13,9.6223,41.74,462.69,194.22
64,13,9.1332,44.154,501.79,209.96
64,13,9.1045,43.378,490.08,202.65
64,13,7.7786,43.136,497.99,215.49
64,13,8.1599,42.253,461.35,194.87
64,13,6.2882,40.308,436.39,184.18
64,13,10.127,41.304,446.88,188.78
64,13,8.8078,42.528,459.09,189.73
64,13,5.9135,39.805,414.89,173.48
64,13,7.7378,41.236,449.36,188.98
64,13,6.0364,43.487,485.99,194.7
64,13,6.8031,43.628,491.2,202.29
64,13,6.6144,40.811,433.84,181.99
64,13,8.9077,42.588,480.16,203.78
64,13,7.6715,42.439,459.46,186.84
64,13,8.9214,43.015,485.37,202.97
64,13,6.7155,41.723,464.59,201.21
64,13,8.8174,43.261,499.4,215.08
64,13,7.1208,40.952,444.57,192.59
64,13,6.9246,42.218,466.62,190.69
64,13,7.7962,43.376,486.9,208.41
64,13,9.9608,42.678,483.07,202.33
64,13,6.704,43.149,477.81,196.1
64,13,8.0865,42.141,483.95,212.82
64,13,6.8777,41.355,455.25,193.87
64,13,10.209,40.416,427.91,178.83
64,13,5.895,43.885,492.26,202.46
64,13,6.5577,39.755,429.55,188.25
64,13,9.321,41.669,472.81,202.4
64,13,8.6081,45.379,524.57,212.85
64,13,7.6508,45.657,556.24,239.21
64,13,8.6056,42.752,481.33,199.94
64,13,9.576,42.095,461.68,195.33
64,13,8.1538,43.725,490.92,198.61
64,13,5.894,43.188,507.04,219.09
64,13,9.8865,41.475,461.63,201
64,13,8.3704,42.268,478.73,202.51
64,13,6.3674,43.116,492.8,210.88
64,13,10.197,43.306,491.64,210.09
64,13,6.8275,42.108,464.95,197.67
64,13,6.5894,44.16,533.13,230.54
64,13,6.5746,40.842,441.47,183.97
64,13,8.1509,45.491,540.53,228
64,13,7.022,40.429,416.42,171
64,13,8.7193,41.159,428.38,165.98
64,13,10.879,44.829,542.63,234.17
64,13,8.5969,42.831,481.01,201.99
64,13,8.362,44.67,523.11,216.02
64,13,6.986,42.512,476.86,203.41
64,13,8.7574,43.51,497.74,211.81
64,13,7.2135,42.241,461.96,194.08
64,13,8.1,43.485,501.76,215.44
64,13,6.8337,42.11,477.59,204.45
64,13,7.2004,41.828,479.35,209.84
64,13,8.0877,41.256,452.75,193.24
64,13,8.5968,43.29,486.48,206.3
64,13,8.555,41.775,429.36,168.4
64,13,6.9011,42.225,464.33,192.91
64,13,9.1728,42.296,450.46,183.31
64,13,7.9301,40.752,431.39,176.82
64,13,10.094,45.511,544.29,232.5
64,13,6.6485,41.386,455.29,194.01
64,13,6.1286,42.397,466.9,195.23
64,13,8.7114,44.17,478.71,177.08
64,13,8.2542,41.886,453.16,187.36
64,13,6.3856,41.19,445.82,186.38
64,13,6.3286,44.781,506.83,208.37
64,13,6.995,42.706,473.11,195.32
64,13,9.2623,42.027,457.66,192.3
64,13,7.8582,41.785,455.92,193.02
64,13,7.4113,43.78,499.38,206.62
64,13,6.8072,47.543,576.5,234.69
64,13,7.5501,41.569,469.46,206.17
64,13,11.504,41.49,422.44,166.26
64,13,7.906,42.144,451.49,185.04
64,13,7.5467,45.255,515.1,208.47
64,13,7.0624,43.75,519.53,227.46
64,13,7.1939,45.411,540.19,225.33
64,13,9.5195,42.675,485.18,206.81
64,13,6.7746,41.387,436.58,178.16
64,13,6.3174,43.072,486.84,204.1
64,13,6.9322,44.27,498.01,205.22
64,13,6.0389,42.424,485.23,210.13
64,13,7.8954,44.214,502.32,207.39
64,13,8.2219,43.69,482.21,193.34
64,13,7.1388,44.346,515.14,217.93
64,13,7.3447,42.889,497.81,218.48
64,13,6.2924,40.904,426.71,175.46
64,13,7.1731,43.105,476.99,204.14
64,13,6.5815,44.959,511.82,207.5
64,13,6.4273,41.782,472.94,206.62
64,13,12.896,43.83,493.72,202.62
64,13,7.4637,42.381,449.32,182.18
64,13,5.3562,43.878,514.7,219.52
64,13,7.6961,44.655,508.5,208.06
64,13,17.304,42.856,478,203.13
64,13,6.5549,43.712,502.24,208.14
64,13,7.9818,44.18,527.94,221.95
64,13,7.8162,44.384,506.03,210.07
64,13,6.3968,45.23,538.28,226.78
64,13,5.2791,42.081,459.27,192.44
64,13,6.7021,43.789,513.24,219.12
64,13,8.0422,43.536,505.5,215.98
64,13,7.8506,44.597,527.61,227.06
64,13,8.5434,42.686,472.22,198.93
64,13,8.8993,45.536,556.21,243.6
64,13,5.9793,44.159,504.12,209.44
64,13,5.8589,44.789,513.72,209.52
64,13,8.494,44.749,516.1,216.6
64,13,6.8299,43.975,511.24,220.34
64,13,6.8524,42.907,502.45,219.33
64,13,10.406,43.555,482.77,192.59
64,13,6.968,44.017,497.77,207.1
64,13,7.4813,43.268,482.87,202.99
64,13,6.0041,42.757,489.62,208.51
64,13,8.0852,42.512,446.58,177.04
64,13,8.7789,42.558,472.23,200.59
64,13,6.1684,45.026,540.11,227.54
64,13,6.0614,46.286,560.73,231.38
64,13,6.1577,43.214,495.86,214.49
64,13,6.3045,43.194,469.7,189.78
64,13,7.4176,45.011,524.37,213.06
64,13,7.3557,41.471,434.74,178.81
64,13,11.188,42.845,467.17,190.28
64,13,11.771,42.527,485.16,209.86
64,13,7.1669,44.891,519.76,213.94
64,13,8.8141,44.188,501.95,210.43
64,13,7.0613,42.734,472.67,196.29
64,13,8.5001,44.721,509.96,210.13
64,13,7.0943,44.005,502.97,207.5
64,13,6.702,44.306,518.74,223.26
64,13,7.7811,41.962,453.64,185.03
64,13,5.5037,41.073,454.91,195.4
64,13,6.8475,44.127,482.19,195.81
64,13,7.3848,43.293,493.12,208.85
64,13,7.0741,43.795,523.01,222.24
64,13,7.4098,45.042,519.08,217.6
64,13,5.6656,42.353,481.56,206.32
64,13,6.2022,42.893,487.87,205.63
64,13,7.7345,42.179,479.7,208.88
64,13,8.1013,41.822,461.92,198.15
64,13,6.755,42.939,469.22,193.09
64,13,10.525,43.705,511.21,218.21
64,13,8.1271,41.349,458.6,196.77
64,13,7.1016,43.157,501.82,215.73
64,13,6.4847,43.477,485.2,199.38
64,13,8.2187,42.144,457.31,190.61
64,13,7.0186,42.235,466.35,193.97
64,13,8.2055,42.665,486.55,209.49
64,13,6.556,41.59,433.51,171.03
64,13,6.9238,41.783,466.78,198.57
64,13,6.5404,44.239,501.44,208.3
64,13,5.4862,43.745,505.74,213.85
64,13,8.9664,42.246,461.84,187.99
64,13,8.0674,41.336,459.76,199.08
64,13,7.443,42.717,475.61,201.14
64,13,10.875,44.408,545.24,240.72
64,13,8.036,45.81,547.61,231.6
64,13,7.7471,41.549,458.34,195.11
64,13,6.6811,43.386,487.54,205.2
64,13,8.0858,42.506,472.75,198.94
64,13,7.0384,41.78,453.32,191.05
64,13,8.8557,43.5,494.73,208.33
64,13,6.8184,43.026,463.78,184.79
64,13,8.5574,46.127,542.33,221.88
64,13,6.7633,42.995,479.66,199.98
64,13,10.106,44.377,517.95,219.54
64,13,6.5177,43.345,497.71,214.53
64,13,7.6644,44.188,492.96,200.44
64,13,8.1267,43.591,513.06,219.98
64,13,7.1877,41.858,447.28,183.19
64,13,9.7571,43.768,487.67,199.11
64,13,7.0469,42.93,481.38,202.04
64,13,6.1434,41.84,445.76,185.42
64,13,9.2442,42.851,462.97,196.65
64,13,6.4384,42.95,499.54,218.39
64,13,9.29,43.015,490.36,207.88
64,13,10.571,41.463,447.56,187.88
64,13,9.6838,42.142,463.75,190.12
64,13,6.84,43.564,504.99,212.72
64,13,6.2901,43.303,498.99,211.44
64,13,8.8334,43.65,484.21,193.51
64,13,6.8465,41.59,443.91,183.69
64,13,9.1301,42.022,450.25,182.18
64,13,8.4837,40.726,418.12,164.16
64,13,10.016,43.252,481.1,199.83
64,13,7.0072,44.273,489.91,197.43
64,13,8.8518,45.78,542.33,224.66
64,13,8.0434,41.374,440.05,181.57
64,13,5.9307,43.689,490.82,203.18
64,13,6.0708,43.067,490.4,209.2
64,13,10.035,42.331,482.99,205.2
64,13,7.3229,41.651,463.98,199.93
64,13,9.8167,40.922,434.41,181.3
64,13,7.3138,43.949,515.66,221.53
64,13,8.3622,41.82,445.43,178.23
64,13,8.5906,43.366,522.62,233.59
64,13,6.8972,42.832,491.23,210.4
64,13,8.5882,43.52,506.98,215.56
64,13,9.7237,44.752,521.69,213.06
64,13,6.274,42.21,473.64,203.35
64,13,6.6133,42.424,479.37,206.19
64,13,6.8711,43.624,496.24,209.83
64,13,5.7945,43.609,484.03,195.98
64,13,6.8757,44.31,502.15,201.77
64,13,8.1181,43.9,511.77,218.57
64,13,6.9927,43.014,485.62,204.81
64,13,7.3374,42.474,472.8,198.91
64,13,7.6499,43.267,492.11,206.76
64,13,7.0336,42.566,468.77,195.84
64,13,6.9988,42.21,463.87,196.22
64,13,9.7475,45.599,532.34,221.84
64,13,5.9297,42.939,502.01,222
64,13,7.7948,42.69,483.98,201.67
64,13,7.5456,42.048,472.78,201.31
64,13,7.292,44.404,525.12,219.67
64,13,11.166,43.613,493.01,206.44
64,13,6.4147,42.962,482.84,203.72
64,13,7.3049,45.011,535.5,227.72
64,13,5.2138,46.15,539.64,219.34
64,13,6.3198,42.183,474.03,202.07
64,13,8.9209,42.417,457.45,188.27
64,13,7.8287,40.958,410.65,160.13
64,13,7.645,41.287,427.35,172.25
64,13,6.0213,44.904,518.67,212.01
64,13,6.0193,41.863,466.38,198
64,13,6.5173,42.582,475.42,200.57
64,13,6.132,43.489,485.65,198.09
64,13,6.1395,43.991,533.06,231.02
64,13,7.9923,41.52,456.08,193.4
64,13,9.0372,40.985,442.24,186.98
64,13,6.7733,43.517,524.79,232.37
64,13,9.2963,41.051,433.71,179.57
64,13,7.1484,40.653,439.05,188.59
64,13,6.3302,44.362,524.29,225.34
64,13,6.3224,43.888,522.6,227.46
64,13,7.3307,41.913,459.13,191.38
64,13,6.4587,42.022,474.75,202.86
64,13,8.0438,41.302,457.92,197.19
64,13,5.9857,41.703,471.92,203.25
64,13,6.5297,41.132,425.75,173.37
64,13,6.3209,42.909,471.41,195.19
64,13,9.4407,41.439,450.17,190.38
64,13,8.4295,44.159,462.5,183.29
64,13,8.0268,45.066,528,223.31
64,13,6.5719,44.594,507.98,206.71
64,13,6.3073,43.505,471.85,189.02
64,13,9.4025,43.362,473.05,194.68
64,13,7.0499,44.701,521.2,219.86
64,13,5.8265,43.443,497.37,211.14
64,13,8.3341,43.116,482.14,200.5
64,13,6.7885,45.303,537.32,225.03
64,13,7.0919,42.673,486.38,207.41
64,13,7.8058,43.019,473.14,195.64
64,13,9.0118,42.47,470.67,197.98
64,13,9.126,42.777,480.71,203.79
64,13,8.6941,45.535,557.49,242.75
64,13,6.6334,43.152,484.45,203.65
64,13,6.7451,42.319,469.42,194.83
64,13,5.731,42.05,443.78,178.49
64,13,9.1562,43.796,509.73,218.37
64,13,6.9407,42.557,480.25,200.22
64,13,8.1827,41.195,437.97,182.29
64,13,9.195,41.274,446.58,189.22
64,13,6.3648,41.883,463.41,197.39
64,13,7.3744,42.702,463.51,187.75
64,13,8.9336,41.933,467.43,195.25
64,13,8.226,43.919,499.12,206.66
64,13,7.1524,41.592,453.95,193.82
64,13,8.8803,42.743,478.29,200.55
64,13,5.0122,44.295,524.57,227.58
64,13,7.0288,47.859,605.89,262.56
64,13,7.1943,40.98,427.31,175.29
64,13,7.4358,43.705,494.77,206.88
64,13,7.2944,42.119,455.29,181.15
64,13,8.1212,43.124,473.8,189.93
64,13,7.0683,43.335,512.1,218.76
64,13,7.8996,41.327,445.94,184.79
64,13,10.987,42.246,457.3,186.06
64,13,9.4461,46.085,549.93,228.04
64,13,7.1024,44.269,519.69,225.27
64,13,9.6691,44.758,499.61,198.2
64,13,6.2742,44.404,504.22,206.26
64,13,7.1567,42.271,479.74,207.72
64,13,6.9467,43.333,489.35,202.78
64,13,7.0322,42.462,493.09,216.9
64,13,9.392,43.663,487.78,201.92
64,13,11.1,44.508,541.29,235.68
64,13,6.933,41.762,478.47,211.43
64,13,5.8667,41.971,462.02,192.76
64,13,9.4174,44.181,511.76,213.7
64,13,7.0497,44.318,526.9,225.8
64,13,5.3226,42.376,476.05,200.35
64,13,7.3773,44.331,525.56,225.45
64,13,13.594,41.321,438.12,177.52
64,13,6.8368,43.905,486.44,195.22
64,13,7.4862,44.856,536.15,230.15
64,13,6.4291,43.391,497.95,213.98
64,13,8.2173,41.309,446.28,187.52
64,13,7.3579,42.009,453.45,183.73
64,13,7.3241,40.757,419.73,174.55
64,13,5.7751,42.433,462.48,189.94
64,13,9.4597,40.733,438.59,187.89
64,13,7.8783,42.249,470.47,198.12
64,13,8.0852,43.809,491.38,200.77
64,13,6.142,43.135,486.32,204.02
64,13,8.8056,41.967,471.4,200.72
64,13,8.1601,45.867,542.03,226.05
64,13,6.4791,43.498,518.75,224.33
64,13,10.509,43.616,474.29,190.28
64,13,8.5071,45.287,558.17,244.87
64,13,5.5027,42.581,495.78,215.72
64,13,8.2662,41.087,461.25,201.94
64,13,6.177,42.253,432.93,166.29
64,13,7.9034,44.109,476.44,188.52
64,13,7.0148,39.855,417.52,176.11
64,13,8.5154,40.193,421.79,175.97
64,13,8.7228,43.391,490.11,205.17
64,13,9.1794,41.851,442.82,175.31
64,13,8.8211,42.377,431.69,164.27
64,13,9.6714,43.426,477.36,195.46
64,13,8.4693,43.483,509.93,218.66
64,13,8.7153,44.923,523.36,218.71
64,13,7.5678,41.84,454.34,191.19
64,13,13.986,43.594,485.35,199.34
64,13,9.7709,41.706,480.75,212.1
64,13,7.5888,44.675,522.13,216.25
64,13,6.787,40.068,417.64,172.77
64,13,5.0741,43.023,481.23,202.36
64,13,7.0979,44.361,510.29,213.77
64,13,6.331,41.456,465.75,200.01
64,13,8.0102,43.609,488.08,202.86
64,13,7.0491,44.207,507.61,211.1
64,13,9.0012,42.661,466.66,190.52
64,13,7.8396,44.309,521.31,223.16
64,13,7.9103,43.164,511.43,226.13
64,13,9.5095,42.949,471.33,193.74
64,13,8.6368,44.249,514.51,218.52
64,13,13.728,41.358,470.02,208.04
64,13,8.1629,44.016,514.71,216.48
64,13,7.7535,43.375,498.67,212.04
64,13,6.8683,41.389,435.61,179.29
64,13,11.216,42.349,477.74,205.46
64,13,8.0712,41.211,457.36,197.13
64,13,8.6135,42.691,481.83,205.67
64,13,8.2126,44.563,535,229.36
64,13,7.0154,41.184,419.41,160.2
64,13,6.26,39.567,397.04,160.93
64,13,9.1488,40.666,406.71,158.03
64,13,5.3776,43.759,498.3,204.65
64,13,12.297,42.507,454.08,179.8
64,13,5.9192,41.718,454.11,192.8
64,13,11.276,44.594,535.86,232.03
64,13,8.0809,40.932,453.05,193.85
64,13,8.0983,41.474,435.86,168.37
64,13,7.9578,46.287,554.99,228.42
64,13,7.2633,41.444,459.63,193.35
64,13,8.4905,43.703,509.6,221.56
64,13,7.2391,45.422,532.3,217.92
64,13,7.3747,44.132,521.48,218.05
64,13,6.9361,44.13,510.12,215.71
64,13,7.4492,45.219,550.26,235.84
64,13,7.3791,45.258,521.62,213.15
64,13,6.5915,42.21,456.8,190.93
64,13,6.2122,40.654,457.33,202.85
64,13,7.2528,45.134,544.42,229.64
64,13,7.7441,42.327,469.99,198.84
64,13,5.5705,42.437,468.51,198.02
64,13,7.2522,42.265,467.2,198.45
64,13,7.5415,41.864,460.6,194.64
64,13,7.1264,43.577,474.43,180.3
64,13,7.9992,42.285,495.23,217.28
64,13,9.9204,42.522,460.17,185.47
64,13,6.9905,42.119,488.97,215.77
64,13,6.9354,42.98,482.6,203.51
64,13,6.9801,42.251,480.61,207.08
64,13,8.196,43.996,513.37,218.86
64,13,6.8416,44.472,528.29,228.33
64,13,6.9138,42.017,478.81,210.21
64,13,6.9289,42.373,439.46,168.32
64,13,8.2671,42.557,482.85,207.99
64,13,6.0058,42.416,480.07,206.11
64,13,7.7646,45.869,548.42,226.63
64,13,6.4378,44.419,514.49,212.7
64,13,7.8847,43.564,502.57,211.83
64,13,7.5916,42.866,485.32,204.75
64,13,5.922,44.199,534.02,232.95
64,13,6.2588,42.292,456.79,185.48
64,13,8.1336,42.36,469.59,199.62
64,13,6.2953,43.312,526.3,231.87
64,13,6.031,43.414,501.25,211.4
64,13,6.484,40.937,428.91,173.05
64,13,11.259,44.71,540.49,233.08
64,13,6.6538,43.95,524.16,224.79
64,13,7.9304,43.473,497.79,208.27
64,13,8.2074,43.343,507.71,220.34
64,13,5.6296,45.964,557.21,237.79
64,13,9.3192,40.376,425.54,179.26
64,13,6.5614,45.001,559.49,251.31
64,13,6.2577,44.386,502.97,204.27
64,13,6.3962,43.641,517.09,224.79
64,13,5.9071,41.671,467.39,204.75
64,13,8.5292,41.625,455.21,193.15
64,13,8.1465,43.141,501.23,216.25
64,13,6.7414,47.622,614.38,265.19
64,13,7.2694,43.958,502.09,209.32
64,13,7.8621,42.974,476.08,200.89
64,13,7.7843,45.595,555.9,240.83
64,13,7.3447,42.962,490.35,213.53
64,13,8.6095,41.504,439.09,180.12
64,13,8.6301,42.954,505.4,221.43
64,13,6.4445,42.624,499.91,221.74
64,13,6.9674,42.947,483.7,200.31
64,13,9.9033,41.252,443.76,176.22
64,13,6.7095,44.047,504.11,208.48
64,13,7.5387,42.618,462.38,190.14
64,13,8.875,41.861,474.9,205.53
64,13,9.9927,44.165,504.46,213.95
64,13,8.8412,43.022,491.06,208.28
64,13,6.6497,45.133,531.73,222.74
64,13,10.985,42.423,481.5,212.83
64,13,6.6371,42.064,461.83,192.84
64,13,6.5551,41.897,455.77,185.08
64,13,6.1196,43.936,517.07,218.89
64,13,8.7573,42.193,477.27,200.17
64,13,6.9204,44.029,500.57,208.26
64,13,8.644,45.523,550.42,234.59
64,13,12.327,45.491,542.56,227.85
64,13,9.5876,43.657,449.25,167.51
64,13,8.1416,45.056,521.58,215.12
64,13,7.5337,43.383,491.11,208.07
64,13,6.39,43.847,486.62,193.69
64,13,6.921,43.055,468.52,186.25
64,13,6.6532,43.118,481.6,198.96
64,13,8.052,44.856,523.58,218.26
64,13,6.8939,41.87,454.3,190.17
64,13,8.288,45.236,527.12,217.12
64,13,6.9396,42.421,492.7,215.72
64,13,6.2134,41.048,442.13,183.29
64,13,6.2787,43.286,482.19,195.81
64,13,6.6991,42.944,492.52,210.3
64,13,8.3812,41.863,451.38,185.16
64,13,8.5525,43.469,500.76,212.63
64,13,6.7132,41.782,446.28,182.15
64,13,15.991,46.304,556.25,232.97
64,13,7.6532,44.01,491.75,204.16
64,13,7.2722,42.258,460.39,189.97
64,13,11.152,45.955,550.11,233.36
64,14,5.9943,45.749,582.94,258.01
64,14,7.4845,43.932,516.86,222.4
64,14,6.693,42.089,500.07,226.19
64,14,6.2941,45.647,526.68,204.47
64,14,7.5673,42.25,491.02,217.58
64,14,6.3037,43.835,498.4,205.97
64,14,9.5809,43.513,497.63,205.35
64,14,8.3405,43,505.78,220.15
64,14,5.8544,42.837,484.36,200.67
64,14,7.7798,43.703,513.54,218.96
64,14,9.2216,43.941,515.63,224.78
64,14,9.1733,46.188,545.67,227.76
64,14,7.4743,41.771,480.8,213.25
64,14,9.1789,42.242,472.55,200.74
64,14,10.114,41.34,457.09,193.73
64,14,9.3285,44.243,517.26,218.46
64,14,7.9311,41.675,462.42,197.06
64,14,8.4952,43.912,507.19,211.66
64,14,7.6667,44.339,514.09,213.3
64,14,8.3675,44.907,545.77,235.19
64,14,6.9798,46.346,554.75,236.69
64,14,6.9981,43.795,512.6,218.8
64,14,10.085,44.177,517.07,221.55
64,14,7.0995,43.268,490.31,205.54
64,14,6.7409,44.01,519.25,223.38
64,14,7.7771,43.445,500.59,211.42
64,14,7.275,43.391,502.9,216.21
64,14,7.5132,40.476,430.58,180.85
64,14,6.8115,42.047,450.78,181.45
64,14,11.096,46.982,575.38,239.09
64,14,7.5877,44.441,537.14,233.77
64,14,10.709,46.722,577.33,244.11
64,14,8.9936,42.612,463.33,187.84
64,14,6.6184,45.42,559.14,242.14
64,14,8.8265,44.209,530.34,233.93
64,14,8.5636,45.48,520.66,212.49
64,14,10.149,43.085,488.61,206.96
64,14,7.9443,43.819,488.3,200.94
64,14,6.8945,41.516,442.21,178.65
64,14,5.8874,43.965,498.21,209.23
64,14,8.737,43.921,520.09,223.56
64,14,8.9865,44.791,537.55,235.52
64,14,6.7259,44.371,482.29,187.09
64,14,8.9594,43.806,519.67,225.98
64,14,8.4453,44.229,506.04,206.61
64,14,6.5208,44.798,524.53,222.45
64,14,7.5179,43.277,487.59,201.51
64,14,10.592,45.921,568.27,247.5
64,14,7.4527,45.498,541.53,230.1
64,14,10.005,41.264,438.25,177.6
64,14,6.367,45.368,570.42,248.1
64,14,7.0338,40.716,447.22,191.74
64,14,9.0579,45.757,541.85,226.61
64,14,7.2552,42.866,482.4,202.95
64,14,8.459,42.433,485.09,206.95
64,14,6.7348,46.035,545.26,226.09
64,14,10.023,43.532,514.07,223.39
64,14,7.7222,42.573,475.18,201.13
64,14,6.4825,42.322,475.57,198.19
64,14,7.5171,43.695,507.37,214.43
64,14,7.2697,43.769,507.84,214.24
64,14,7.2954,42.288,476.62,203.78
64,14,8.7456,45.12,554.21,238.41
64,14,8.0415,42.414,480.86,205.89
64,14,6.625,41.619,465.07,202.2
64,14,7.5419,43.833,495.03,201.93
64,14,7.2449,46.34,588.7,259.76
64,14,7.4728,43.971,533.85,232.88
64,14,7.156,42.679,467.36,187.61
64,14,8.2645,46.902,578.61,240.87
64,14,6.9048,44.847,512.81,207.19
64,14,6.9674,44.314,516.49,217.23
64,14,7.8232,44.308,516.53,216.29
64,14,6.4944,42.214,476.34,202.53
64,14,8.3433,42.581,480.03,203.45
64,14,7.7206,41.846,460.61,190.35
64,14,8.1358,41.491,439.81,180.18
64,14,9.011,44.632,523.42,220.8
64,14,6.466,43.172,475.68,195.42
64,14,7.1205,42.89,484.48,206.18
64,14,6.4273,44.674,534.29,230.49
64,14,7.4709,43.596,510.47,220.95
64,14,5.9208,44.054,527.06,225.69
64,14,8.211,44.103,523.2,227.18
64,14,9.1373,42.54,489.13,214.27
64,14,7.6074,45.002,542.08,233.26
64,14,9.2084,43.363,499.48,211.36
64,14,9.1824,41.915,470.08,204.31
64,14,8.8299,45.713,563.27,241.63
64,14,8.508,45.12,531.67,224.23
64,14,6.2413,42.848,480.83,203.48
64,14,8.281,44.695,514.91,212.05
64,14,7.8065,44.165,504.61,212.29
64,14,11.52,43.511,494.62,208.37
64,14,6.33,44.144,493.77,196.9
64,14,8.8179,45.012,538.37,226.16
64,14,8.0431,43.129,487.83,206.18
64,14,7.2105,41.385,437.75,178.08
64,14,6.6084,46.164,548.83,230.16
64,14,8.1702,42.026,438.57,173.86
64,14,8.2005,44.611,526.28,223.07
64,14,9.3806,44.632,525.77,223.45
64,14,8.1377,44.306,527.26,224.73
64,14,7.9276,42.628,466.73,183.17
64,14,5.8561,42.283,466,192.56
64,14,6.7763,45.622,560.39,241.84
64,14,10.043,42.448,476.5,202.41
64,14,7.5304,44.601,529.68,228.38
64,14,6.871,44.472,517.5,215.33
64,14,9.0858,41.676,438.79,175.5
64,14,8.4946,44.004,530.51,234.96
64,14,7.7504,43.656,505.34,218.88
64,14,7.4762,45.798,536.03,222.12
64,14,7.8553,43.322,502.45,214.45
64,14,8.1467,43.783,509.55,207.91
64,14,8.0761,41.68,460.35,202.43
64,14,6.5751,44.635,524.75,225.75
64,14,8.4286,44.02,528.6,235.35
64,14,9.9786,42.528,473.43,199.48
64,14,7.635,42.607,482.49,201.36
64,14,6.7084,40.943,445.15,187.05
64,14,8.1808,43.81,526.12,230.67
64,14,7.7874,43.491,489.92,203.43
64,14,6.8357,45.72,582.22,259.56
64,14,7.2919,45.04,551.49,238.97
64,14,8.8791,44.309,530.11,232.72
64,14,7.8433,42.878,504.12,218.71
64,14,11.189,42.004,480.05,204.42
64,14,8.5732,41.18,442.3,186.01
64,14,8.468,44.091,532.81,229.07
64,14,7.9241,42.327,475.83,202.14
64,14,7.0807,44.012,509.33,211.44
64,14,6.1481,44.202,492.04,194.71
64,14,9.848,43.652,506.78,208.63
64,14,11.577,43.858,530.89,228.73
64,14,7.1225,44.266,527.86,227.3
64,14,7.506,42.282,468.93,196.14
64,14,8.9602,42.39,478.09,206.51
64,14,7.185,43.107,493.49,206
64,14,10.253,44.542,518.7,218.27
64,14,7.135,45.205,578.18,256.23
64,14,7.9426,43.497,501.44,213.89
64,14,8.7592,43.63,490.19,205.11
64,14,7.4612,43.667,493.62,209.66
64,14,9.3166,41.431,447.32,188.34
64,14,6.7347,43.241,521.43,228.1
64,14,9.3135,42.221,471.68,199.66
64,14,7.0711,42.186,471.91,199.95
64,14,11.847,45.696,533.95,218.95
64,14,6.2264,44.855,559.85,246.17
64,14,9.4019,41.71,461.31,193.44
64,14,9.1138,41.944,458.17,190.87
64,14,8.1203,43.26,504.08,214.65
64,14,7.977,43.257,506.68,213.03
64,14,8.0114,42.795,476.02,199.98
64,14,6.5316,42.734,468.19,192.09
64,14,8.3562,42.727,496.66,214.59
64,14,6.6269,43.354,465.28,180.24
64,14,8.7611,42.369,461.49,189.08
64,14,6.9865,42.3,447.31,173.41
64,14,7.32,43.164,473.12,190.5
64,14,6.3572,44.912,527.54,223.73
64,14,6.9256,45.165,535.41,224.23
64,14,5.8529,41.956,446.58,183.83
64,14,8.0512,43.29,497.56,212.8
64,14,6.7479,41.958,465.8,200.85
64,14,11.285,43.54,497.69,212.9
64,14,8.956,42.067,487.35,216.67
64,14,8.0983,42.655,463.43,189.4
64,14,8.8569,44.338,528.29,226.5
64,14,6.2296,42.267,482.44,208.73
64,14,6.0758,45.912,548.41,227.96
64,14,8.2353,43.467,504.76,212.96
64,14,6.9043,46.113,559.38,236.87
64,14,6.3054,43.567,485.67,201.18
64,14,10.187,43.754,493.84,203.22
64,14,12.49,42.405,460.18,188.69
64,14,8.8733,43.512,503.63,214.28
64,14,7.9094,43.757,510.96,217.38
64,14,8.6141,43.632,497.38,210.96
64,14,6.1703,46.818,578.12,238.69
64,14,7.7496,45.435,563.85,240.76
64,14,6.4489,46.559,598.05,262.16
64,14,12.935,43.107,499.19,214.39
64,14,11.499,41.146,442.34,184.09
64,14,7.2527,42.958,488.6,209.9
64,14,6.8652,42.744,476.94,195.07
64,14,8.7766,42.743,487.36,206.28
64,14,13.817,42.555,454.75,181.98
64,14,6.9338,44.244,508.59,213.09
64,14,8.2136,44.785,546.77,237.98
64,14,10.67,41.89,472.42,203.52
64,14,8.9686,42.176,448.83,181.86
64,14,6.9294,43.986,516.09,220.5
64,14,6.3663,44.386,532.2,228.52
64,14,8.0861,44.235,529.22,234.27
64,14,8.0079,43.539,504.41,208.55
64,14,10.307,42.349,479.86,206.86
64,14,6.3892,42.942,488.6,200.57
64,14,12.135,44.218,537.33,234.57
64,14,8.2173,41.442,451.64,187.86
64,14,6.5094,43.79,505.02,213.63
64,14,9.3038,44.347,537.9,236.17
64,14,8.759,43.278,493.57,205.62
64,14,9.2553,43.363,494.29,206.96
64,14,6.5592,45.377,564.29,247.86
64,14,6.8208,44.735,527.37,223.88
64,14,5.725,43.295,506.94,215.76
64,14,6.1072,42.7,477.62,198.24
64,14,7.7935,46.362,572.29,244.15
64,14,7.0472,44.407,541.86,233.8
64,14,8.6314,43.537,505.71,213.99
64,14,7.6218,43.42,502.67,216.58
64,14,10.942,43.403,513.12,226.25
64,14,7.8854,47.71,598.68,256.85
64,14,7.3235,43.033,490.09,210.75
64,14,8.1926,42.257,476.1,205.57
64,14,8.7033,42.806,476.67,201.8
64,14,6.9634,42.93,501.39,217.29
64,14,7.9986,41.205,431.22,174.32
64,14,6.3585,43.837,511.92,220.46
64,14,7.0987,42.351,453.61,184.55
64,14,5.5964,44.179,491.97,200.41
64,14,7.3552,43.381,499.44,213.29
64,14,7.3856,43.505,490.37,203.77
64,14,6.2962,40.045,426.24,182.81
64,14,10.989,41.871,441.55,175.39
64,14,8.2293,44.436,529.4,228.12
64,14,10.512,43.21,509.37,224.28
64,14,6.2618,42.117,478.53,208
64,14,6.9038,43.441,507.96,215.98
64,14,8.1543,44.013,507.28,211.75
64,14,8.3204,41.345,462.1,199.74
64,14,8.6521,45.153,541.05,230.54
64,14,9.0082,44.734,518.38,213.96
64,14,6.9558,42.336,469.93,198.93
64,14,6.6765,42.564,473.69,201.12
64,14,7.5968,42.816,482.55,200.9
64,14,6.3444,43.149,499.23,218.08
64,14,6.1308,46.577,580.59,251.43
64,14,11.892,44.533,547.39,240.52
64,14,8.4067,46.445,570.15,243.87
64,14,6.9518,43.835,540.56,242.36
64,14,5.8268,43.76,517.32,226.25
64,14,8.3147,45.202,520.27,214.93
64,14,6.2527,46.933,574.73,241.35
64,14,8.2691,46.187,540.77,219.01
64,14,6.1272,40.603,437.98,182.66
64,14,7.8842,42.581,462.33,185.4
64,14,8.2136,43.385,477.58,195.75
64,14,7.7536,46.317,562.06,236.12
64,14,6.4347,43.39,500.3,210.34
64,14,7.4921,42.265,466.31,194.45
64,14,7.0821,44.792,530.35,226.24
64,14,11.256,45.251,504.1,198.12
64,14,7.5392,43.798,491.47,201.02
64,14,6.4086,45.285,556.7,246.21
64,14,8.4177,45.332,534.53,225.97
64,14,7.8623,42.713,494.04,211.94
64,14,10.088,43.823,505.95,211.82
64,14,6.2867,43.058,504.73,218.09
64,14,8.3354,41.748,460.92,195.51
64,14,7.5383,44.278,544.22,237.69
64,14,7.2157,44.625,532.27,231.01
64,14,12.694,43.333,497.27,213.8
64,14,9.5568,44.207,512.85,218.02
64,14,7.8974,45.305,523.77,209.02
64,14,7.097,44.274,518.14,216.52
64,14,7.6296,43.695,495.35,201.55
64,14,13.519,46.508,550.95,228.38
64,14,6.068,42.764,486.41,208.47
64,14,7.0411,42.164,495.77,218.52
64,14,7.5772,42.946,510.5,225.92
64,14,8.1802,43.978,493.29,200.94
64,14,10.25,41.77,468.98,197.01
64,14,6.8669,45.075,566.34,252.1
64,14,7.1415,40.161,422.44,175.76
64,14,6.0973,45.742,544.12,227.34
64,14,7.213,43.905,482.72,188.12
64,14,9.8799,41.39,456.25,190.88
64,14,8.0751,43.787,492.4,201.73
64,14,7.289,43.584,505.93,212.97
64,14,5.6532,41.338,440.28,180.19
64,14,8.798,45.354,563.56,250.31
64,14,8.1449,43.625,470.84,188.32
64,14,6.5375,42.251,480.6,207.47
64,14,9.2872,42.767,510.15,223.8
64,14,8.255,41.705,462.67,190.99
64,14,9.8575,41.785,471.55,202.46
64,14,8.9368,43.561,510.35,220.91
64,14,7.2302,43.075,482.47,203.1
64,14,7.1367,44.772,534.84,227.94
64,14,6.0107,43.843,535.79,236.09
64,14,9.9177,44.013,509.69,211.7
64,14,7.4725,42.043,465.87,199.53
64,14,9.799,44.879,512.43,210.73
64,14,11.966,44.629,513.27,217.6
64,14,6.0981,43.021,489.67,205.09
64,14,7.1139,42.436,466.41,187.08
64,14,9.01,43.609,505.04,207.43
64,14,8.8681,45.595,566.58,247.84
64,14,11.281,42.962,492.79,210.34
64,14,5.9088,41.62,474.39,207.01
64,14,10.014,44.546,527.28,228.65
64,14,9.5003,44.401,505.98,207.35
64,14,7.2059,44.336,536.46,230.42
64,14,6.4838,43.787,500.57,207.13
64,14,6.7981,42.791,486.48,212.4
64,14,6.1583,44.155,522.48,222.48
64,14,5.5858,45.281,534.84,225.29
64,14,8.3268,42.274,464.37,193.81
64,14,8.2692,45.714,542.27,227.01
64,14,6.6285,44.701,526.83,219.79
64,14,6.0187,43.603,489.96,205.85
64,14,8.0667,45,554.76,240.48
64,14,13.08,43.313,483.38,205.66
64,14,6.5468,45.815,567.42,244.86
64,14,12.134,44.942,528.01,221.1
64,14,8.9908,42.892,493.23,210.79
64,14,7.9772,43.356,510.78,224.17
64,14,7.7689,44.641,517.45,219.61
64,14,6.8105,44.91,543.07,233.8
64,14,8.7487,45.949,550.8,227.16
64,14,8.0382,44.552,504.46,210.98
64,14,10.794,43.231,502.21,212.39
64,14,7.3263,43.473,516.69,223.32
64,14,8.2458,44.979,554.63,244.53
64,14,7.3915,45.915,563.61,242.73
64,14,6.2511,42.905,490.83,207.69
64,14,8.1918,43.977,517.5,224.88
64,14,10.508,44.013,500.84,210.24
64,14,7.3094,47.187,604.23,264.85
64,14,6.9546,41.803,474.11,207.39
64,14,8.6134,45.761,547.38,232.28
64,14,6.2496,43.814,500.6,207.46
64,14,7.0202,42.793,492.77,211.92
64,14,6.9346,45.802,543.68,226.28
64,14,10.506,43.697,524.69,227.85
64,14,7.6218,44.279,513.74,219.02
64,14,7.7969,43.622,497.22,206.8
64,14,7.5207,42.909,492.16,214.48
64,14,7.677,46.396,556.25,235.77
64,14,7.1994,44.566,532.1,228.27
64,14,5.9979,43.488,509.59,214.3
64,14,7.0823,45.661,551.38,229
64,14,7.175,43.104,493.07,213.55
64,14,7.8897,41.105,463.11,203.07
64,14,8.0018,44.117,513.27,215.81
64,14,7.5301,45.852,553.52,231.97
64,14,10.223,42.155,484.14,210.18
64,14,5.5859,40.576,438.22,185.16
64,14,7.8304,43.374,479.53,196.91
64,14,8.7214,44.068,477.22,190.34
64,14,7.7736,42.149,476.77,205.11
64,14,9.5797,44.33,541,236.08
64,14,6.8689,43.588,485.25,198.6
64,14,7.128,42.911,493.32,209.11
64,14,6.3782,42.43,482.87,209.19
64,14,8.4269,43.252,525.15,234.06
64,14,6.9355,43.93,506.2,218.04
64,14,8.1917,42.413,472.63,191.93
64,14,6.8715,44.102,519.83,220.43
64,14,8.3556,44.567,540.42,234.96
64,14,12.874,43.736,503.35,212.19
64,14,7.8812,41.663,440.91,181.45
64,14,7.6027,42.124,464.42,199.2
64,14,6.8994,42.509,488.89,216
64,14,8.4483,44.867,543.68,239.94
64,14,7.3775,45.064,535.91,228.81
64,14,9.3269,45.079,527.38,223.87
64,14,7.8065,43.272,517.07,229.02
64,14,5.3626,44.007,506.7,211.73
64,14,5.8992,41.754,439.74,179.08
64,14,8.1352,42.812,472.21,195.4
64,14,8.469,41.209,451.53,193.46
64,14,7.0329,43.11,489.43,208.45
64,14,7.3346,42.157,461.15,193.86
64,14,10.499,43.01,506.32,222.21
64,14,6.5034,42.306,492.28,216.72
64,14,9.9202,44.453,526.93,220.46
64,14,6.489,41.834,468.07,200.5
64,14,6.4009,44.235,534.5,235.88
64,14,6.6584,41.303,468.63,207.73
64,14,9.0619,44.039,524.43,227.26
64,14,8.3691,41.361,460.41,197.13
64,14,8.1117,45.433,549.05,232.73
64,14,7.1239,45.265,536.71,222.07
64,14,7.4116,44.382,506.47,205.93
64,14,8.8992,42.595,470.2,193.53
64,14,8.1294,44.156,512.93,221.12
64,14,6.7856,43.912,529.66,229.95
64,14,10.848,43.46,479.21,192.85
64,14,6.3892,44.488,515.42,211.29
64,14,6.7323,43.62,518.65,230.71
64,14,8.0341,42.691,491.25,214.75
64,14,5.8876,44.647,555.42,249.57
64,14,7.6539,46.544,557.65,231.21
64,14,10.927,43.595,512.86,222.77
64,14,7.8361,43.409,460.37,175.95
64,14,9.8277,42.669,484.56,204.61
64,14,8.6601,45.607,551.38,230.18
64,14,6.0778,43.606,504.01,214.89
64,14,8.704,42.319,472.26,198.64
64,14,6.2421,43.692,512.05,222.31
64,14,7.7231,42.566,461.71,191.49
64,14,6.3802,43.633,501.04,212.02
64,14,10.623,43.331,505.6,220.07
64,14,7.329,44.541,520.54,226.12
64,14,6.858,45.288,527.6,223.15
64,14,6.9923,43.468,488.13,204.48
64,14,8.1101,42.985,488.29,209.57
64,14,8.4697,42.222,463.53,194.39
64,14,7.6986,45.401,562.18,241.16
64,14,8.5066,42.841,503.1,218.46
64,14,7.8976,41.691,463.64,197.59
64,14,6.265,44.227,512.47,216.97
64,14,8.6177,43.825,484.35,191.34
64,14,6.5776,42.662,458.62,184.21
64,14,10.576,43.043,449.53,175.03
64,14,6.3721,42.994,482.11,199.69
64,14,7.8744,42.418,471.29,199.97
64,14,5.0801,44.301,513.29,214
64,14,7.5598,43.099,467.71,187.38
64,14,5.9259,46.113,555.08,234.11
64,14,6.5326,40.841,413.39,166.3
64,14,6.5699,42.478,472.85,196.96
64,14,8.1044,42.223,477,205
64,14,8.3765,43.246,493.04,208.93
64,14,8.2944,41.63,475.06,202.48
64,14,8.6865,44.463,538.33,236.19
64,14,8.7174,43.199,471.59,190.51
64,14,7.8603,41.808,464.46,198.03
64,14,7.2051,44.23,517.29,218.26
64,14,6.6237,41.664,450.2,186.09
64,14,8.2251,42.388,506.9,227.64
64,14,9.6482,44.567,512.77,204.24
64,14,9.4049,44.884,513.14,211.96
64,14,8.3984,42.581,478.6,201.08
64,14,9.2387,44.351,506.92,208.4
64,14,7.5809,43.384,499.78,212.78
64,14,8.3356,43.811,493.92,205.41
64,14,10.245,45.746,544.21,226.67
64,14,9.0406,43.824,493.45,200.36
64,14,7.6735,43.63,488.67,199.29
64,14,8.2953,42.927,477.88,196.96
64,14,6.3381,43.176,498.19,213.88
64,14,7.3775,43.917,515.21,216.43
64,14,9.5423,45.415,545.72,230.98
64,14,6.8799,44.032,509.05,218.65
64,14,7.5256,42.418,472.67,200.12
64,14,7.2014,43.08,505.65,220.83
64,14,6.9465,43.106,476.72,192.55
64,14,6.0922,42.176,473.69,202.93
64,14,8.7835,41.785,463.39,198.21
64,14,8.6373,44.415,536.68,231.92
64,14,6.2211,44.303,517.15,216.36
64,14,10.333,42.333,475.62,204.73
64,14,6.4731,42.617,507.55,227.19
64,14,5.6097,45.131,536.4,220.8
64,14,6.7171,41.526,466.01,203.13
64,14,8.8672,43.886,538.21,235.58
64,14,7.5134,43.223,503.9,216.96
64,14,10.306,43.728,520.32,226.95
64,14,9.4525,41.99,462.14,198.99
64,14,6.6473,44.002,524.05,224.64
64,14,10.321,45.079,526.73,223.27
64,14,5.6054,44.168,501.77,206.17
64,14,5.8242,42.407,491.88,214.85
64,14,11.859,41.776,435.15,176.23
64,14,7.9665,44.137,492.21,201.32
64,14,7.9533,44.809,533.87,227.18
64,14,10.28,41.284,462.22,198.62
64,14,8.2374,44.974,525.04,216.51
64,14,8.1759,41.951,478.32,207.12
64,14,7.0065,43.944,515.15,218.66
64,14,9.3426,44.584,528.09,226.29
64,14,8.4328,43.509,487.49,200.11
64,14,7.4498,45.454,551.3,228.87
64,14,10.644,45.174,511.57,206.84
64,14,5.7876,43.991,498.7,206.64
64,14,6.0027,45.44,557.14,244.65
64,14,7.9885,42.393,491.88,216.5
64,14,5.7856,44.225,541.85,236.16
64,14,11.261,42.771,474.24,192.79
64,14,7.3279,43.408,485.77,198.47
64,14,5.9573,42.694,470.6,196.28
64,14,8.8551,44.164,521.34,223.37
64,14,6.7168,46.028,533.96,215.42
64,14,8.861,43.07,493.55,215.23
64,14,7.1396,44.128,520.59,221.33
64,14,5.7684,45.725,554.63,233.09
64,14,6.5248,41.687,455.55,189.94
64,14,6.4085,43.283,503.08,217.81
64,14,10.309,42.621,472.57,200.14
64,14,8.6539,45.153,533.86,224.11
64,14,9.1222,42.384,482.27,208
64,14,6.6838,42.594,464.61,193.42
64,14,7.5364,44.349,527.56,225.68
64,14,8.0357,47.42,556.98,219.28
64,14,7.5122,42.902,497.06,214.48
64,14,8.8777,43.608,493.73,202.81
64,14,6.4288,42.459,456.19,188.9
64,14,6.8879,44.438,520.44,218.67
64,14,7.6213,42.141,472.02,199.74
64,14,8.3533,42.89,465.86,190.16
64,14,6.9309,43.27,520.2,227.29
64,14,7.4781,43.537,498.22,211.78
64,14,6.5393,45.572,540.84,227.27
64,14,12.376,45.907,561.77,243.84
64,14,7.1601,43.281,503.15,212.57
64,14,9.7001,43.746,491.21,200.96
64,14,6.2137,44.16,492.21,197.67
64,14,8.4226,43.302,502.58,216.86
64,14,9.4786,43.196,477.12,196.83
64,14,6.8376,42.297,461,194.16
64,14,9.7936,45.609,532.17,216.34
64,14,8.9918,44.222,525,226.13
64,14,9.5793,43.848,526.85,234.03
64,14,6.7755,45.148,531.96,223.43
64,14,8.2068,45.464,554.47,238.2
64,14,6.2199,44.259,504.24,208.46
64,14,10.226,43.7,506.85,213.82
64,14,7.1872,45.126,526.06,219.38
64,14,7.7557,44.062,507.98,207.23
64,14,8.5058,42.151,477.72,206.06
64,14,6.8495,43.056,483.57,203.02
64,14,7.0777,42.429,479.64,202.48
64,14,7.1738,44.263,514.9,218.3
64,14,9.9081,44.221,518.23,215.12
64,14,8.1126,43.947,512.7,216.8
64,14,6.9822,41.634,481.26,213.77
64,14,9.2209,43.821,513.56,217.77
64,14,12.041,44.353,510.29,210.46
64,14,9.0629,46.064,563.24,238.38
64,14,7.9815,42.611,471.19,197.42
64,14,9.5892,43.509,509.13,216.04
64,14,6.0143,43.527,503.99,216.23
64,14,8.7564,41.658,458.87,189.05
64,14,12.275,42.868,477.54,198.06
64,14,8.023,41.371,440.7,179.37
64,14,9.7044,43.439,512.21,222.34
64,14,8.0669,43.315,480.52,194.99
64,14,6.8833,44.598,530.27,223.92
64,14,8.269,42.607,492.24,213.97
64,14,5.4777,42.647,490.22,210.9
64,14,7.8607,44.285,510.26,211.51
64,14,7.112,45.57,535.85,214.39
64,14,7.6637,41.563,464.62,198.26
64,14,9.9638,42.169,465.67,194.55
64,14,12.663,44.348,528.34,223.96
64,14,7.0718,43.794,500.63,206.21
64,14,8.0388,42.477,480.34,199.48
64,14,12.529,42.876,475.54,198.36
64,14,7.9095,43.138,494.36,211.7
64,14,5.528,44.503,534.3,230.84
64,14,8.1715,43.616,510.35,219.44
64,14,8.2714,44.537,526.76,227.8
64,14,8.0745,43.167,506.38,223.61
64,14,8.8716,44.18,507.99,213.34
64,14,8.0076,43.888,539.09,238.65
64,14,7.1202,41.822,455.56,192.15
64,14,6.4256,43.052,490.66,207.44
64,14,7.6545,44.084,481.32,188.88
64,14,6.8166,45.633,547.98,231.34
64,14,7.652,44.199,530.22,229.78
64,14,8.0716,44.307,497.16,203.18
64,14,10.258,41.655,445.23,185.4
64,14,9.2607,42.977,479.61,201.52
64,14,8.5475,42.91,454.28,184.01
64,14,8.7145,44.429,511.73,214.01
64,14,7.2886,41.908,478.41,208.35
64,14,8.6736,42.191,469.64,198.38
64,14,6.9131,46.696,565.59,232.31
64,14,7.8441,45.12,552.63,239.38
64,14,6.6232,43.601,495.74,211.14
64,14,6.6517,45.674,547.7,227.41
64,14,9.7345,43.107,482.18,199.5
64,14,7.2608,45.518,551.32,232
64,14,6.632,43.231,496.25,208.62
64,14,5.5086,43.617,484.27,199
64,14,6.2406,41.867,454.68,192.56
64,14,8.0216,43.81,527.34,233.73
64,14,7.0147,43.426,498.16,212.67
64,14,7.116,43.279,501.32,204.04
64,14,7.4822,43.153,491.54,208.11
64,14,6.1014,39.307,396.72,157.46
64,14,5.4495,45.665,573.63,252.32
64,14,7.1618,44.593,521.16,219.73
64,14,11.263,41.581,443,176.19
64,14,6.4748,43.45,512.93,225.16
64,14,7.0052,42.036,469.05,197.69
64,14,7.4121,43.659,523.57,231.78
64,14,7.7098,44.187,512.1,216.55
64,14,6.716,43.629,464.57,175.27
64,14,7.2794,44.823,551.96,245.18
64,14,6.6157,44.967,567.52,245.74
64,14,9.3447,44.725,511.3,209.51
64,14,6.4955,44.281,526.46,229.49
64,14,5.8311,41.678,483.13,216.04
64,14,5.942,44.469,559.78,247.55
64,14,5.9477,43.668,492.12,203.7
64,14,8.3844,44.032,499.24,204.82
64,14,7.7228,44.178,521.44,222.6
64,14,7.5513,43.741,515.93,223.55
64,14,9.4804,43.455,463.81,185.59
64,14,7.6176,41.762,443.26,181.44
64,14,7.0089,42.804,489.79,210.91
64,14,6.9926,44.512,523.74,220.63
64,14,7.047,43.639,500.33,211.33
64,14,7.7389,45.049,542.31,230.31
64,14,7.0475,42.594,477.47,200.76
64,14,8.8691,42.212,468.1,198.33
64,14,8.5441,44.294,538.36,232.49
64,14,13.593,42.761,483.26,200.81
64,14,8.4599,42.95,488.5,211.39
64,14,10.767,42.17,494.19,219.1
64,14,8.728,46.717,601.22,264.47
64,14,6.652,44.668,525.86,221.24
64,14,7.914,41.713,461.42,197.62
64,14,6.8658,43.787,488.26,205.67
64,14,9.4573,42.262,490.67,215.11
64,14,7.7964,42.969,513.1,225.48
64,14,8.1857,44.253,530.66,227.54
64,14,6.8892,44.123,512.41,215
64,14,9.0341,43.658,518.97,230.44
64,14,6.766,41.357,470.16,204.63
64,14,8.8194,42.668,452.55,176.4
64,14,8.9802,45.441,555.22,236.37
64,14,7.0826,45.503,547.63,235.36
64,14,6.3432,44.62,509.78,207.68
64,14,7.512,43.262,492.74,209.04
64,14,6.56,43.537,514.06,220.88
64,14,9.2707,44.473,518.08,217.05
64,14,8.9567,44.218,498.26,205.03
64,14,9.0892,43.274,516.31,225.55
64,14,6.4407,43.141,490.44,204.13
64,14,8.8494,43.466,500.69,211.19
64,14,5.6411,44.121,522.45,227.43
64,14,9.0464,46.37,562.93,230.61
64,14,9.2346,46.303,574.5,246.54
64,14,8.837,42.549,485.78,206.49
64,14,8.4735,45.122,505.53,204.82
64,14,8.3228,42.663,476.91,200.7
64,14,6.0449,43.81,538.88,244.05
64,14,11.297,43.183,498.68,214.46
64,14,7.2477,42.07,466.25,197.09
64,14,7.0024,43.537,503.59,212.42
64,14,8.0817,45.774,546.97,231.85
64,14,9.8071,45.156,522.74,215.68
64,14,6.6415,41.305,467.42,209.98
64,14,7.3766,43.739,497.79,208.6
64,14,6.1072,44.037,515.7,216.99
64,14,6.6799,43.897,513.79,220.44
64,14,8.6366,42.577,484.61,208.5
64,14,8.0876,43.15,471.4,187.09
64,14,7.8118,44.923,532.42,227.98
64,14,7.6533,45.583,547.16,233.86
64,14,6.3189,44.154,528.46,230.92
64,14,10.197,44.532,506.72,204.42
64,14,11.121,41.734,456.31,190.84
64,14,6.3937,46.885,572.58,238.97
64,14,7.0751,43.579,513.94,223.72
64,14,7.2313,42.546,479.23,200.26
64,14,7.8767,44.47,525.6,219.9
64,14,7.4574,42.815,502.57,220.18
64,14,8.8741,42.158,472.52,203.49
64,14,6.4982,43.413,502.24,208.27
64,14,7.8762,40.595,428.42,179.37
64,14,8.8372,43.286,488.47,203.67
64,14,6.5912,43.341,483.45,203.83
64,14,12.735,43.439,501.29,213.37
64,14,7.1505,41.688,468.91,199.33
64,14,9.0315,43.095,495.43,208.41
64,14,11.375,42.277,476.3,203.02
64,14,9.6964,44.929,533.83,224.63
64,14,5.6973,43.131,474.22,191.51
64,14,8.6967,44.553,515.46,217.3
64,14,8.4966,43.843,504.89,213.99
64,14,11.491,45.128,550.31,238.1
64,14,7.3336,43.595,519.17,224.96
64,14,6.0725,42.927,484.66,199.11
64,14,7.3327,43.492,501.63,214.78
64,14,7.0565,45.408,560.65,244.75
64,14,8.3871,45.55,539.32,226.59
64,14,8.7585,43.54,498.76,209.23
64,14,6.7114,42.582,499.96,221.09
64,14,7.9953,45.961,564.43,238.75
64,14,6.4791,42.77,487.99,211.7
64,14,9.0703,42.448,488.66,213
64,14,6.6265,41.897,461.57,194.54
64,14,8.8702,44.949,542.6,228.82
64,14,6.102,42.885,512.04,227.89
64,14,8.1025,46.025,563.03,238.6
64,14,6.8689,42.523,489.68,211.55
64,14,9.5132,42.59,483.24,207.59
64,14,6.0333,42.705,486.2,211.76
64,14,7.0293,46.543,580.67,251.83
64,14,7.6619,43.457,509.38,214.69
64,14,6.8433,43.004,487.4,203.17
64,14,6.9661,43.198,496.78,212.85
64,14,7.393,45.93,551.6,229.87
64,14,6.8622,43.424,505.81,218.75
64,14,7.3322,42.547,466.35,195.06
64,14,7.9206,41.861,457.88,191.61
64,14,7.1314,42.174,472.68,204.28
64,14,13.237,46.052,548.93,232.37
64,14,6.5168,43.725,491.24,196.14
64,14,9.8727,44.969,523.4,215.06
64,14,8.4522,42.405,481.89,207.81
64,14,7.7001,44.453,514.52,214.1
64,14,7.3851,42.661,489.52,211.79
64,14,7.8037,43.884,514.14,222.06
64,14,7.3015,44.194,479.08,188.73
64,14,8.8537,44.014,492.14,202.9
64,14,7.304,40.993,439.41,180.14
64,14,8.194,45.898,548.79,225.47
64,14,8.9103,43.006,490.4,211.05
64,14,7.4396,44.504,528.05,222.69
64,14,5.7753,45.352,536.92,225.43
64,14,6.5425,44.41,511.46,209.54
64,14,7.424,42.205,478.93,205.05
64,14,10.324,41.852,451.7,186.29
64,14,7.4986,45.041,545.47,238.51
64,14,8.4397,42.575,469.28,193.75
64,14,7.4136,44.108,515.15,218.37
64,14,6.5279,44.933,538.59,228.31
64,14,7.9751,44.539,528.25,221.98
64,14,10.151,45.414,548.55,238.35
64,14,6.9066,42.935,492.53,211.13
64,14,7.3401,44.282,509.31,217.22
64,14,7.863,43.099,504.61,213.86
64,14,9.0916,43.377,474.53,195.09
64,14,6.7302,43.892,510.57,218.42
64,14,9.8354,44.726,508.52,208.5
64,14,6.4138,42.543,463.89,191.47
64,14,6.9427,45.06,535.42,227.79
64,14,6.6009,42.568,481.81,205.36
64,14,6.9718,44.23,513.3,215.14
64,14,7.664,44.942,506.94,205.82
64,14,9.0216,44.002,495.58,202.33
64,14,7.1282,44.131,518.57,220.4
64,14,7.0596,41.401,462.3,203.38
64,14,7.6812,45.146,565.49,247.68
64,14,6.1112,46.13,559.59,234.78
64,14,7.1095,42.029,485.29,211.33
64,14,7.1211,43.707,503.03,215.61
64,14,8.4175,44.37,517.65,217.33
64,14,7.6689,46.525,544.32,222.6
64,14,7.0887,44.883,529.63,219.89
64,14,7.8656,43.097,506.36,218.46
64,14,6.6845,42.731,503.76,221.12
64,14,7.4119,43.07,488.85,204.26
64,14,8.2113,43.599,488.46,200.86
64,14,7.1503,44.625,510.8,212.18
64,14,7.8838,43.003,470.07,191.81
64,14,9.9225,43.019,489.95,202.87
64,14,8.0709,43.105,497.88,216.14
64,14,8.2678,42.232,465.27,195.91
64,14,8.4154,43.706,495.62,211.54
64,14,8.3345,43.596,488.77,203.33
64,14,6.5666,43.603,476.78,194.01
64,14,9.5464,41.902,483.65,212.63
64,14,9.9765,44.943,529.26,223.7
64,14,9.4417,45.07,508.55,209.77
64,14,7.2645,42.586,496.06,219.29
64,14,7.1105,44.872,525.27,218.92
64,14,9.1677,41.888,469.5,202.5
64,14,6.2443,45.333,537.28,226.17
64,14,5.6903,42.222,478.11,209.2
64,14,7.3826,42.113,482.78,210.06
64,14,8.8684,44.05,507.08,213.82
64,14,8.6052,44.431,524.06,218.85
64,14,6.9021,44.304,522.46,224.41
64,14,8.072,42.749,492.94,214.69
64,14,7.1082,44.222,522.16,226.61
64,14,8.6289,45.349,535.91,220.93
64,14,10.931,43.622,490.21,205.45
64,14,8.2414,42.251,447.77,176.65
64,14,8.3865,44.974,508.18,207.01
64,14,7.2366,41.568,442.54,175.49
64,14,11.77,42.383,458.61,186.66
64,14,12.081,42.011,451.18,184.43
64,14,7.4976,43.666,499.79,211.1
64,14,5.2068,44.011,516.42,220.56
64,14,9.8993,42.654,472.68,196.69
64,14,6.6411,42.603,438.78,172.67
64,14,11.312,44.456,508.37,207.85
64,14,6.4867,42.535,474.33,197.84
64,14,10.158,43.186,508.49,222.62
64,14,8.5959,44.413,542.78,233.81
64,14,5.7296,44.433,514.76,214.91
64,14,7.9376,41.951,460.97,194.03
64,14,8.6323,43.852,515.53,221.01
64,14,6.5595,44.152,518.66,216.02
64,14,6.3973,42.591,477.79,196.65
64,14,7.0559,44.542,501.89,201.92
64,14,7.0815,45.427,533.77,220.32
64,14,10.872,42.242,481.28,206.47
64,14,9.9922,44.369,502.31,203.06
64,14,10.561,42.911,501.26,216.19
64,14,8.119,44.337,532.77,228.23
64,14,5.5468,43.112,478.07,202.08
64,14,7.4696,45.079,537.69,228.43
64,14,8.2781,43.427,487.87,204.04
64,14,5.729,44.54,521.44,219.76
64,14,10.702,42.33,453.51,183.98
64,14,8.8776,42.48,459.1,187.41
64,14,6.1831,41.76,439.21,179.71
64,14,7.0457,42.852,503.97,220.38
64,14,7.0794,44.865,517.66,214.71
64,14,6.6672,41.406,455.95,191.46
64,14,10.985,43.157,495.29,212
64,14,9.8057,43.199,506.56,220.23
64,14,7.5207,43.334,507.46,221.38
64,14,8.8359,43.261,487.5,207.7
64,14,7.6898,44.858,510.65,208.29
64,14,6.6008,42.937,483.4,204.14
64,14,7.6162,45.99,559.19,236.38
64,14,7.4066,42.571,469.22,199.02
64,14,7.2533,44.785,523.52,218.1
64,14,6.4628,43.386,488.23,203.02
64,14,6.8662,41.663,465.15,197.86
64,14,6.5257,43.743,478.41,191.26
64,14,9.8849,43.217,499.77,211.89
64,14,6.9994,42.647,460.66,187.08
64,14,8.9689,44.719,526.48,220.5
64,14,7.6995,44.019,509.97,213.27
64,14,8.672,43.847,486.11,199.99
64,14,6.7641,43.622,509.57,217.32
64,14,8.2469,43.067,475.88,197.46
64,14,6.6415,43.706,484.73,196.13
64,14,8.6862,44.989,516.87,211.23
64,14,6.3821,43.55,517.75,228.22
64,14,11.002,45.238,519.04,208.62
64,14,7.9094,44.688,510.17,211.28
64,14,7.9664,42.892,505.58,221.66
64,14,7.6402,44.273,520.8,221.09
64,14,6.9917,41.366,463.35,202.45
64,14,7.0489,43.426,485.82,199.01
64,14,6.2042,43.679,495.91,206.77
64,14,7.774,44.021,531.74,234.06
64,14,7.6579,46.304,542.75,217.64
64,14,6.5687,43.785,474.3,189.86
64,14,6.3742,43.735,510.15,219.07
64,14,11.656,41.052,456.97,195.38
64,14,8.4452,43.067,500.21,215.57
64,14,6.1615,45.828,577.38,249.09
64,14,6.3314,45.294,537.56,227.2
64,14,6.754,45.125,539.48,229.62
64,14,9.849,45.174,552.78,237.67
64,14,7.6721,45.168,534.13,228.72
64,14,8.4887,42.832,486.52,201.15
64,14,10.741,43.146,489.42,206.21
64,14,6.5069,44.455,516.65,215.45
64,14,8.2983,44.576,483.97,183.37
64,14,6.5919,48.291,619.73,257.89
64,14,6.8785,42.773,479.77,201.76
64,14,8.6699,42.841,483.38,207.98
64,14,8.7235,45.944,535.51,220.94
64,14,7.9303,44.983,517.17,212.11
64,14,6.7273,44.131,519.6,219.77
64,14,7.7911,44.148,533.11,232.82
64,14,7.4527,45.384,551.19,236.82
64,14,8.207,44.533,542.43,238.13
64,14,9.7307,42.978,500.39,218.95
64,14,8.4032,43.516,499.81,213.84
64,14,7.5071,42.996,493.59,208.3
64,14,8.667,44.394,520.88,223.16
64,14,7.5738,44.496,519.6,218.15
64,14,6.6821,43.145,504.06,217.45
64,14,8.1425,45.83,529.22,211.98
64,14,6.4045,43.375,491.87,205.37
64,14,8.1998,42.579,467.39,192.81
64,14,7.9425,42.315,477.2,206.96
64,14,6.5982,43.44,494.02,203.2
64,14,8.3023,42.915,468.07,192.37
64,14,6.3963,41.127,445.86,187.39
64,14,10.429,43.04,452.49,171.68
64,14,8.175,43.666,501.93,209.19
64,14,6.0886,44.739,530.14,227.56
64,14,6.097,44.528,515.46,216.04
64,14,6.9689,44.411,526.29,224.97
64,14,6.9855,42.507,490.26,211.28
64,14,6.4593,43.418,499.31,209.34
64,14,6.6925,45.553,567.11,249.01
64,14,8.5087,44.925,524.01,217.64
64,14,9.3137,42.262,459.43,191.34
64,14,7.6355,43.326,503.63,217.58
64,14,8.7675,42.876,465.65,191.82
64,14,7.7391,43.523,486.08,199.09
64,14,7.4653,44.767,533.5,224.16
64,14,7.7746,43.43,523.16,230.35
64,14,10.11,40.651,427.57,178.86
64,14,8.6583,43.033,474.24,199.83
64,14,7.685,42.473,453.48,179.78
64,14,8.3675,44.023,510.26,215.91
64,14,8.8681,41.57,451.73,189.36
64,14,7.9291,41.274,459.25,196.7
64,14,7.4517,44.178,509.99,214.15
64,14,7.5028,43.565,508.67,214.16
64,14,7.5466,42.178,477.87,206.1
64,14,6.2012,43.218,463.55,183.43
64,14,8.5144,42.024,461.63,193.16
64,14,8.5262,41.772,475.26,203.55
64,14,7.9882,43.653,491.73,207.16
64,14,10.215,42.864,481.44,207.77
64,14,7.8819,43.803,508.98,219.33
64,14,9.3114,43.452,474.52,193.26
64,14,10.058,43.678,493.71,204.15
64,14,7.9867,46.504,562.77,232.02
64,14,7.2851,41.168,455.12,192.49
64,14,7.5816,44.095,491.85,200
64,14,6.0087,42.603,477.58,197.77
64,14,7.14,42.138,452.64,183.23
64,14,6.2696,43.467,501.15,210.45
64,14,8.6451,44.174,493.43,202.59
64,14,6.6335,44.624,541.73,236.96
64,14,8.5717,42.609,464.78,191.41
64,14,8.8414,42.328,472.25,201.19
64,14,6.4567,43.912,470.43,177.84
64,14,6.2501,44.653,519.39,213.39
64,14,6.5737,43.448,502.32,214.41
64,14,6.3997,42.256,469.58,201.2
64,14,7.4386,43.706,498.48,213.81
64,14,6.2472,44.533,538.37,233.69
64,14,8.6015,43.667,506.33,219.12
64,14,15.157,42.414,468.4,196.38
64,14,7.2369,40.485,437.44,183.1
64,14,6.6031,43.652,499.4,210.36
64,14,9.5371,42.219,469.32,195.15
64,14,9.7198,40.238,433.67,185.35
64,14,6.1351,42.414,475.19,192.51
64,14,6.1445,44.74,536.27,230.38
64,14,8.4565,41.204,450.51,190.44
64,14,7.7101,41.768,480.85,211.73
64,14,7.0743,44.136,519.06,224.01
64,14,6.8177,43.704,495.02,208.13
64,14,6.9228,45.396,541.23,228.63
64,14,6.5245,40.943,447.57,189.34
64,14,8.9824,44.944,540.5,231.79
64,14,9.1877,42.723,473.43,199.21
64,14,8.3425,41.769,456.84,187.67
64,14,7.4532,42.512,509.24,230.67
64,14,7.4659,43.342,503.54,218.93
64,14,6.237,44.349,499.13,203.08
64,14,6.149,41.812,458.98,193.71
64,14,7.4759,43.625,510.68,219.35
64,14,6.6787,41.947,452.93,184.5
64,14,8.0911,41.676,478.63,209.71
64,14,7.2806,42.581,476.67,199.88
64,14,9.758,42.715,487.92,210.68
64,14,8.2225,40.758,411.83,167.68
64,14,6.2232,43.604,528.4,229.84
64,14,7.7405,42.895,488.97,209.46
64,14,6.0655,44.018,517.7,218.16
64,14,6.5972,42.34,484.11,206.34
64,14,7.1597,43.819,511.33,218.55
64,14,7.3814,42.739,485.5,211.21
64,14,6.8245,44.664,554.68,250.34
64,14,7.7778,43.773,494.96,200.85
64,14,8.1828,44.58,527.37,221.66
64,14,9.3575,42.85,470.71,191.79
64,14,6.2156,42.604,469.83,192.94
64,14,7.1134,41.474,413.41,160.27
64,14,9.175,43.453,495.51,209.08
64,14,6.1483,43.881,508.05,212.65
64,14,10.795,43.599,512.26,221.13
64,14,7.1292,42.92,470.4,192.53
64,14,5.9061,44.252,530.12,223.94
64,14,7.1448,42.651,489.31,211.12
64,14,7.8751,43.542,525.33,231.13
64,14,8.3833,43.565,477.67,190.13
64,14,9.184,42.311,474.4,199.81
64,14,8.211,42.559,469.59,193.43
64,14,7.4854,43.849,514.84,225.37
64,14,7.5254,43.855,517.32,219.88
64,14,6.4741,42.265,456.99,189.51
64,14,6.8151,43.957,509.29,217.72
64,14,8.1402,44.51,545.88,239.8
64,14,8.135,44.764,513.31,211.24
64,14,7.4469,44.993,522.17,219.89
64,14,10.042,42.735,500.71,220.92
64,14,6.7874,45.787,542.06,228.31
64,14,7.0036,45.06,539.2,225.26
64,14,8.2793,43.722,491.09,201.48
64,14,7.3822,44.054,530.45,227.54
64,14,7.3918,42.512,480.87,206.11
64,14,7.2376,44.697,518.23,217.99
64,14,7.4965,42.701,494.87,213.27
64,14,8.888,43.71,517.4,223.66
64,14,9.1031,46.304,549.53,228.83
64,14,7.1517,44.24,534.77,229.46
64,14,7.8753,43.952,508.79,216.8
64,14,10.216,43.15,493.07,212.83
64,14,7.0596,41.323,458.06,199.44
64,14,8.0229,43.873,516.51,223.28
64,14,6.4745,44.31,493.3,199.66
64,14,7.1479,42.381,453.19,186.02
64,14,6.2686,44.28,507.49,207.03
64,14,8.0585,44.115,514.46,220.55
64,14,7.9887,44.626,527.24,220.83
64,14,13.017,44.913,528.04,222.65
64,14,6.2703,44.164,529.44,231.94
64,14,9.8188,43.565,513.18,220.85
64,14,6.1013,42.811,495.48,212.76
64,14,8.1739,45.607,534.46,218.78
64,14,6.8663,43.096,471.9,196.07
64,14,9.9006,46.194,561.52,234.09
64,14,9.2839,42.641,459.99,183.73
64,14,5.4285,43.472,500.11,210.81
64,14,6.3403,41.927,462.47,195.44
64,14,7.7953,44.982,537.19,226.84
64,14,11.656,44.05,488.28,197.24
64,14,6.539,42.884,485.84,208.03
64,14,7.693,43.564,509.1,213.52
64,14,8.9686,43.282,511.43,224.93
64,14,7.6076,42.015,461.85,191.54
64,14,7.0493,42.678,517.79,236.39
64,14,7.9118,40.825,441.45,191.16
64,14,7.4796,41.959,468.98,197.01
64,14,7.2617,43.825,518.89,228.75
64,14,8.5112,42.019,469.65,198.87
64,14,9.0327,46.16,560.39,236.26
64,14,6.1124,43.843,501.2,210.45
64,14,6.9789,43.125,485.07,208.59
64,14,7.9184,42.035,455.11,190.11
64,14,5.2522,44.493,526.82,219.72
64,14,10.292,44.416,531.2,227.25
64,14,8.4182,44.806,527.31,223.93
64,14,10.99,44.259,523.74,222.12
64,14,7.1124,41.805,453.19,190.23
64,14,6.1871,42.516,469.45,196.71
64,14,6.2176,44.241,497.56,204.88
64,14,8.7075,41.627,469.64,197.57
64,14,6.8087,44.844,521.73,215.74
64,14,10.293,42.803,492.65,215.33
64,14,10.454,44.827,506.33,203.29
64,14,8.6479,43.043,501.15,218.22
64,14,7.5722,44,521.39,224.55
64,14,8.3639,44.105,498.95,205.63
64,14,8.6086,41.88,457.29,193.15
64,14,7.6626,42.92,499.24,218.06
64,14,8.4064,43.817,490.56,200.5
64,14,8.6209,41.534,434.88,172.12
64,14,6.681,43,490.51,212.1
64,14,11.872,43.114,495.2,212.38
64,14,6.5856,41.341,441.28,178.57
64,14,6.0436,42.444,461.29,189.02
64,14,8.7062,43.336,503.35,218.11
64,14,11.651,42.128,475.17,207.7
64,14,6.2397,42.579,464.23,191.66
64,14,7.7925,43.202,480.57,197.77
64,14,7.3075,44.865,536.93,233.51
64,14,7.5213,43.537,522.02,230.74
64,14,5.7842,40.67,443.43,188.98
64,14,8.0093,43.054,474.91,199.71
64,14,6.4421,43.277,504.93,217.48
64,14,8.309,45.568,560.36,241.81
64,14,7.8455,45.057,532.16,224.69
64,14,7.0024,44.369,542.5,239.04
64,14,6.7462,45.576,537.27,220.44
64,14,8.2538,45.151,548.3,230.74
64,14,10.5,44.823,540.67,235.74
64,14,8.2702,41.921,472.31,203.75
64,14,12.833,42.735,483.04,203.56
64,14,9.3448,44.416,496.94,198.44
64,14,6.2878,42.816,473.31,194.99
64,14,6.6983,44.714,540.16,236.71
64,14,12.013,43.376,512.12,223.73
64,14,6.7245,42.878,483.05,201.72
64,14,7.1976,42.149,474.46,203.18
64,14,5.9342,43.773,481.01,194.19
64,14,9.4666,42.605,465.2,189.18
64,14,9.4863,44.816,532.6,230.17
64,14,9.0324,45.381,532.88,217.27
64,14,11.823,45.005,564.3,250.77
64,14,6.8548,42.874,496.97,216.18
64,14,9.3051,42.665,501.8,221.89
64,14,8.9194,42.635,455.86,181.37
64,14,8.0094,42.344,458.37,191.51
64,15,9.7659,44.804,536.43,230.98
64,15,7.2404,43.759,508.64,213.67
64,15,9.479,43.217,488.98,206.71
64,15,10.221,47.388,582.33,239.86
64,15,8.2141,43.251,495.62,209.24
64,15,7.5576,47.233,594.16,249.43
64,15,8.1613,44.296,526.29,222.82
64,15,9.0374,43.777,496.57,208.47
64,15,7.5369,42.53,493.37,216.5
64,15,10.24,44.27,516.63,217.84
64,15,7.3565,44.576,537.92,231.58
64,15,7.5813,43.469,484.34,196.82
64,15,8.8976,45.707,550.87,238.3
64,15,7.4139,43.234,469.91,187.99
64,15,5.1632,45.55,559.29,242.21
64,15,6.3811,44.764,514.04,210.29
64,15,9.0357,43.233,519.07,234.01
64,15,13.209,43.45,507.44,221.95
64,15,6.7805,42.305,501.52,223.61
64,15,6.566,47.511,569.83,232.57
64,15,8.1177,43.474,508.11,220.19
64,15,10.143,42.258,454.51,180.57
64,15,10.645,42.679,480.57,204.63
64,15,12.503,45.401,530.8,222.92
64,15,8.5167,43.709,526.87,231.66
64,15,8.5382,45.655,565.5,243
64,15,8.0831,47.87,571.69,235.41
64,15,8.1092,43.354,480.67,199.34
64,15,6.4269,43.352,473.73,187.59
64,15,7.4192,43.805,515.15,217.15
64,15,7.2978,45.74,553.61,235.22
64,15,6.9759,45.68,550.26,232.11
64,15,8.2981,43.353,480.86,196.33
64,15,9.1483,44.104,523.87,227.35
64,15,11.332,44.207,527.6,226.7
64,15,8.4546,44.7,528.02,221.47
64,15,8.3201,44.089,530.68,227.92
64,15,7.0507,44.958,541.76,235.49
64,15,12.328,43.248,476.06,197.54
64,15,9.3715,43.985,522.79,229.42
64,15,7.1426,43.805,517.93,225.42
64,15,7.8249,42.406,490.75,213.07
64,15,7.8056,46.402,560.48,232.66
64,15,8.2924,44.308,535.49,231.41
64,15,7.7461,41.637,476.11,206.75
64,15,7.6263,45.707,572.2,247.8
64,15,9.0946,45.97,570.53,247.8
64,15,7.4351,44.059,519.8,220.3
64,15,8.8898,43.278,512.16,220.25
64,15,9.8764,45.396,530.14,215.14
64,15,8.0359,44,513.73,219.64
64,15,7.4954,43.493,492.2,198.37
64,15,7.1984,42.118,469.88,197.78
64,15,6.5975,43.472,472.73,188.24
64,15,9.8025,43.775,498.93,204.91
64,15,9.864,45.415,555.41,236.08
64,15,7.0941,43.359,526.3,234.74
64,15,8.1134,45.04,515.67,213.73
64,15,7.4256,43.754,501.15,206.37
64,15,7.2802,44.133,526.9,225.28
64,15,6.062,44.271,520.22,213.2
64,15,7.7093,43.753,518.68,226.82
64,15,10.355,46.306,539.6,210.57
64,15,7.4555,43.71,525.53,227.85
64,15,6.3356,45.071,556.45,248.89
64,15,9.1839,46.113,567.73,240.9
64,15,12.355,42.869,489.51,207.73
64,15,6.4369,44.48,511.67,212.12
64,15,9.9859,43.946,529.15,229.22
64,15,6.9114,45.112,556.14,242.73
64,15,7.2126,42.746,472.81,195.09
64,15,6.5246,45.995,559.86,233.63
64,15,8.1096,44.507,528.11,225.4
64,15,6.9286,43.174,484.3,204.07
64,15,7.917,43.515,508,218.2
64,15,6.8325,45.279,546.17,232.67
64,15,11.009,45.901,565.39,240.27
64,15,6.963,45.849,551.31,232.71
64,15,7.1379,45.217,537.77,229.82
64,15,7.1793,44.427,528.57,227.85
64,15,5.621,43.622,521.35,224.1
64,15,7.7064,43.808,499.78,205.96
64,15,6.2494,45.379,556.37,238.45
64,15,9.8721,44.723,501.2,205.91
64,15,6.5377,43.103,490.62,207.5
64,15,8.1339,43.657,467.16,183.28
64,15,6.864,42.745,492.36,209.95
64,15,7.4242,45.697,541.04,226.96
64,15,8.3628,40.686,447.11,195.97
64,15,7.3382,42.655,461.25,187.77
64,15,6.7281,46.649,551.96,222.82
64,15,6.0841,43.767,506.89,216.35
64,15,7.622,43.486,503.55,213.66
64,15,9.1005,42.342,467.77,191.76
64,15,7.1382,43.977,522.15,226.3
64,15,7.6815,42.162,470.48,200.67
64,15,6.9209,45.707,574.09,251.44
64,15,7.2432,42.906,481.21,198.35
64,15,9.1383,42.809,485.65,203.12
64,15,7.9944,43.146,479.91,202.05
64,15,8.4971,44.586,522.28,222.7
64,15,10.31,42.68,482.06,202.98
64,15,9.6018,41.445,435.45,177.37
64,15,8.5264,41.552,437.14,175.92
64,15,6.2496,41.938,452.72,187.07
64,15,13.152,46.272,561.26,234.93
64,15,8.1195,44.694,494.2,196.83
64,15,6.1733,43.374,511.16,221.82
64,15,6.8571,44.266,527.65,232.03
64,15,7.4772,44.613,522.03,219.27
64,15,8.5197,46,554.56,232.99
64,15,11.426,43.727,526.83,231.69
64,15,8.1857,44.594,541.16,239.32
64,15,7.3038,42.837,495.17,212.95
64,15,7.7544,47.458,584.02,241.69
64,15,7.2457,45.957,558.82,238.33
64,15,9.6204,45.202,538.92,227.37
64,15,7.1485,43.054,481.37,197.43
64,15,5.8312,47.311,588.22,246.72
64,15,5.9414,43.532,506.67,210.1
64,15,7.5843,43.343,477.79,194.17
64,15,8.6403,43.213,472.14,192.7
64,15,8.2954,45.031,516.05,216.97
64,15,7.0451,44.76,552.02,244.82
64,15,5.7018,43.071,481.73,202.79
64,15,10.112,47.42,598.52,258.22
64,15,12.504,42.887,483.02,200.63
64,15,9.1825,43.053,485.04,208.53
64,15,6.3382,44.39,522.06,219.47
64,15,9.6987,43.277,470.64,184.93
64,15,11.458,43.907,525.38,229.35
64,15,6.3399,46.594,590.7,256.25
64,15,9.0775,43.079,474.66,197.08
64,15,7.7758,43.439,485.19,197.3
64,15,7.8239,45.44,534.26,228.1
64,15,9.6088,42.181,478.45,204.09
64,15,6.9983,42.697,502.22,219.56
64,15,6.3936,45.421,543.23,228.1
64,15,8.376,42.998,475.24,196.3
64,15,7.9181,44.688,517.83,216.6
64,15,7.0065,43.111,485.09,204.83
64,15,8.3127,41.165,463.72,205.07
64,15,8.9551,44.033,520.64,224.88
64,15,9.3073,42.258,472.58,195.95
64,15,8.4059,43.347,518.03,226.85
64,15,10.586,44.509,519.25,221.4
64,15,7.9876,43.263,506.35,216.33
64,15,6.4193,42.871,483.56,205.91
64,15,7.6981,41.656,453.55,186.92
64,15,6.4819,46.057,584.94,253.49
64,15,7.7466,45.85,522.37,200.9
64,15,6.5955,44.005,530.06,231.45
64,15,9.1819,44.492,555.63,248.58
64,15,6.1828,41.432,468.66,202.38
64,15,9.5461,43.156,493.06,207.28
64,15,6.8775,44.111,513.53,216.2
64,15,6.2665,45.39,542.49,227.7
64,15,8.515,42.896,507.1,222.98
64,15,8.2962,43.634,511.2,218.56
64,15,6.4002,44.381,510.88,207.32
64,15,7.8675,44.26,510.1,216.37
64,15,9.5551,43.937,524.31,229.31
64,15,8.4274,42.217,476.92,202.74
64,15,10.416,44.572,526.67,226.1
64,15,8.9292,42.535,477.75,202.86
64,15,11.852,44.833,540.67,236.06
64,15,6.4031,44.638,509.28,206.12
64,15,7.2071,42.139,447.87,179.14
64,15,7.4126,44.214,508.38,215.9
64,15,8.0305,45.185,543.2,236.98
64,15,7.9142,41.984,471.04,201.1
64,15,7.9047,42.928,496.68,212.52
64,15,9.3605,43.237,487.28,207.92
64,15,8.4713,42.868,469.97,190.24
64,15,9.4487,42.961,480.53,198.6
64,15,9.3453,44.453,521.6,217.77
64,15,7.9851,41.901,469.93,201.56
64,15,7.7206,44.963,535.53,231.17
64,15,7.537,43.462,498.99,213.03
64,15,6.3041,44.001,505.61,212.71
64,15,6.7198,42.456,489.56,210.29
64,15,7.3448,42.723,474.76,196.46
64,15,5.7246,41.915,464.33,194.82
64,15,7.3285,41.371,445.2,180
64,15,7.3289,43.006,498.1,217.48
64,15,9.0184,43.881,498.36,211.21
64,15,6.7837,44.309,541.3,236.37
64,15,7.4264,42.722,473.28,190.76
64,15,10.553,44.138,536.32,235.26
64,15,6.5594,43.867,519.5,225.17
64,15,11.979,45.61,561.12,244.95
64,15,7.6326,45.373,530.49,220.5
64,15,8.5448,45.478,550.71,242.18
64,15,6.8994,42.231,482.44,211.19
64,15,7.1239,45.578,532.57,219.45
64,15,7.9153,43.816,502.21,206.84
64,15,6.4,44.648,538.38,231.13
64,15,7.8555,44.539,541.02,234.66
64,15,6.4238,44.505,518.36,216.9
64,15,8.9515,46.772,564.41,232.61
64,15,5.3955,42.129,465.35,189.9
64,15,7.0146,43.963,522.46,227.71
64,15,6.1389,45.653,551.14,232.29
64,15,6.5867,42.525,467.6,194.34
64,15,8.293,45.296,533.47,225.99
64,15,11.517,45.593,532.92,219.96
64,15,8.148,44.982,550.78,240.33
64,15,10.794,45.864,534.34,216.47
64,15,7.1941,44.598,521.95,217.35
64,15,8.1015,43.181,492.5,208.93
64,15,5.8519,45.183,552.58,240.79
64,15,8.8589,45.555,541.06,221.34
64,15,10.173,42.05,465.25,199.38
64,15,6.8098,44.621,538.71,234.68
64,15,5.3506,44.065,518.65,219.87
64,15,8.8007,44.055,508.08,209.69
64,15,7.761,42.025,465.15,195.61
64,15,9.7698,42.451,481.3,203.54
64,15,8.0006,42.35,471.44,199.17
64,15,7.225,44.26,521.01,218.54
64,15,7.8562,42.981,500.51,212.98
64,15,5.82,47.853,604.42,256.78
64,15,9.382,41.852,508.54,237.54
64,15,7.8836,42.501,493.06,217.23
64,15,9.1698,44.768,534.44,228.73
64,15,7.0947,43.043,503.83,220.68
64,15,9.326,45.137,518.14,210.48
64,15,6.869,41.687,450.08,187.99
64,15,6.2269,42.449,480.49,209.26
64,15,6.1597,42.379,486.37,211.75
64,15,7.7274,43.921,517.64,222.44
64,15,9.2228,39.828,431.03,186.01
64,15,8.2424,43.043,492.59,206.43
64,15,6.8194,45.225,563.54,249.19
64,15,5.7661,43.588,502.35,211.48
64,15,8.6787,43.648,473,187.5
64,15,9.0766,43.321,495.93,213.6
64,15,6.1746,42.518,501.02,223.78
64,15,9.2944,42.522,483.02,203.18
64,15,6.7094,42.082,466.97,196.25
64,15,6.3987,43.749,488.16,203.46
64,15,6.0578,40.795,467.02,207.07
64,15,6.7542,43.797,519.66,223.15
64,15,7.6751,44.27,523.98,226.02
64,15,7.3303,42.578,480.11,203.61
64,15,8.9879,45.043,539.21,232.5
64,15,9.5866,42.917,515.07,228.4
64,15,9.058,45.393,547.35,234.92
64,15,7.4758,44.468,526.05,226.26
64,15,8.0221,44.374,539.05,234.15
64,15,6.5253,46.154,582.56,252.99
64,15,10.405,46.321,592.26,260.62
64,15,8.2629,47.625,607.46,264.69
64,15,7.6926,45.128,528.04,220.43
64,15,8.8607,44.539,526.26,226.65
64,15,8.9044,41.704,479.8,213.89
64,15,6.863,42.714,497.64,219.47
64,15,7.3059,45.088,523.41,216.94
64,15,13.179,44.692,543.19,233.81
64,15,7.6233,43.162,486.62,205.69
64,15,13.031,42.366,480.33,206.98
64,15,6.1093,43.184,509.32,221.25
64,15,5.293,42.946,476.96,198.78
64,15,6.004,42.765,529.55,245.41
64,15,9.1728,44.281,526.86,222.85
64,15,7.0943,43.696,514.07,223.46
64,15,10.107,40.436,435.34,184.5
64,15,10.01,42.19,486.4,211.91
64,15,8.1388,45.496,530.6,219.06
64,15,7.1361,45.17,533.59,221.69
64,15,10.392,42.431,477.03,202.11
64,15,11.423,45.789,549.77,234.6
64,15,8.7123,44.018,482.62,192.35
64,15,8.351,44.394,536.17,230.52
64,15,6.7681,44.01,520.56,219.96
64,15,8.3848,42.85,495.95,215.11
64,15,6.2606,44.083,507.64,211.14
64,15,10.746,42.58,471.48,196.64
64,15,6.2192,43.891,498.14,205.81
64,15,6.6685,43.658,508.98,215.37
64,15,7.35,46.407,551.75,227.61
64,15,7.0349,43.846,512.1,221.04
64,15,6.6603,44.681,538.25,228.93
64,15,8.1172,44.552,527.04,225.29
64,15,7.2645,45.442,551.11,236.96
64,15,8.1793,46.19,552.74,229.89
64,15,6.3704,46.628,586.39,251.67
64,15,8.3481,42.899,472.87,189.91
64,15,11.126,43.505,493.71,207.76
64,15,7.0887,46.173,562.47,240.07
64,15,6.6059,42.028,478.47,205.14
64,15,6.5744,43.273,493.4,210.5
64,15,6.8422,44.886,550.84,237.18
64,15,8.6898,40.732,445.13,190
64,15,9.7896,46.083,538.52,220.5
64,15,5.7723,41.857,481.04,209.02
64,15,7.0864,43.029,511.46,227.69
64,15,8.0018,42.152,487.17,214.8
64,15,6.4135,43.154,481.88,197.44
64,15,8.0338,42.12,466.48,199.02
64,15,5.988,42.23,506.36,227.98
64,15,7.0839,42.819,504.74,220.89
64,15,7.9026,44.308,511.84,212.89
64,15,6.1132,42.86,511.65,227.92
64,15,7.2701,43.899,500.53,207.71
64,15,7.4263,45.716,546.99,230.98
64,15,7.5273,44.81,523.53,223.67
64,15,8.9798,42.29,472.33,198.6
64,15,9.9012,44.3,543.42,237.21
64,15,6.6405,46.661,575.61,245.51
64,15,6.9856,45.58,551.81,236.36
64,15,8.0012,45.165,523.13,210.74
64,15,8.3802,43.229,497.37,211.23
64,15,10.441,44.5,520.93,219.74
64,15,9.9165,41.904,456.88,190.6
64,15,8.1227,43.654,507.01,217.29
64,15,5.8658,44.655,568.21,253
64,15,8.138,43.833,507.73,213.81
64,15,8.0011,43.553,501.44,213.1
64,15,8.6122,42.446,466.25,193.74
64,15,6.5958,44.145,524.53,224.4
64,15,10.225,45.903,551.95,236.17
64,15,7.7231,44.211,506.94,208.37
64,15,9.143,43.428,497,207.62
64,15,8.7125,41.261,427.74,173.95
64,15,7.0826,46.541,548.55,220.03
64,15,7.2589,44.251,526.19,226.79
64,15,8.0982,43.607,504.62,209.54
64,15,6.3533,43.23,507.99,219.8
64,15,7.7369,43.538,491.08,201.07
64,15,7.0842,45.642,562.36,241.63
64,15,7.6202,44.665,529.3,221.66
64,15,6.9976,42.956,482.76,199.9
64,15,9.0649,43.168,483.66,202.68
64,15,6.436,43.283,499.06,211.94
64,15,8.1032,43.363,505.63,217.71
64,15,8.4586,44.016,491.33,199.43
64,15,6.842,42.558,488.54,209.18
64,15,8.9209,44.208,522.04,222.94
64,15,7.9963,43.75,525.27,230.84
64,15,6.1525,44.007,535.62,234.05
64,15,9.0771,42.969,494.97,212.47
64,15,6.5489,43.535,514.12,220.95
64,15,9.1706,42.982,496.3,217.58
64,15,8.671,43.079,475.92,189.23
64,15,7.7419,46.287,566.6,240.5
64,15,7.1764,45.398,540.62,227.96
64,15,9.484,44.034,530.18,232.53
64,15,10.846,45.541,570.36,248.54
64,15,8.5865,44.822,542.51,238.7
64,15,7.5361,43.644,503.73,211.47
64,15,6.939,46.299,571.69,247
64,15,7.314,42.617,485.46,209.07
64,15,10.084,44.373,539.75,238.48
64,15,8.3975,41.744,476.75,209.13
64,15,10.909,43.302,508.31,227.41
64,15,11.105,44.71,532.01,227.43
64,15,10.802,43.045,474.07,198.32
64,15,9.6846,45.343,520.87,216.16
64,15,7.0427,44.374,510.88,214.65
64,15,5.7812,41.817,462.93,198.07
64,15,9.1205,41.99,489.02,216.77
64,15,7.2917,42.629,497.72,215.71
64,15,11.961,43.362,467.74,187.14
64,15,6.4981,45.024,530.73,226.18
64,15,7.1223,42.836,473.75,192.67
64,15,6.9895,42.887,509.16,222.89
64,15,11.371,43.192,508.81,220.73
64,15,7.4177,44.377,552.97,245.93
64,15,7.8016,41.659,451.6,181.91
64,15,6.3343,43.712,513.89,214.38
64,15,7.4052,43.989,535.73,238.68
64,15,6.0579,44.858,533.13,227.63
64,15,11.863,45.316,554.3,239.48
64,15,6.1457,40.565,436.62,179.89
64,15,8.3207,44.105,530.88,233.52
64,15,8.5963,41.748,469,200.86
64,15,9.601,42.518,479.56,206.05
64,15,6.7321,44.68,504.73,200.59
64,15,7.2425,44.56,536.31,226.92
64,15,9.2311,44.406,522.41,216.62
64,15,8.7219,45.634,546.27,226.82
64,15,6.921,41.31,451.63,189.13
64,15,6.9482,42.313,495.34,217.79
64,15,7.5734,43.801,524.22,224.78
64,15,7.1247,43.419,471.79,190.1
64,15,8.4612,41.908,455.74,188.93
64,15,7.1709,44.325,528.89,225.53
64,15,8.5884,44.773,544.86,236
64,15,5.9528,43.157,488.05,203.75
64,15,6.4876,43.512,473.5,188.35
64,15,8.9697,45.098,528.41,218.06
64,15,8.4441,45.88,546.77,230.19
64,15,5.9787,44.716,534.23,232.06
64,15,7.7758,43.181,483.81,198.92
64,15,6.1083,44.572,550.85,242.48
64,15,6.537,44.439,514.04,217.93
64,15,7.2056,46.03,577.7,248.06
64,15,7.8077,45.015,539.04,228.48
64,15,9.8582,44.528,514.33,215.37
64,15,6.7737,43.165,494.98,207.16
64,15,7.6196,47.227,592.16,257
64,15,7.2399,43.469,507.5,218.46
64,15,7.4463,42.566,480.36,202.16
64,15,8.6106,44.474,512.6,216.22
64,15,8.5286,46.305,538.58,218.49
64,15,7.6849,43.623,501.18,208.58
64,15,6.696,42.738,483.22,210.08
64,15,7.8797,45.188,531.72,224.68
64,15,6.3918,44.892,545.55,235.58
64,15,9.2222,44.59,533.15,232.04
64,15,7.8832,40.938,452.27,187.22
64,15,9.2937,45.398,572.18,248.76
64,15,6.3046,44.195,533.74,238.67
64,15,8.6218,42.711,498.13,214.63
64,15,8.1558,44.477,527.9,227.32
64,15,6.3159,42.109,480.66,205.54
64,15,5.9532,41.955,490.47,214.35
64,15,7.4584,42.616,482.99,202.85
64,15,9.1253,42.633,483.93,205.37
64,15,8.4907,45.463,549.79,233.78
64,15,6.4134,43.991,500.71,202.78
64,15,7.1414,46.635,560.74,226.75
64,15,8.4616,44.854,537.8,228.47
64,15,7.1146,43.008,523.89,232.28
64,15,9.1087,43.693,521.18,228.52
64,15,8.1621,44.682,533.18,221.38
64,15,9.7948,40.547,409.05,164.51
64,15,8.0988,44.721,537.89,231.6
64,15,6.9238,43.524,523.12,230.36
64,15,7.9593,45.487,535.67,222.82
64,15,7.215,43.199,505,218.61
64,15,9.2529,43.367,500.86,213.95
64,15,8.3954,43.521,502.99,215.92
64,15,6.1085,41.902,449.43,181.45
64,15,8.9712,44.91,543.77,234.23
64,15,6.4196,43.349,505.06,217.1
64,15,6.7168,44.799,544.33,236.19
64,15,6.415,42.547,471.12,199.54
64,15,9.6495,42.696,466.64,189.35
64,15,7.4453,41.464,454.34,192.97
64,15,7.105,42.748,495.98,212.93
64,15,7.2409,41.349,468.76,203.54
64,15,7.4812,43.936,518.58,224.34
64,15,5.6791,46.082,552.56,226.94
64,15,10.053,40.783,433.23,181.81
64,15,7.414,41.797,457.49,190.81
64,15,6.4754,44.987,521.14,213.84
64,15,7.7753,44.671,544.77,236.65
64,15,9.7498,43.651,517.16,222.2
64,15,7.0753,42.757,504.33,220.57
64,15,7.0776,45.354,533.45,223.42
64,15,7.0248,44.056,515.65,218.27
64,15,6.5485,44.033,534.02,235.94
64,15,8.4789,45.019,553.37,242.72
64,15,6.1257,45.87,571.71,249.11
64,15,7.5135,42.638,448.03,175.75
64,15,6.9572,42.578,477.95,202.16
64,15,10.418,44.71,550.85,242.18
64,15,10.021,44.396,524.31,221.37
64,15,7.5274,43.091,528.24,236.1
64,15,7.9252,42.714,479.47,202.88
64,15,6.1474,45.216,547.1,230.95
64,15,6.7516,44.964,517.31,213.16
64,15,9.7804,43.805,499.94,208.59
64,15,5.8175,45.973,573.94,249.53
64,15,7.9116,42.484,495.08,215.29
64,15,7.2814,43.624,505.99,218.43
64,15,7.7822,43.588,494.97,203.25
64,15,6.8388,43.188,499.74,215.96
64,15,6.9148,44.028,521.38,224.27
64,15,5.978,41.657,465.87,200.57
64,15,7.2256,44.409,546.6,241.49
64,15,9.4127,44.985,497.22,192.03
64,15,9.173,44.316,526.37,225.69
64,15,7.679,42.854,486.22,205.6
64,15,8.1279,44.402,517.75,219.41
64,15,7.8833,44.56,503.34,209.64
64,15,6.5533,44.068,496.47,209.3
64,15,9.9205,42.545,491.66,212.96
64,15,9.5684,42.83,477.47,198.2
64,15,6.2039,42.865,484.54,204.79
64,15,7.8347,41.574,461.64,196.62
64,15,8.9155,43.504,501.27,208.98
64,15,7.1327,46.637,580.17,249.26
64,15,6.1475,44.704,543.64,240.73
64,15,7.4436,42.068,473.86,199.64
64,15,7.8015,44.936,525.74,221.91
64,15,7.0036,45.072,529.17,222.92
64,15,7.43,42.857,484.1,207.44
64,15,7.8299,43.602,524.28,228.44
64,15,10.121,44.598,536.57,233.38
64,15,7.0787,45.452,563.61,247.83
64,15,6.2465,41.47,443.72,182.4
64,15,8.3264,45.019,517.92,208.32
64,15,7.1601,44.282,531.8,235.19
64,15,7.8941,44.795,529.64,229.14
64,15,6.0795,44.96,531.69,228.29
64,15,9.9795,43.641,507,218.43
64,15,6.8806,42.884,494.95,214.87
64,15,6.4851,42.305,488.51,212.32
64,15,7.5398,43.022,502.99,217.55
64,15,8.7479,47.515,611.85,266.22
64,15,5.9847,44.857,533.79,226.78
64,15,10.277,43.22,504.07,214.78
64,15,6.7038,42.889,483.82,199.2
64,15,7.2167,43.015,482.59,201.48
64,15,9.5358,43.117,481.32,202.79
64,15,6.4731,45.642,536.17,221.24
64,15,7.8264,42.412,497.36,217.68
64,15,8.2562,42.411,502.32,225.8
64,15,6.6176,43.189,506.26,220.03
64,15,7.9552,42.764,488.55,203.78
64,15,9.4853,44.713,532.18,225.6
64,15,7.5392,43.076,498.88,217.23
64,15,5.973,44.986,545.63,238.56
64,15,8.2612,44.262,523.5,227.65
64,15,7.6327,43.566,506.05,217.69
64,15,6.8589,44.271,534.41,235.56
64,15,10.541,45.601,553.59,234
64,15,8.2174,42.521,494.13,218.9
64,15,7.2271,43.739,505.17,209.12
64,15,6.4933,43.71,513.11,223.01
64,15,10.959,46.57,570.32,247.48
64,15,9.2978,46.295,575.29,250.61
64,15,6.9259,43.912,493,199.85
64,15,12.311,43.923,503.63,210.78
64,15,10.711,42.413,468.03,195.67
64,15,10.244,43.596,525.15,231.68
64,15,8.2892,45.938,541.45,223.49
64,15,6.399,44.209,522.6,228.57
64,15,6.4794,43.883,543.45,241.32
64,15,8.5288,41.995,484.12,215.26
64,15,7.4271,45.623,554.84,237.19
64,15,7.386,44.233,523.07,221.67
64,15,7.0353,44.787,537.89,233.54
64,15,7.5085,43.981,526.95,229.58
64,15,9.2299,41.252,465.22,204.75
64,15,6.4512,44.216,513.33,214.29
64,15,8.8666,43.965,498.08,203.89
64,15,6.4437,43.912,527.51,228.67
64,15,11.457,43.293,503.37,217.43
64,15,7.6609,44.126,522.08,223.88
64,15,10.85,44.592,536.76,236.24
64,15,5.8947,45.135,538.24,228.44
64,15,9.5481,44.077,520.73,219.83
64,15,7.2795,43.573,514.19,220.27
64,15,6.9174,45.362,537.77,220.63
64,15,8.0886,41.382,448.91,190.6
64,15,7.2556,41.586,465.28,199.29
64,15,9.2236,45.691,532.64,220.73
64,15,9.5135,46.449,533.34,208.32
64,15,7.7545,46.256,585.65,254.38
64,15,7.709,46.882,586.3,252.71
64,15,7.8125,44.773,522.58,221.26
64,15,5.6365,42.671,498.28,213.96
64,15,7.2742,42.339,507.81,225.4
64,15,7.6064,43.762,484.49,193.83
64,15,8.7536,43.825,508.5,213.96
64,15,6.7801,45.842,557.94,235.09
64,15,9.5594,43.515,498.78,205.16
64,15,6.9367,43.999,509.67,219.34
64,15,7.7547,45.296,545.71,229.02
64,15,8.8512,43.149,489.24,204.74
64,15,7.5395,43.39,489.56,204.39
64,15,9.5181,46.576,559.48,232.75
64,15,6.1547,45.307,526.13,216.31
64,15,7.4785,45.88,535.09,218.99
64,15,11.16,44.117,522.46,220.66
64,15,6.3793,44.21,515,217.34
64,15,7.2734,41.212,437.19,181.14
64,15,8.7357,46.361,584.3,252.11
64,15,7.949,43.043,498.5,214.4
64,15,5.7338,48.09,612.73,258.5
64,15,8.5579,45.521,546.1,230.36
64,15,9.6513,46.117,554.79,231.53
64,15,8.994,46.196,566.44,239.32
64,15,6.6012,45.911,560.33,235.48
64,15,5.9645,43.449,494.22,202.47
64,15,8.2837,43.818,501.32,208.34
64,15,7.2891,44.815,533.06,227.19
64,15,6.725,44.5,556.4,248.4
64,15,6.358,45.117,550.99,235.15
64,15,11.98,44.476,511.65,213.02
64,15,9.6744,42.107,464.55,196.66
64,15,7.1155,45.788,566.62,244.36
64,15,7.0288,45.203,520.94,216.13
64,15,7.4379,43.938,515.18,221.38
64,15,5.8086,45.113,544.2,231.36
64,15,5.9863,43.987,524.97,229.17
64,15,6.4651,43.429,519.04,228.61
64,15,6.0318,45.504,548.37,227.61
64,15,7.3045,45.387,545.18,230.39
64,15,7.9321,44.054,514.25,221.07
64,15,8.7217,44.142,531.45,234.46
64,15,7.3657,44.115,501.55,206.56
64,15,8.4229,45.734,543.75,231.76
64,15,7.8107,40.568,450.1,195.31
64,15,7.5949,43.46,484.12,203.4
64,15,11.52,43.528,496.92,213.07
64,15,8.2219,45.068,511.93,211.52
64,15,8.9702,44.54,543.96,238.72
64,15,8.4884,43.414,489.15,207.07
64,15,7.1473,42.937,490.5,208.96
64,15,7.2618,45.136,545.77,229.37
64,15,7.8356,43.232,494.83,211.1
64,15,7.9128,43.477,521.16,230.12
64,15,7.1943,44.522,528.7,222.75
64,15,8.4646,44.648,518.8,218.28
64,15,8.188,42.54,493.33,210.59
64,15,8.6434,41.639,450.45,188.6
64,15,9.2345,44.336,525.2,228.66
64,15,9.0272,43.182,503.41,217.37
64,15,5.9151,43.28,498.28,212.64
64,15,8.792,44.091,496.67,210.46
64,15,8.6836,45.84,560.37,239.18
64,15,7.6061,45.241,514.15,202.36
64,15,8.0455,43.373,484.52,204.53
64,15,10.671,43.6,487.53,199.02
64,15,6.2228,43.835,518.32,222.48
64,15,8.1713,45.31,561.18,242.53
64,15,5.6642,45.605,565.75,245.75
64,15,6.7913,43.661,501.51,211.76
64,15,10.143,42.797,488.77,211.98
64,15,7.0778,44.514,525.26,225.84
64,15,8.2233,46.488,587.42,256.35
64,15,7.6178,43.932,503.99,211.75
64,15,7.7719,44.144,532.26,230.36
64,15,8.067,43.095,488.96,205.38
64,15,9.9884,43.881,504,209.74
64,15,6.8591,45.497,552.47,233.88
64,15,10.135,40.838,441.29,186.56
64,15,8.9525,43.066,480.94,198.19
64,15,6.0611,44.821,539.38,231.25
64,15,6.587,46.644,578.43,243.04
64,15,7.4594,42.417,485.35,209.25
64,15,6.3751,46.728,593.2,255.14
64,15,7.9606,44.063,499.36,204.62
64,15,7.2906,43.454,506.24,211.62
64,15,8.796,46.063,552.6,231.66
64,15,7.6298,43.599,491.37,201.7
64,15,5.8179,43.649,504.86,214.76
64,15,7.3709,43.657,491.64,202.76
64,15,8.6035,44.035,515.52,217.71
64,15,7.8352,43.936,502.42,210.58
64,15,7.3647,43.483,486.45,199.93
64,15,5.8627,42.676,480.47,201.15
64,15,6.2736,41.458,455.92,192.19
64,15,8.6463,43.543,495.8,210.98
64,15,5.4402,44.794,516.7,212.97
64,15,7.6391,40.667,447.96,193.93
64,15,6.7878,44.533,535.88,229.56
64,15,7.2823,42.598,472.92,197.49
64,15,6.207,43.174,515.53,225.22
64,15,8.9407,42.954,474.99,186.59
64,15,6.7234,43.42,492.8,204.87
64,15,6.4273,47.786,623.52,270.94
64,15,8.01,42.532,482.46,203.29
64,15,7.4333,41.789,455.12,195.74
64,15,9.2883,45.41,538.21,226.65
64,15,6.7938,44.975,549.3,233.48
64,15,7.8778,44.461,544.64,237.91
64,15,5.4756,44.524,533.28,230.68
64,15,6.4778,45.365,569.62,253.06
64,15,7.5125,42.669,444.45,172.86
64,15,8.1258,43.638,512.61,221.25
64,15,6.2402,42.111,489.14,217.2
64,15,5.8912,43.148,513.66,229.19
64,15,8.8292,45.445,556.26,240.1
64,15,9.388,45.522,542.87,232.79
64,15,9.2058,44.071,508.65,216.6
64,15,8.4051,43.479,507.46,219.74
64,15,7.4484,44.786,548.82,243.97
64,15,10.242,44.269,526.75,227.86
64,15,7.1961,45.786,546.19,230.37
64,15,7.6128,44.481,518.72,221.32
64,15,8.527,42.621,476.01,198.33
64,15,8.0921,46.841,592.18,255.87
64,15,8.3673,44.941,550.35,241.8
64,15,7.6773,44.902,524.56,218.25
64,15,12.115,45.269,519.37,214.59
64,15,7.4657,43.07,499.72,216.82
64,15,7.258,42.898,476.39,198.37
64,15,8.0699,41.777,465.95,201.48
64,15,7.9286,44.08,534.64,237.97
64,15,7.4354,41.654,453.92,190.17
64,15,6.3868,43.834,502.02,212.42
64,15,7.7711,44.09,496.95,204.9
64,15,6.6652,44.274,547.7,241.01
64,15,9.2535,42.646,497.99,220.27
64,15,8.1451,44.825,513.87,212.34
64,15,8.3327,43.8,514.01,222.13
64,15,8.587,43.483,516.96,224.58
64,15,9.0001,42.45,479.3,204.16
64,15,7.5896,43.329,494.03,206.6
64,15,5.952,45.972,581.66,254.85
64,15,6.8146,44.541,540.39,235.09
64,15,7.855,43.708,509.19,215.52
64,15,8.1383,44.312,494.21,196.93
64,15,14.231,43.064,490.2,204.64
64,15,9.9596,42.405,456.13,183.75
64,15,8.7859,43.951,513.44,216.37
64,15,7.0594,43.641,513.92,221.01
64,15,8.2719,46.399,569.93,243.9
64,15,10.967,41.097,436.01,179.67
64,15,7.9304,45.436,543.55,228.39
64,15,11.796,41.897,459.36,190.51
64,15,6.8785,42.837,467.73,189.46
64,15,6.0781,43.987,507.31,212.82
64,15,11.562,42.919,500.6,217.2
64,15,9.3415,41.43,460.2,201.5
64,15,10.506,43.859,511.94,218.23
64,15,6.2265,45.527,554.96,231.1
64,15,10.029,42.034,512.36,234.72
64,15,6.1018,42.82,500.12,213.16
64,15,9.2552,42.959,486.58,205.73
64,15,6.8453,42.309,477.59,201.74
64,15,8.2237,46.086,577.53,249.17
64,15,6.9934,45.267,541.93,231.73
64,15,7.6427,42.27,480.32,202.18
64,15,8.4597,41.963,452.76,187
64,15,8.1083,46.423,601.5,265.81
64,15,6.7607,46.346,556.93,223.23
64,15,9.915,44.228,518.95,223.45
64,15,6.3789,42.969,486.91,204.28
64,15,8.0461,42.595,503.73,224.59
64,15,8.6946,46.262,575.17,250.56
64,15,10.304,44.989,507.75,203.32
64,15,8.1485,45.36,542.42,230.42
64,15,7.2082,44.084,472.22,181.45
64,15,7.2706,41.777,465.53,192.16
64,15,8.3785,42.646,483.31,205.42
64,15,8.7522,43.3,502.18,219
64,15,7.8197,43.385,488.32,203.31
64,15,7.4432,46.269,578.56,246.82
64,15,10.517,40.729,445.55,193.33
64,15,8.0407,44.541,530.2,224.61
64,15,7.5313,42.416,490.13,212.16
64,15,7.6967,43.392,495.22,205.85
64,15,8.5758,41.77,468.2,193.19
64,15,6.0602,42.657,496.48,216.03
64,15,6.2056,44.11,512.91,212
64,15,11.732,45.364,549.26,235.89
64,15,8.5307,43.203,489.58,206.64
64,15,5.839,43.259,491.92,212.53
64,15,8.5689,42.907,514.93,229.28
64,15,6.0547,43.758,511.77,215.12
64,15,8.0997,43.301,504.4,221.52
64,15,6.374,46.058,602.27,267.39
64,15,7.324,44.123,521.08,224.63
64,15,7.6627,43.228,506.19,216.06
64,15,9.9246,44.372,531.57,228.49
64,15,6.3184,43.625,507,213.29
64,15,7.139,44.274,508.41,210.68
64,15,8.3447,45.846,548.48,230.17
64,15,6.6996,46.599,578.47,248.87
64,15,5.3426,43.158,489.8,209.46
64,15,10.057,45.28,530.03,220.93
64,15,6.4755,47.457,586.12,245.65
64,15,6.4521,41.722,489.15,217.41
64,15,6.869,42.375,513.27,232.3
64,15,7.341,44.43,532.82,229.34
64,15,8.4096,43.94,501.53,208.05
64,15,7.6349,42.484,472.48,198.42
64,15,5.9625,42.868,484,199.77
64,15,6.3975,43.074,483.51,198.89
64,15,7.9311,43.561,511.87,219.93
64,15,7.8012,43.747,513.89,217.03
64,15,8.4205,41.688,457.28,193.9
64,15,7.1015,43.478,512.62,219.91
64,15,8.7892,45.929,557.29,236.22
64,15,8.5444,43.179,508.05,225.63
64,15,6.9976,45.086,551.1,238.64
64,15,9.7719,43.755,511.91,219.2
64,15,8.096,44.216,522.39,213.91
64,15,7.274,45.351,518.28,214.09
64,15,7.4625,43.246,488.61,211.39
64,15,7.653,45.273,552.34,241.29
64,15,7.8656,42.683,473.36,199.17
64,15,12.725,42.802,493.68,209.88
64,15,6.3085,44.485,519.96,214.11
64,15,5.8886,43.501,514.66,222.47
64,15,7.1494,44.018,540.97,240.06
64,15,9.5224,42.504,489.28,209.82
64,15,7.5813,42.499,467.97,196.22
64,15,8.7988,45.827,560.68,241.41
64,15,7.07,42.462,491.05,211.79
64,15,6.9471,45.008,564.92,251.68
64,15,7.6683,43.372,505.67,214.76
64,15,10.244,42.401,498.65,219.1
64,15,9.6958,47.041,583.85,248.59
64,15,10.664,42.257,480.41,207.6
64,15,6.0102,47.023,576.24,241.74
64,15,8.5923,43.577,489.39,204.29
64,15,7.308,45.069,519.3,213.32
64,15,9.048,43.451,501.42,215.8
64,15,10.057,44.698,526.45,222.31
64,15,9.4897,41.976,445.31,183.97
64,15,7.5647,44.392,529.3,227.47
64,15,6.6065,45.133,549.08,230.68
64,15,7.9805,44.915,528.72,221.04
64,15,13.893,43.123,491.05,207.52
64,15,9.5613,45.626,562.44,239.95
64,15,7.7744,43.823,514.1,220.44
64,15,8.7703,45.007,534.7,225.14
64,15,5.8884,43.795,493.76,207.33
64,15,8.1516,43.799,510.17,215.46
64,15,8.4332,44.796,530.36,225.57
64,15,8.145,42.699,492.47,215.56
64,15,7.2835,45.227,552.48,237.1
64,15,9.0184,44.55,538.94,233.31
64,15,8.5963,43.922,541.47,244.13
64,15,5.8513,44.083,526.82,231.1
64,15,7.2468,44.193,499.78,210.01
64,15,6.756,45.337,554.37,238.33
64,15,13.646,42.287,480.33,208.06
64,15,9.2115,42.726,491.48,214.13
64,15,7.9583,43.769,526.68,231.84
64,15,7.1309,41.44,470.36,209.46
64,15,6.9962,42.363,476.08,202.4
64,15,7.7703,42.966,497.76,216.67
64,15,6.6327,45.053,525.24,225.65
64,15,9.2678,43.179,491.32,205.15
64,15,7.6299,45.618,553.56,235.85
64,15,6.7222,43.621,504.6,214.1
64,15,7.8367,42.921,481.29,201.3
64,15,9.7621,43.426,527.55,229.71
64,15,6.2807,40.805,450.3,191.59
64,15,7.3056,45.281,545.65,232.11
64,15,6.622,43.695,491.48,201.1
64,15,6.6554,43.052,499.41,214.29
64,15,10.259,43.321,525.12,235.12
64,15,6.0512,43.613,491.82,207.39
64,15,7.5022,44.749,545.03,234.19
64,15,8.8249,42.312,479.01,208.36
64,15,7.1588,43.806,510.2,219.26
64,15,7.4312,45.59,540,228.48
64,15,8.3437,44.461,526.48,228.18
64,15,9.4826,45.296,548.57,236.64
64,15,9.8612,45.517,555.17,237.43
64,15,8.3433,47.498,588.31,248.17
64,15,6.7569,43.179,487.72,208.78
64,15,6.5643,43.018,514.15,226.61
64,15,8.6514,44.502,545.42,239.43
64,15,7.0937,45.392,554.48,241.73
64,15,10.097,43.118,521.19,233.31
64,15,9.4137,44.868,566.65,251.95
64,15,7.7232,44.619,519.73,214.7
64,15,8.2951,44.282,535.34,231.8
64,15,9.8026,44.58,535.94,227.35
64,15,7.6327,44.032,518.29,227.44
64,15,6.0732,43.202,489.37,206.98
64,15,8.8682,44.553,564.68,252.81
64,15,7.9287,43.663,499.17,206.61
64,15,8.3735,44.042,525.01,225.62
64,15,8.2,42.807,474.86,200.1
64,15,7.0537,41.052,442.01,183.55
64,15,5.9174,42.853,486.46,205.86
64,15,8.5489,43.175,513.59,226.72
64,15,8.2737,44.605,518.13,214.3
64,15,7.9097,42.601,476.93,198.89
64,15,8.3264,43.129,504.59,215.34
64,15,8.486,42.889,489.89,208.73
64,15,6.9784,45.101,553.3,236.3
64,15,11.29,43.165,503.79,221.23
64,15,8.2631,42.207,487.13,214.8
64,15,12.805,44.261,515.73,219.1
64,15,9.9868,44.738,541.77,233.27
64,15,8.2917,44.899,526.29,221.19
64,15,7.3186,43.68,539.5,239.82
64,15,8.8043,41.803,478.45,208.8
64,15,9.5761,42.989,480.76,199.01
64,15,8.0999,42.978,498.23,219.47
64,15,8.5415,42.072,446.92,180.83
64,15,6.4233,42.602,504.95,220.69
64,15,10.761,44.719,515.67,214.11
64,15,8.6169,45.46,559.98,244.41
64,15,9.9764,44.268,512.3,216.14
64,15,7.6127,43.086,509.95,224.22
64,15,7.8996,44.923,519.24,209.76
64,15,8.4508,44.635,537.65,234.12
64,15,7.6324,45.026,518.56,214.17
64,15,6.4219,42.738,484.85,203.83
64,15,6.0227,41.685,440.84,175.67
64,15,9.3302,41.76,496.93,226.72
64,15,6.0332,46.38,572.42,245.99
64,15,7.87,45.5,541.83,227.48
64,15,7.4553,42.972,505.63,221.25
64,15,6.0963,43.354,498.98,212.01
64,15,9.979,46.482,565.34,240.94
64,15,9.0205,42.817,459.53,188.08
64,15,8.8113,43.506,515.82,225.26
64,15,8.0248,43.809,511.98,221.61
64,15,6.5204,43.423,509.77,222.07
64,15,5.3541,43.169,506.23,215.31
64,15,7.1427,43.032,490.06,206.4
64,15,9.8493,43.672,492.94,205.33
64,15,11.341,43.48,502.21,214.83
64,15,7.7551,43.196,504.28,215.4
64,15,6.5038,43.319,518.85,227.4
64,15,7.0932,43.644,523.59,229.36
64,15,6.6204,42.962,503.88,221.86
64,15,6.3647,43.654,499.87,203.91
64,15,7.2525,42.876,477.32,199.17
64,15,8.8937,43.556,474.38,185.92
64,15,7.9746,45.453,541.71,229.3
64,15,6.5945,43.995,528.39,229.52
64,15,6.6639,43.291,513.86,225.86
64,15,6.4246,42.508,498.76,216.49
64,15,6.4636,43.811,497.46,205.61
64,15,9.1464,43.45,507.94,216.86
64,15,7.1985,43.541,539.05,243.73
64,15,7.3952,45.009,539.7,230.29
64,15,6.8216,45.322,531.23,219.59
64,15,9.1696,45.126,551.6,244.28
64,15,5.9381,45.276,532.29,223.61
64,15,12.305,47.1,594.6,254.66
64,15,7.5245,42.978,473.67,198.83
64,15,6.2565,43.98,513.17,219.57
64,15,6.6147,42.905,485.59,204.59
64,15,5.4918,43.432,515.67,224.92
64,15,6.6079,43.118,490.4,203.26
64,15,10.125,42.735,479.47,194.25
64,15,7.8352,43.957,505.36,215.46
64,15,8.0588,45.887,551.84,229.45
64,15,7.1088,44.888,558.27,246.88
64,15,6.9941,43.826,492.08,201.81
64,15,10.606,43.585,504.19,216.54
64,15,9.6299,47.091,574.96,238.76
64,15,9.2035,44.997,567.78,254.09
64,15,7.1269,44.318,536.11,235.24
64,15,7.4965,41.99,487.09,213.16
64,15,7.2375,42.008,471.3,199.36
64,15,8.3812,44.089,521.82,227.83
64,15,7.942,43.878,518.47,219.56
64,15,8.272,44.744,519.17,217.05
64,15,7.1008,44.262,501.9,208.85
64,15,7.7886,43.875,518.78,229.63
64,15,7.4773,44.493,538.43,236.23
64,15,6.5098,44.215,534.22,229.19
64,15,6.8552,43.478,474.74,187.67
64,15,10.786,42.022,463.75,198.54
64,15,6.4806,44.321,538.36,240.62
64,15,6.8928,43.516,484.74,200.38
64,15,6.9421,44.198,514.54,215.96
64,15,10.649,45.962,565.67,240.82
64,15,8.0815,43.354,495.4,207.78
64,15,9.1564,44.715,515.95,216.66
64,15,7.5657,42.419,482.82,198.61
64,15,7.7585,44.603,535.5,225.28
64,15,6.8711,44.552,523.81,226.03
64,15,5.3977,43.296,511.24,221.3
64,15,11.403,42.587,476.04,200.52
64,15,8.32,42.951,504.89,217.68
64,15,8.5166,42.958,489.73,205.75
64,15,8.5697,43.582,508.27,218.21
64,15,11.466,44.516,526.35,221.69
64,15,10.69,41.605,453.59,190.37
64,15,6.3117,45.679,563.46,245.16
64,15,10.742,44.268,519.15,218.61
64,15,8.5677,43.123,492.41,211.35
64,15,8.9472,41.393,473.18,205.92
64,15,8.8826,42.489,453.72,180.52
64,15,8.4055,44.408,504.42,204.98
64,15,8.7626,46.11,541.75,220.96
64,15,9.557,43.749,482.9,197.98
64,15,6.4562,42.933,500.7,212.77
64,15,7.806,44.404,531.77,223.19
64,15,5.969,43.428,490.98,205.69
64,15,8.8022,43.931,511.98,222.99
64,15,8.1966,43.314,515.88,229.43
64,15,8.6235,43.072,516.95,229.13
64,15,7.4799,43.883,531.98,231.95
64,15,8.2718,43.924,497.55,204.93
64,15,7.6422,43.799,506.02,211.68
64,15,7.0289,42.01,474.47,203.46
64,15,7.2131,40.018,425.86,177.45
64,15,8.6868,44.608,549,242.27
64,15,15.348,45.807,548.53,225.36
64,15,8.1977,44.367,504.22,203.9
64,15,8.0863,45.835,529.91,215.83
64,15,7.3572,43.917,512.26,216.49
64,15,8.2453,42.056,471.16,198.29
64,15,6.4304,42.187,466.37,196.05
64,15,8.6663,45.095,528.88,221.44
64,15,7.4213,42.518,484.32,209.36
64,15,7.1278,43.881,520.62,225.16
64,15,8.1953,42.487,483.21,208.16
64,15,8.4155,43.605,497.94,212.81
64,15,9.4529,43.161,489.73,208.98
64,15,7.1422,46.278,593.17,265.13
64,15,6.1582,45.527,539.98,222.42
64,15,6.9954,43.885,511.95,216.02
64,15,6.1182,45.675,566.09,249.06
64,15,6.7347,43.065,525.21,236.95
64,15,7.4028,46.251,568.39,241.51
64,15,9.2709,43.254,487.56,201.64
64,15,7.2164,43.604,490.92,202.5
64,15,11.132,42.356,459.93,188.36
64,15,7.3893,45.647,567.88,246.43
64,15,7.9246,45.454,540.17,221.21
64,15,9.9498,41.794,463.13,197.39
64,15,6.9512,45.267,533.81,222.6
64,15,6.9327,45.65,562.25,244.85
64,15,8.1045,43.903,537.92,239.6
64,15,6.2668,42.474,468.94,193.86
64,15,14.544,43.559,515.35,226.17
64,15,9.7032,44.086,511.36,211.91
64,15,6.3858,44.752,521.47,219.94
64,15,6.188,47.078,594.54,252.68
64,15,6.963,45.559,575.79,256.82
64,15,8.0933,43.537,486.51,199.34
64,15,6.6391,43.878,494.03,206.03
64,15,6.6049,42.636,475.63,197.23
64,15,6.9414,42.978,500.7,217.72
64,15,7.6616,45.835,561.83,242.94
64,15,8.589,41.827,478.68,210.55
64,15,6.7759,44.658,537.06,234.03
64,15,6.7397,43.738,512.18,218.06
64,15,6.38,43.184,494.73,211.75
64,15,6.4384,43.023,495.08,209.84
64,15,6.963,44.989,520.78,209.99
64,15,8.1451,44.577,512.18,213.8
64,15,9.018,44.788,537.48,228.72
64,15,7.2356,43.919,520.11,225.63
64,15,8.7213,44.132,495.15,199.79
64,15,12.807,43.171,488.9,203.38
64,15,8.8532,45.659,537.96,226.44
64,15,9.9512,42.326,471.25,199.89
64,15,7.4154,44.202,517.2,222.18
64,15,7.043,44.355,499.02,200.34
64,15,11.731,42.962,480.58,201.39
64,15,10.137,45.518,537.1,224.43
64,15,8.0066,45.65,554.37,238.81
64,15,6.6815,45.649,557.39,236.64
64,15,6.174,43.923,500.48,206.7
64,15,9.9207,42.906,508.18,227.49
64,15,7.7437,45.273,551.87,239.06
64,15,7.3129,46.111,555.09,227.1
64,15,7.6813,47.169,618.82,271.94
64,15,7.7323,43.892,543.13,243.54
64,15,9.8392,44.924,525.95,214.39
64,15,8.7361,44.562,513.03,210.86
64,15,7.4539,42.101,457.35,187.34
64,15,6.6145,45.205,523.9,213.26
64,15,7.5705,43.526,508.22,215.63
64,15,8.2157,45.93,560.02,238.1
64,15,13.064,45.605,541.42,225.52
64,15,6.7717,41.819,445.48,182.39
64,15,7.0194,45.722,563.08,241.67
64,15,10.486,43.562,485.04,200.6
64,15,7.5934,42.232,487.11,211.85
64,15,7.7169,44.768,513.35,205.7
64,15,8.8234,44.225,499.33,205.38
64,15,9.4448,44.6,527.75,217.77
64,15,6.0656,41.383,459.23,196.05
64,15,9.958,45.656,551.2,232.48
64,15,7.751,43.229,495.72,211.89
64,15,8.9375,45.656,561.49,241.5
64,15,6.3309,41.475,447.33,185.43
64,15,10.335,43.902,512.64,217.24
64,15,7.9783,44.353,498.38,203.25
64,15,10.179,43.174,506.66,220.46
64,15,8.0575,41.905,467.43,197.72
64,15,8.3958,42.739,478.23,203.42
64,15,7.8084,42.278,477.36,202.49
64,15,6.7131,41.883,473.4,208.38
64,15,7.9192,43.599,521.38,229.77
64,15,9.8367,44.907,520.32,214.42
64,15,8.963,43.759,504.42,210.82
64,15,7.6037,44.908,535.67,226.34
64,15,8.0617,44.979,544.48,233.32
64,15,10.975,44.886,524.36,221.02
64,15,7.991,41.708,462.78,199.84
64,15,7.5019,45.644,548.42,234.42
64,15,6.9324,44.369,502.92,208.2
64,15,12.103,43.524,508.24,218.7
64,15,7.5977,43.981,524.84,230.8
64,15,7.0876,42.405,498.45,222.84
64,15,9.6307,42.655,469.85,194.06
64,16,7.4505,44.503,510.96,209.78
64,16,8.5253,43.863,489.75,194.78
64,16,8.1659,42.261,476.01,204.97
64,16,13.2,44.31,503.73,207.21
64,16,8.7391,44.78,531.07,230.45
64,16,7.0847,44.026,503.13,204.27
64,16,9.9452,46.034,573.63,251.59
64,16,9.5654,45.976,561.48,239.46
64,16,8.3836,42.648,494.24,215.7
64,16,7.78,43.359,514.62,224.31
64,16,9.6086,43.983,499.01,210.27
64,16,7.4538,45.462,565.85,249.29
64,16,6.6716,44.322,528.33,228.24
64,16,6.58,45.087,547.97,237.17
64,16,7.3143,43.49,526.67,235.28
64,16,5.954,43.513,529.51,232.89
64,16,8.6531,45.651,561.54,243.12
64,16,10.003,42.742,487.38,208.24
64,16,10.957,43.316,488.21,203.53
64,16,5.9874,45.449,558.94,242.54
64,16,8.2195,44.72,545.36,230.97
64,16,9.8637,44.125,532.53,237.22
64,16,8.7064,47.134,562.11,232.05
64,16,9.5872,45.339,572.85,256.46
64,16,6.2242,46.173,562.56,235.18
64,16,7.6925,47.123,591.63,253.93
64,16,7.6887,42.877,486.01,205.16
64,16,9.8523,45.616,571.1,247.95
64,16,8.3905,46.738,564.69,236.31
64,16,8.868,43.945,506.22,205.98
64,16,8.1055,45.588,554.75,237.7
64,16,8.5451,43.669,518.3,227.09
64,16,8.6014,45.446,527.1,216.23
64,16,11.236,42.708,482.22,207.99
64,16,7.3053,44.497,504.16,206.46
64,16,7.1965,43.806,511.12,219.5
64,16,8.0262,43.863,522.13,225.33
64,16,7.7319,44.791,547.19,240.3
64,16,7.5335,44.482,518.7,217
64,16,7.509,45.314,545.58,232.45
64,16,8.2545,43.701,508.41,216.1
64,16,8.2129,45.072,539.75,229.9
64,16,7.9793,43.315,523.42,231.51
64,16,8.0221,44.12,518.34,226.41
64,16,9.9869,44.552,509.21,207.14
64,16,7.1547,46.383,573.96,243.49
64,16,9.197,42.11,476.3,204.45
64,16,11.25,44.761,527.69,224.51
64,16,8.8841,42.192,471.49,199.39
64,16,7.6994,44.157,505.09,209.11
64,16,8.1482,43.763,486.59,202.18
64,16,8.1466,42.669,471.09,194.04
64,16,8.1865,45.644,566.12,245.33
64,16,7.2625,43.364,505.43,218.74
64,16,11.02,44.207,518.23,222.54
64,16,8.9211,45.463,542.91,234.46
64,16,8.689,43.897,497.87,204.79
64,16,7.8251,45.291,515.7,206.38
64,16,8.0962,43.414,507.76,218.38
64,16,6.6195,43.4,503.62,217.22
64,16,8.2285,42.743,484.99,207.83
64,16,6.4352,42.278,483.65,209.99
64,16,8.4509,41.86,476.86,209
64,16,8.366,43.867,513.08,216.19
64,16,6.3544,43.849,505.64,204.25
64,16,5.8565,44.443,520.22,217.2
64,16,7.004,44.922,537.41,229.22
64,16,6.6925,43.084,499.82,216.61
64,16,7.6402,43.551,495.33,205.74
64,16,10.575,47.466,608.95,263.32
64,16,6.885,43.725,489.91,202.32
64,16,7.9927,44.746,550.03,239.24
64,16,8.2605,45.191,575.17,257.17
64,16,9.35,41.57,449.65,187.46
64,16,10.633,44.822,539.02,229.99
64,16,9.2791,45.38,547.6,235.57
64,16,8.9738,44.546,530,224.71
64,16,6.8454,42.857,507,219.67
64,16,11.243,42.609,454.99,183.3
64,16,5.9805,45.128,532.53,224.23
64,16,8.9073,45.252,556.75,239.68
64,16,5.8877,44.848,538.18,227.45
64,16,6.081,43.44,532.14,239.15
64,16,7.2337,44.888,513.77,206.73
64,16,7.8416,43.237,503.5,210.65
64,16,7.3122,47.125,599.86,255.11
64,16,8.3574,45.149,548.77,235.6
64,16,6.1129,45.681,548.16,228.74
64,16,9.112,42.19,474.42,199.81
64,16,7.2305,42.302,461.21,193.64
64,16,8.9943,44.445,532.37,231.31
64,16,5.9835,44.667,545.51,240.83
64,16,9.4239,43.221,491.71,208.02
64,16,7.0764,44.884,519.71,206.87
64,16,8.6314,47.635,623.58,275.11
64,16,7.37,44.832,533.95,225.38
64,16,8.1301,43.16,511.43,224.41
64,16,7.1198,44.631,546.19,238.84
64,16,9.3124,43.934,502.02,211.99
64,16,8.6094,43.281,505.32,218.93
64,16,7.3614,45.221,565.48,250.1
64,16,12.989,44.097,501.17,210.58
64,16,8.418,44.332,500.68,206.77
64,16,5.9643,45.775,545.95,226.23
64,16,7.3921,44.893,535.88,229.05
64,16,8.7418,42.762,447.26,174.54
64,16,8.3895,41.996,472.39,197.36
64,16,8.2966,46.06,562.83,243.45
64,16,8.1404,44.384,498.87,203.85
64,16,8.7992,45.395,538.66,226.38
64,16,8.0848,45.496,548.63,233.54
64,16,8.4553,41.767,458.87,188.46
64,16,7.7962,45.746,552.02,234.27
64,16,6.2521,45.962,573,244.45
64,16,6.5252,46.933,573.93,242.68
64,16,10.319,44.388,527.32,227.94
64,16,6.8896,44.578,529.84,229.75
64,16,8.4986,41.402,463.93,203.33
64,16,6.2892,44.746,534.26,227.87
64,16,8.2039,45.45,534.72,225.05
64,16,6.5811,44.83,534.59,230.49
64,16,7.7731,43.384,510.76,223.63
64,16,6.4708,44.99,537.85,226.56
64,16,9.313,43.167,492.7,207.85
64,16,7.6984,45.369,575.34,253.05
64,16,7.4961,45.764,569.7,248.12
64,16,9.9878,46.612,559.34,233.87
64,16,10.127,40.385,455.6,200.8
64,16,9.2738,44.129,514.44,220.59
64,16,8.7272,43.888,495.52,207.27
64,16,7.7895,44.133,505.19,209.15
64,16,10.267,46.266,576.7,248.22
64,16,6.7858,43.485,507.92,215.42
64,16,11.11,43.987,531.91,232.95
64,16,8.5533,43.762,513.75,218.43
64,16,8.1402,43.723,515.76,225.82
64,16,7.0616,46.184,577.85,247.35
64,16,7.3666,44.625,538.79,234.9
64,16,6.0347,44.208,524.47,224.38
64,16,7.851,46.839,588.59,254.16
64,16,16.23,43.42,516.16,223.59
64,16,9.8315,43.159,512.26,225.61
64,16,8.0374,42.815,499.55,219.54
64,16,6.9817,43.424,499.5,214.34
64,16,7.4757,42.843,509.51,224.61
64,16,8.0635,45.968,555.56,231.62
64,16,7.0065,43.835,521.35,223.34
64,16,9.1758,43.446,496.56,209.94
64,16,8.0248,43.872,515.64,221.92
64,16,10.289,46.843,592.4,253.09
64,16,7.2821,45.41,521.5,209.33
64,16,9.7712,44.969,520.93,218.63
64,16,5.9103,44.065,521.54,226.48
64,16,6.674,43.961,520.52,225.2
64,16,8.2407,44.318,521.32,223.07
64,16,6.9361,43.993,529.88,235.5
64,16,7.9415,41.906,489.65,216.9
64,16,8.6423,43.968,518.54,220.8
64,16,7.8348,41.733,469.88,200.63
64,16,6.3646,45.049,533.46,218.43
64,16,6.8654,44.473,523.2,224.34
64,16,7.3296,45.964,541.24,218.48
64,16,6.1598,44.89,549.82,234.84
64,16,9.5764,45.159,560.8,245.91
64,16,6.9429,43.657,511.1,218.62
64,16,7.3663,44.779,553.55,245.56
64,16,8.8193,44.386,550.89,247
64,16,12.224,43.424,484.9,197.9
64,16,13.72,43.669,497.49,206.1
64,16,7.7887,45.046,549.5,235.67
64,16,5.3118,44.476,569.99,258.15
64,16,9.4185,43.927,517.72,221.79
64,16,9.9793,44.387,521.92,220.71
64,16,7.4587,43.86,498.89,205.53
64,16,9.0397,45.586,538.65,231.11
64,16,8.9006,43.661,511.89,219.34
64,16,8.8005,44.481,553.28,247.73
64,16,8.784,43.803,508.97,216.12
64,16,7.1693,44.589,534.97,229.67
64,16,11.657,44.938,527.56,219.15
64,16,8.6163,45.414,539.32,228.35
64,16,7.449,41.673,469.42,202.45
64,16,7.0233,41.932,482.61,212.97
64,16,6.1317,43.993,508.35,209.4
64,16,7.0357,42.62,491.6,211.68
64,16,7.021,43.773,485.99,199.32
64,16,8.2533,43.691,496.45,204.25
64,16,7.5923,42.177,476.14,204.63
64,16,11.365,44.765,534.19,227.84
64,16,11.926,42.548,483.15,208.86
64,16,10.142,42.856,492.03,209.58
64,16,6.7135,44.507,533.94,231.18
64,16,6.7626,43.276,507.01,219.28
64,16,9.7952,46.182,565.42,240.33
64,16,7.0263,42.531,483.85,208.77
64,16,7.2996,43.811,533.74,236.66
64,16,10.746,45.483,539.77,225.95
64,16,12.933,43.087,507.48,221.59
64,16,8.5016,44.266,516.83,218.43
64,16,8.1274,46.151,572.58,247.48
64,16,10.019,41.793,463.35,195.57
64,16,6.7529,45.647,562.38,240.35
64,16,8.6394,44.38,509.12,213.38
64,16,7.1378,42.413,485.14,210.72
64,16,8.0758,45.323,571.03,254.5
64,16,6.7673,44.03,532.73,234.39
64,16,7.6809,41.549,442.34,180.77
64,16,9.7641,42.982,473.71,196.14
64,16,10.119,45.218,551.32,233.53
64,16,11.591,44.616,520.78,217.51
64,16,6.4581,46.15,578.64,247.42
64,16,11.319,44.827,561.73,250.73
64,16,7.6187,47.753,616.67,267.03
64,16,6.2056,45.149,556,244.73
64,16,9.9378,42.85,498.14,221.71
64,16,8.6337,44.28,538.62,237.71
64,16,8.3871,44.587,536.19,225.9
64,16,7.4407,42.632,498.16,222.31
64,16,7.3725,40.832,436.21,182.02
64,16,9.6304,41.867,492.44,222.74
64,16,6.3832,43.801,509.78,215.05
64,16,9.3633,42.782,487.1,203.56
64,16,12.439,41.344,439.4,182.82
64,16,10.414,43.166,523.08,234.62
64,16,9.2648,43.555,499.66,208.33
64,16,9.4533,47.118,601.28,259.26
64,16,6.9597,44.185,529.01,231.38
64,16,7.2387,41.724,470.63,206.98
64,16,10.469,45.048,559.47,243.6
64,16,6.7513,46.365,553.11,228.47
64,16,6.6478,46.125,547.58,226.72
64,16,7.8871,45.557,566.13,246.14
64,16,7.0389,47.478,575.17,234.98
64,16,6.6266,45.508,542.03,226.46
64,16,6.7363,43.074,492.98,210.57
64,16,7.2474,45.968,581.18,254
64,16,7.0961,46.238,575.51,248.91
64,16,7.4509,43.651,508.39,215.38
64,16,7.9227,45.664,550.91,233.01
64,16,7.4951,44.05,507.98,212.73
64,16,7.8209,45.142,530.24,219.91
64,16,6.8475,44.983,534.84,226.04
64,16,8.3234,45.744,559.77,239.81
64,16,8.0522,44.437,514.77,214.01
64,16,6.4734,46.351,572.47,241.94
64,16,8.2345,46.922,591.73,256.48
64,16,8.3042,45.142,568.34,255.2
64,16,7.4404,42.766,501.16,219.99
64,16,7.2725,44.397,525.35,222.7
64,16,9.1684,43.573,474.53,180.82
64,16,7.6415,44.118,512.64,217.98
64,16,7.5721,45.131,538.31,229.42
64,16,6.2972,44.358,536.85,236.32
64,16,6.36,43.184,492.68,210.05
64,16,7.5665,43.439,514.2,227.33
64,16,6.6847,42.082,457.66,187.38
64,16,8.2121,46.197,559.4,230.58
64,16,7.8134,43.505,487.05,199.47
64,16,6.7247,43.115,513.77,225.89
64,16,7.105,42.958,475.37,198.95
64,16,7.044,46.287,577.31,244.03
64,16,6.0835,44.752,541.38,234.96
64,16,7.5828,43.113,493.12,213.21
64,16,6.5883,44.498,529.68,224.25
64,16,5.7551,44.845,542.45,234.29
64,16,7.2228,42.779,493.44,212.08
64,16,7.5163,45.885,550.2,226.51
64,16,7.7754,43.462,504.38,207.24
64,16,8.6629,47.293,578.77,237.58
64,16,6.7115,46.357,613.56,277.85
64,16,7.4077,43.251,507.44,220.08
64,16,8.0464,43.286,493.82,209.63
64,16,6.9597,43.468,487.43,202.35
64,16,6.238,44.824,544.85,232.09
64,16,12.25,46.19,575.59,248.66
64,16,7.7366,45.424,571.02,250.12
64,16,10.774,44.595,533.13,231.86
64,16,9.2309,42.435,472.27,199.26
64,16,8.3889,42.837,511.3,230.75
64,16,8.0538,42.724,496.44,214.42
64,16,7.0233,43.6,522.19,229.54
64,16,7.9326,44.284,514.21,215.19
64,16,7.2414,47.312,606.43,259.29
64,16,6.531,43.728,525.68,228.79
64,16,6.5447,43.901,525.47,225.9
64,16,9.3608,43.233,506.57,219
64,16,8.7784,45.62,538.71,225.78
64,16,7.8776,46.296,573.56,245.43
64,16,8.976,44.625,552.31,248.91
64,16,6.772,44.355,533.01,232.94
64,16,7.2026,46.168,569.84,244.69
64,16,6.3106,47.204,608.31,261.77
64,16,8.1908,43.499,487.71,201.15
64,16,7.3322,43.382,500.75,210.83
64,16,6.6045,45.357,555.49,238.13
64,16,6.198,43.81,525.77,226.69
64,16,8.0368,45.232,555.4,239.73
64,16,9.4497,42.601,483.05,207.81
64,16,6.9906,45.145,562.9,246.34
64,16,9.1251,46.201,571.3,245.85
64,16,6.2733,44.747,531.64,227.28
64,16,6.2404,42.704,482.38,202.31
64,16,10.747,42.604,480.91,200.99
64,16,7.186,45.055,515.82,210.47
64,16,9.3097,47.832,597.93,251.75
64,16,7.96,44.833,501.64,200.79
64,16,7.197,45.875,569.41,244.57
64,16,7.8561,45.218,528.52,220.63
64,16,9.7478,43.687,505.88,214
64,16,8.6958,43.15,499.52,210.57
64,16,8.7486,45.869,528.51,211.24
64,16,7.0214,44.151,524.9,220.72
64,16,7.41,43.312,497.05,207.22
64,16,6.0396,44.792,541.71,233.67
64,16,8.431,45.002,552.65,237.42
64,16,6.5084,43.839,510.79,216.4
64,16,8.2237,42.371,469.67,202.74
64,16,6.2028,42.434,500.25,219.98
64,16,7.845,43.098,516.35,228.17
64,16,8.5128,42.87,493.52,215.81
64,16,8.9236,43.961,495.13,203.89
64,16,7.5272,43.679,504.71,216.56
64,16,6.7262,43.822,515.55,225.1
64,16,7.5139,44.513,523.77,223.19
64,16,7.2152,43.91,504.74,214.39
64,16,7.6372,45.415,569.19,257.29
64,16,7.7573,45.24,553.02,237.79
64,16,8.4032,42.177,444.99,181.48
64,16,8.996,46.371,599.84,266.42
64,16,7.1981,44.738,520.63,211.74
64,16,7.5821,44.485,538.05,233.21
64,16,7.0698,42.684,491.62,214.85
64,16,8.5078,42.883,478.42,196.85
64,16,8.9337,44.518,520.1,217.17
64,16,6.0835,44.067,520.48,222.93
64,16,18.465,43.197,500.51,215.07
64,16,7.699,42.087,476.2,205.61
64,16,5.9038,42.551,479.61,194.6
64,16,5.3928,43.943,530.03,232.23
64,16,9.0108,43.343,502.2,216.17
64,16,6.119,42.611,510.46,230.89
64,16,7.9771,45.988,555.41,232.72
64,16,8.1508,43.159,507.15,222.74
64,16,8.4598,41.162,464.31,201.77
64,16,7.6326,43.829,510.79,210.71
64,16,6.844,41.837,473.07,199.4
64,16,6.6946,43.2,503.76,221.22
64,16,10.218,45.826,566.06,247.16
64,16,5.7018,44.648,519.94,216.87
64,16,7.8773,42.137,475.56,200.91
64,16,7.4642,42.964,505.43,219.45
64,16,12.498,44.609,523.24,221.14
64,16,12.937,42.888,474.33,195.06
64,16,7.239,44.044,539.96,241.34
64,16,8.8588,44.899,530.34,224.19
64,16,8.5487,43.923,517.85,220.71
64,16,6.9522,44.146,516.44,222.39
64,16,6.132,45.218,563.03,242.6
64,16,6.024,47.045,609.56,269.68
64,16,6.228,46.133,562.96,241.63
64,16,8.6204,44.143,509.93,213.54
64,16,9.6339,45.106,554.73,243.99
64,16,7.2103,43.052,496.99,214.15
64,16,7.2942,43.97,542.93,244.75
64,16,11.151,42.807,464.43,182.49
64,16,10.463,42.928,461.53,176.21
64,16,6.7354,44.601,547.6,240.98
64,16,7.225,47.057,612.93,269.31
64,16,6.3158,44.771,537.07,228.81
64,16,7.574,43.931,519.89,224.49
64,16,8.0639,43.802,496.82,208.17
64,16,7.1793,46.486,592.98,259.21
64,16,9.1886,44.673,522.41,218.01
64,16,8.1988,44.71,520.45,217.9
64,16,9.3463,44.662,533.94,231.95
64,16,6.887,46.318,566.65,238.09
64,16,7.3713,41.375,454.23,191.17
64,16,7.3238,46.822,580.56,247.41
64,16,9.6007,41.288,452.4,196.07
64,16,7.822,43.686,467.21,181.56
64,16,10.078,44.178,509.44,214.4
64,16,10.468,43.438,505.14,215.47
64,16,6.7125,44.389,545.03,240.03
64,16,7.5852,42.621,491.92,211
64,16,7.5053,45.119,543.01,232.95
64,16,6.2274,44.026,513.6,216.83
64,16,7.9793,43.617,508.33,218.19
64,16,7.6942,42.829,484.06,195.56
64,16,9.6237,44.701,539.44,233.47
64,16,7.207,45.657,545.16,231.88
64,16,6.0724,43.348,491.88,209.97
64,16,6.5947,42.385,490.08,212.16
64,16,8.7373,47.558,603.08,256.06
64,16,7.4924,43.575,516.43,228.4
64,16,8.4138,45.612,547.09,237.13
64,16,7.8429,44.648,566.06,254.65
64,16,8.6821,44.071,523.67,227.85
64,16,6.4857,43.145,514.05,222.85
64,16,5.1081,43.781,524.55,230.35
64,16,8.5086,43.718,503.93,218.62
64,16,7.4245,44.656,548.19,239.73
64,16,8.2686,46.754,590.8,254.61
64,16,7.693,44.72,549.19,240.68
64,16,9.7205,43.562,510.8,219.27
64,16,9.4673,42.061,456.29,193.41
64,16,6.0112,43.958,520.84,222.56
64,16,7.3267,42.929,495.89,215.76
64,16,9.6108,41.641,465.33,198.37
64,16,7.9674,41.278,458.6,197.72
64,16,6.5089,45.432,519.05,207.05
64,16,11.846,42.855,505.15,221.53
64,16,7.7581,42.257,471.05,196.45
64,16,7.4117,43.232,488.7,202.62
64,16,8.5468,44.11,532.46,228.03
64,16,7.3134,44.307,525.46,226.92
64,16,9.0759,42.679,484.15,204.59
64,16,6.6688,46.3,571.05,242.12
64,16,10.331,44.153,473.98,176.88
64,16,7.0928,45.258,586.44,263.91
64,16,7.4264,45.651,563.87,245.6
64,16,9.8386,43.615,487.16,202.87
64,16,7.6794,45.134,544.73,235.06
64,16,8.1871,42.436,461.06,188.94
64,16,7.0717,42.859,511.19,230.67
64,16,7.4547,46.477,590.69,256.41
64,16,7.0411,43.71,516.32,224.89
64,16,8.8789,46.488,584.39,251.32
64,16,11.629,43.607,511.79,220.56
64,16,9.6275,44.915,552.84,238.35
64,16,8.7654,43.917,524.85,230.58
64,16,7.3996,42.113,490.6,218.42
64,16,7.789,43.777,525.85,229.27
64,16,7.3451,43.556,498.26,206.34
64,16,10.242,44.27,515.46,219.65
64,16,7.0774,42.629,482.76,204.14
64,16,7.9161,44.798,536.16,230.4
64,16,10.005,42.009,461.98,192.31
64,16,8.677,45.207,547.16,238.32
64,16,8.8357,43.316,514.15,225.15
64,16,8.0241,44.95,549.62,239.23
64,16,6.5664,41.31,467.39,200.73
64,16,7.7909,41.041,463.83,201.19
64,16,6.4629,45.053,582.17,258.83
64,16,6.7935,43.515,517.13,230.38
64,16,7.9417,44.483,528.22,223.27
64,16,10.114,44.784,531.98,228.93
64,16,6.4683,44.328,555.01,248.54
64,16,7.5025,43.121,499.24,213.42
64,16,8.363,44.738,541.7,233.09
64,16,7.5135,46.113,586.62,260.35
64,16,8.4406,45.205,556.91,243.69
64,16,8.777,43.266,499.65,211.19
64,16,7.7411,45.106,520.39,217.39
64,16,7.31,45.06,510.64,204.2
64,16,9.2555,44.157,515.03,220.12
64,16,8.4179,42.937,501.05,218.53
64,16,11.083,40.947,443.22,190.85
64,16,9.8538,44.387,527.4,226.14
64,16,8.4952,44.218,510.5,215.22
64,16,8.2872,44.725,516.71,213.64
64,16,7.5247,44.801,534.2,222.86
64,16,7.6391,45.93,536.02,213.28
64,16,6.3893,44.096,523.46,223.75
64,16,6.8667,44.52,541.53,234.14
64,16,11.109,45.133,540.22,230.91
64,16,8.0689,44.148,535.05,236.85
64,16,7.168,42.818,501.85,220.69
64,16,6.7805,43.613,512.83,223.77
64,16,6.209,44.875,539.61,232.83
64,16,7.9376,44.134,526.72,227.81
64,16,6.7619,43.255,472.34,187.15
64,16,8.4719,43.404,493.3,207.33
64,16,8.2608,45.152,544.79,233.88
64,16,8.7932,43.79,501.16,209.53
64,16,5.8359,43.208,498.33,211.77
64,16,7.8632,45.465,557.22,237.94
64,16,10.178,44.631,554.47,240
64,16,5.5638,44.082,519.31,222.94
64,16,6.9132,45.01,526.83,220.84
64,16,6.5105,43.854,528.41,233.38
64,16,8.7482,44.227,550.76,246.94
64,16,9.2551,42.957,504.04,222.01
64,16,7.6605,42.73,503.98,222.15
64,16,8.9751,43.052,465.08,189.31
64,16,10.466,45.527,545.39,228
64,16,8.3412,43.707,498.36,209.8
64,16,7.4005,43.735,532.86,238.06
64,16,10.056,46.428,570.8,242.63
64,16,5.6876,43.688,528.27,228.56
64,16,8.5837,43.828,496.95,202.04
64,16,7.829,44.547,536.07,234.03
64,16,8.0857,44.044,511.7,212.98
64,16,8.6439,43.169,512.76,225.01
64,16,7.8917,45.214,549.82,239.89
64,16,9.7802,45.329,545.96,232.17
64,16,6.4256,43.541,498.5,203.12
64,16,9.001,47.052,600.08,261.89
64,16,6.108,44.001,517.19,219.33
64,16,6.9588,43.578,524.9,230.69
64,16,9.3285,45.78,557.18,234.18
64,16,10.69,42.998,489.41,200.33
64,16,8.4204,46.396,590.27,259.56
64,16,11.231,45.487,536.75,221.55
64,16,8.562,44.731,540.72,231.19
64,16,8.7507,42.626,482.61,203.45
64,16,5.9127,45.642,577.52,257.27
64,16,8.6963,45.151,531.39,227.59
64,16,7.2072,45.559,555.26,236.62
64,16,7.9619,41.932,481.91,206.82
64,16,7.6415,44.494,528.14,226.34
64,16,8.6341,44.59,537.28,230.18
64,16,6.8991,43.715,523.44,221.3
64,16,7.8172,44.077,530.56,233.71
64,16,6.7182,44.008,523.42,226.84
64,16,8.3589,46.421,559.62,232.42
64,16,10.211,44.819,536.24,231.97
64,16,6.2319,41.844,497.57,223.62
64,16,8.4812,44.553,521.52,218.99
64,16,6.1073,43.017,488.98,208.26
64,16,12.583,44.839,526.9,224.11
64,16,9.8657,44.142,495.26,205.56
64,16,9.5666,45.547,550.6,236.77
64,16,7.9702,44.759,546.23,236.38
64,16,10.568,44.972,544.31,236.51
64,16,5.9726,44.858,546.16,235.94
64,16,8.9384,45.638,536.43,220.42
64,16,7.6602,42.52,498.58,217.71
64,16,9.2106,42.532,500.95,220.71
64,16,7.9943,43.146,502.27,214.81
64,16,8.7455,43.532,501.26,212.86
64,16,6.4723,43.95,522.24,224.65
64,16,7.612,44.931,525.92,217.67
64,16,12.711,44.588,513.83,212.39
64,16,12.234,45.646,546.25,229.51
64,16,8.2262,42.304,489.53,219.64
64,16,7.641,45.647,579.32,256.43
64,16,8.282,44.813,521,218.88
64,16,7.8973,43.886,512.91,215.68
64,16,8.2206,46,578.57,253.46
64,16,6.4413,45.642,542.15,226.64
64,16,10.667,44.233,507.17,207.16
64,16,7.5069,45.118,548.33,235.35
64,16,14.894,43.848,506.03,213.98
64,16,6.6632,43.155,536.72,245.68
64,16,11.409,44.913,522.64,215.08
64,16,11.623,40.991,443.06,186.42
64,16,6.6404,43.987,532.5,236.97
64,16,7.452,42.774,481.74,201.23
64,16,8.5224,45.13,543.54,235.09
64,16,7.7477,46.381,549.08,226.55
64,16,7.0878,44.233,510.36,218.64
64,16,10.921,44.254,495.48,208.24
64,16,8.3528,47.068,595.81,260.81
64,16,6.6465,45.692,564.77,247.28
64,16,7.0801,44.506,533.68,228.87
64,16,8.9414,44.283,510.48,214.56
64,16,6.2548,46.467,568.03,236.42
64,16,10.075,45.586,582.78,258.33
64,16,7.8233,42.753,498.05,219.28
64,16,6.5778,42.869,499.37,213.96
64,16,6.817,43.862,520.36,221.99
64,16,19.247,44.334,505.41,211.34
64,16,6.2279,41.543,464.25,200.94
64,16,10.077,41.869,454.11,186.46
64,16,8.741,44.753,526.32,221.88
64,16,6.229,42.506,449.53,174.2
64,16,6.0448,42.738,495.05,213.17
64,16,7.5227,42.632,492.69,212.65
64,16,7.9268,43.518,503.3,212.61
64,16,7.761,45.866,564.5,239.64
64,16,6.7397,45.109,568.35,245.99
64,16,11.603,47.05,592.08,254.78
64,16,8.1037,43.783,511.82,219.8
64,16,9.2622,44.159,525.68,220.86
64,16,8.2751,43.404,495.43,210.2
64,16,7.8458,45.968,581.14,256.01
64,16,8.4693,44.086,507.7,208.87
64,16,7.8564,45.101,540.89,232.59
64,16,6.2129,43.005,501.55,211.28
64,16,6.7531,46.972,604.04,262.89
64,16,6.6601,42.975,485.7,201.15
64,16,6.659,44.322,527.95,227.93
64,16,5.9659,42.599,484.05,207.06
64,16,8.7501,46.778,583.9,251.89
64,16,6.5211,44.577,533.86,224.04
64,16,7.0961,44.878,518.67,215.57
64,16,7.598,43.073,502.79,214.33
64,16,7.969,44.278,537.57,238.19
64,16,7.0202,44.135,536.26,234.29
64,16,7.1648,43.256,505.59,220.59
64,16,6.7234,42.937,492.61,213.11
64,16,6.1801,43.132,491.94,207.56
64,16,8.0029,41.529,454.65,193.44
64,16,7.4513,44.864,539.78,231.92
64,16,10.74,45.82,563.43,242.26
64,16,6.8482,45.748,556.72,241.04
64,16,6.5218,43.686,531.31,234.1
64,16,10.93,44.019,525.15,230.21
64,16,10.33,43.552,503.33,212.91
64,16,7.5039,45.801,558.44,236.56
64,16,8.6175,42.529,466.13,194.24
64,16,8.0998,43.256,513.75,222.87
64,16,8.2444,44.143,543.57,242.14
64,16,6.8087,44.169,515.63,218.98
64,16,10.02,44.793,534.55,227.71
64,16,9.5089,46.19,566.01,242.53
64,16,6.9655,43.039,506.38,225.51
64,16,7.301,43.578,523.37,230.6
64,16,6.8175,44.505,527.97,224.24
64,16,7.4566,46.007,558.71,229.55
64,16,6.7003,44.163,532.34,231.43
64,16,7.4725,42.558,472.24,198.07
64,16,7.9224,43.516,528.86,237.7
64,16,8.7341,45.678,554.52,236.29
64,16,8.1688,44.749,510.57,207.05
64,16,8.8583,44.46,515.45,217.71
64,16,7.472,44.471,545.15,240.86
64,16,7.07,44.568,531.33,226.28
64,16,7.5007,43.961,510.42,216.35
64,16,11.955,45.837,546.07,225.75
64,16,6.7627,46.582,606.49,271.42
64,16,6.6886,45.896,581.19,257.29
64,16,7.8834,44.355,523.48,221.15
64,16,9.2525,42.432,504.99,225.89
64,16,9.1021,47.806,624.01,266.93
64,16,7.3451,42.23,476.79,206.21
64,16,13.047,43.844,479.39,190.01
64,16,6.5788,44.786,551.96,245.28
64,16,10.221,47.055,589.63,254.65
64,16,6.6622,43.661,511.34,219.31
64,16,7.2877,45.427,536.31,225.81
64,16,7.5677,44.591,527.58,218.8
64,16,5.973,42.842,474.76,193.48
64,16,6.8792,42.352,479.83,206.31
64,16,9.5322,42.613,502.25,225.58
64,16,7.551,44.843,522.85,217.57
64,16,6.2331,44.247,487.18,195.45
64,16,12.379,43.092,488.54,204.94
64,16,6.2851,44.183,523.11,225.08
64,16,15.152,42.63,486.47,208.66
64,16,5.1104,45.477,554.55,237.08
64,16,7.7026,47.918,617.27,268.48
64,16,7.5748,44.417,557.36,246.87
64,16,10.211,45.896,571.53,243.03
64,16,6.7479,44.357,510,207.31
64,16,7.8701,44.423,525.31,223.43
64,16,8.0324,43.277,532.76,239.39
64,16,9.5444,45.004,534.07,222.91
64,16,6.3289,43.48,542.03,246.63
64,16,7.8192,44.534,519.55,221.47
64,16,6.7775,46.609,573.88,243.77
64,16,9.5676,44.442,524.2,223.67
64,16,13.593,46.063,567.49,245.03
64,16,7.5779,46.094,570.47,245.66
64,16,9.1762,45.531,559.57,247.68
64,16,8.0474,44.476,546.55,241.15
64,16,6.9675,42.62,510.18,225.63
64,16,8.9328,44.316,513.13,216.1
64,16,8.1227,41.761,469.94,200.52
64,16,8.0862,46.292,572.83,244.26
64,16,7.4442,46.549,568.45,239.31
64,16,7.725,44.413,541.27,236.71
64,16,5.4096,43.339,495.57,209.76
64,16,9.1096,46.335,566.8,238.24
64,16,8.2282,46.626,600.7,264.4
64,16,7.6303,42.559,497.94,221.05
64,16,7.497,42.31,474.51,197.78
64,16,8.2756,42.168,498.5,224.39
64,16,10.151,45.208,555.98,243.33
64,16,7.6028,44.098,528.57,228.19
64,16,9.1957,44.856,500.23,198.34
64,16,7.6388,41.598,448.02,187.62
64,16,8.0387,42.831,497.47,214.7
64,16,8.3609,43.852,539.67,244.78
64,16,7.9648,45.531,560.3,243.63
64,16,11.222,41.553,471.24,203.85
64,16,8.1118,43.591,516.56,222.1
64,16,8.2545,44.365,529.67,227.48
64,16,7.518,44.451,545.97,240.44
64,16,5.9957,43.524,513.75,221.91
64,16,7.9987,43.913,508.89,212.96
64,16,6.6664,47.195,604.1,258.6
64,16,10.091,43.027,508.85,224.6
64,16,6.1164,43.99,518.75,220.17
64,16,9.1109,43.935,515.5,222.68
64,16,9.5363,42.627,476.78,201.14
64,16,6.6314,44.258,526.34,224.43
64,16,7.7235,45.537,556.97,241.3
64,16,9.156,45.336,537.99,232.12
64,16,8.4176,44.343,547.55,245.62
64,16,7.0223,43.472,479.1,193.88
64,16,8.2968,44.311,538.93,238.58
64,16,10.507,44.528,541.49,241.49
64,16,8.0057,42.89,493.59,205.33
64,16,9.5925,44.574,514.23,212.38
64,16,7.7597,45.373,509.3,203.6
64,16,9.7935,44.025,516.19,222.03
64,16,9.8189,41.86,488.23,216.61
64,16,10.789,44.55,530.36,228.75
64,16,7.5804,45.489,557.87,239.5
64,16,6.1171,45.189,579.43,261.62
64,16,8.8133,44.686,541.15,233.58
64,16,6.8963,45.872,541.28,223.62
64,16,8.0588,44.49,532.71,230.61
64,16,7.5563,42.687,470.27,195.25
64,16,8.1102,42.865,461.04,181.76
64,16,9.3026,41.762,476.59,206.85
64,16,6.9417,43.184,514.41,230.46
64,16,8.195,45.115,555.75,237.05
64,16,6.9674,43.093,477.03,193.23
64,16,6.3031,44.674,505.28,205.07
64,16,6.5953,45.345,542.81,227.52
64,16,5.9847,45.721,560.54,244.73
64,16,9.2738,44.933,512.32,211.51
64,16,9.9536,44.596,512.4,213.34
64,16,7.9294,45.684,556.83,235.65
64,16,7.5371,46.45,584.42,256.07
64,16,8.4726,45.384,550.41,236.45
64,16,8.674,43.87,517.93,223.35
64,16,8.3996,41.977,472.53,205.71
64,16,11.163,43.327,493.62,203.3
64,16,8.0114,44.901,546.43,235.18
64,16,7.0697,47.205,592.76,255
64,16,8.1451,43.518,504.61,209.8
64,16,6.6535,43.804,513.06,215.11
64,16,10.262,44.674,554.88,240.79
64,16,8.0041,42.762,491.74,210.21
64,16,5.89,45.44,556.34,235.68
64,16,8.4862,43.441,507.25,217.29
64,16,5.9621,43.657,508.57,220.01
64,16,6.7807,47.138,579.39,239.03
64,16,5.8775,44.697,551.89,242.04
64,16,9.0918,45.721,565.14,244.49
64,16,9.3913,45.764,549.41,233.5
64,16,9.0661,44.148,530.93,230.93
64,16,7.3699,44.144,511.92,208.44
64,16,8.1834,44.286,524.37,224.57
64,16,9.8205,45.883,543.8,224.83
64,16,8.4411,46.197,585.61,258.93
64,16,7.0274,44.054,524.21,218.31
64,16,9.4611,45.32,553.47,241.74
64,16,7.5261,45.055,555.99,244.06
64,16,7.7309,43.844,511.11,219.61
64,16,9.3232,45.704,594.92,273.36
64,16,8.863,44.876,524.7,214.09
64,16,8.695,44.113,527.06,225.57
64,16,6.4161,43.238,489.99,204.25
64,16,7.3265,44.586,548.17,237.11
64,16,5.6768,44.82,514.27,208.15
64,16,6.0521,43.698,498.31,208.04
64,16,6.3685,43.968,517.52,220.59
64,16,6.518,41.758,479.49,203.92
64,16,9.6005,46.614,576.25,244.95
64,16,9.3241,44.387,533.53,235.66
64,16,5.8408,44.458,537.2,227.99
64,16,7.415,45.616,534.98,216.96
64,16,7.3706,42.212,488.03,214.71
64,16,14.085,42.839,492.97,212.99
64,16,9.1365,46.656,566.49,234.65
64,16,6.4059,46.536,567.44,238.66
64,16,14.747,43.577,498.17,205.29
64,16,6.1486,43.037,501.65,217.14
64,16,7.2698,44.995,555.19,243.89
64,16,8.5587,46.349,566.42,237.7
64,16,15.517,44.549,528.48,227.36
64,16,10.439,44.4,541.92,239.37
64,16,6.7927,44.118,515.89,222.27
64,16,7.8442,44.25,543.07,237.27
64,16,8.3899,45.992,538.71,224.65
64,16,8.3582,42.371,486.5,212.58
64,16,7.241,45.015,529.81,223.95
64,16,6.523,47.388,586.69,248.09
64,16,8.2255,45.409,565.26,249.76
64,16,6.6361,42.853,498.25,215.47
64,16,8.8786,42.274,481.68,204.21
64,16,6.8062,44.541,545.34,240.41
64,16,7.0252,43.457,517.93,229.56
64,16,7.6876,46.15,548.54,224.89
64,16,7.656,45.131,569.46,249.78
64,16,9.7944,45.023,542.91,235.97
64,16,6.7833,44.163,515.45,216.09
64,16,6.8179,44.459,521.21,218.68
64,16,7.535,42.816,466.98,192.73
64,16,5.4657,44.595,533.77,232.37
64,16,6.6658,42.593,499.21,218.71
64,16,6.767,44.392,511.53,211.77
64,16,5.5788,44.155,518.75,218.19
64,16,6.2667,45.263,518.55,209.17
64,16,7.2498,45.938,550.44,233.38
64,16,6.5292,42.889,508.24,224.04
64,16,6.753,45.135,548.9,235.91
64,16,12.236,43.684,512.58,220.8
64,16,9.6004,44.468,539.36,235.05
64,16,8.3374,42.405,486.4,209.59
64,16,8.6461,42.993,480.93,199.58
64,16,7.1265,42.744,492.99,210.93
64,16,6.785,44.182,525.96,231.38
64,16,6.102,43.88,523.82,228.93
64,16,7.3858,41.658,463.27,195.4
64,16,6.8006,44.02,529.71,229.85
64,16,7.1486,43.29,514.89,228.43
64,16,7.3735,45.346,552.71,233.15
64,16,7.0181,43.569,498.6,207.22
64,16,7.3095,43.572,496.48,204.52
64,16,7.0999,45.318,531.81,215.22
64,16,7.3102,44.346,528.2,225.72
64,16,8.0513,41.71,475.78,206.79
64,16,7.02,42.3,468.58,195.12
64,16,7.2541,45.381,553.88,241.13
64,16,7.1922,44.509,528.36,220.82
64,16,6.0425,43.065,499.37,215.5
64,16,9.2027,44.369,539.77,238.37
64,16,6.773,45.032,535.44,225.96
64,16,11.173,42.198,486.05,213.33
64,16,8.0652,44.983,527.79,215.23
64,16,8.0917,41.442,453.81,191.69
64,16,5.7321,43.228,465.93,181.13
64,16,8.1597,42.77,507.32,221.67
64,16,6.2509,41.617,468.34,202.6
64,16,13.169,43.475,515.28,226.66
64,16,7.9084,43.595,525.8,231.47
64,16,6.5255,46.797,585.29,248.53
64,16,7.0769,42.4,476.56,199.78
64,16,7.4641,44.524,547.19,237.2
64,16,7.1593,45.753,550.76,238.69
64,16,8.9897,44.855,531.34,225.28
64,16,7.0875,43.349,497.57,213.06
64,16,5.7648,45.257,547.7,236.1
64,16,7.1513,44.597,530.52,228.38
64,16,8.936,45.229,537.88,229.01
64,16,6.6884,45.064,549.75,236.16
64,16,6.4132,44.397,534.32,235.48
64,16,6.8214,42.543,516.03,233.11
64,16,8.5376,43.64,513.71,223.75
64,16,7.6149,44.197,508.45,212.95
64,16,7.8918,43.617,508.24,217.09
64,16,7.0421,44.674,531.43,226.48
64,16,9.5186,44.531,521.69,214.67
64,16,8.907,45.04,521.3,216.05
64,16,6.195,44.207,536.09,237.22
64,16,8.3464,44.457,526.52,222.28
64,16,9.5115,43.94,496.32,203.79
64,16,7.8774,42.272,495.51,217.68
64,16,7.0883,42.355,491.82,214.75
64,16,8.4031,44.188,522.1,225.46
64,16,8.122,42.897,500.62,216.3
64,16,6.8176,43.589,521.56,229.7
64,16,6.7745,44.442,522.36,223.86
64,16,7.8775,44.461,529.36,223.15
64,16,8.4721,44.809,539.09,231.09
64,16,9.3627,43.37,486.58,196.73
64,16,9.2273,43.149,480.96,196.51
64,16,9.8316,44.893,536.9,229.9
64,16,7.4355,44.523,527.18,225.11
64,16,7.0145,44.204,525.05,226.91
64,16,8.602,44.305,527.83,227.72
64,16,8.0788,43.398,507.75,215.26
64,16,6.0523,44.476,542.57,231.43
64,16,12.419,43.869,504.79,210.72
64,16,8.4872,44.725,518.91,216.64
64,16,6.504,43.743,529.31,237.42
64,16,8.1146,48.039,621.12,268.34
64,16,6.598,45.41,567.77,249.12
64,16,6.8005,44.522,518.74,212.38
64,16,6.9205,45.741,579.38,259.02
64,16,8.5851,42.628,465.44,189.17
64,16,8.5331,43.378,509.62,218.18
64,16,7.6127,42.834,503.64,222.51
64,16,6.0523,45.696,547.27,229.85
64,16,6.932,44.284,520.65,225.15
64,16,8.2411,43.204,513.79,228.67
64,16,5.6825,42.981,493.17,211.12
64,16,7.3357,46.275,556.94,233.52
64,16,8.9719,42.303,488.48,214.83
64,16,9.0843,43.476,475.6,190.61
64,16,8.4157,44.424,530.47,226.95
64,16,10.169,43.233,469.2,182.67
64,16,7.1527,43.159,490,204.4
64,16,11.921,43.954,511.52,211.93
64,16,6.1926,45.613,580.58,255.44
64,16,6.9173,45.169,560.24,241.19
64,16,7.7718,46.168,580.28,251.54
64,16,7.5012,42.143,474.36,198.88
64,16,7.0645,47.58,604.64,261.93
64,16,7.5165,45.067,556.44,242.66
64,16,6.554,44.818,530.07,224.56
64,16,8.3921,42.875,493.39,210.83
64,16,7.1354,45.153,534.44,221.53
64,16,6.972,43.702,542,239.88
64,16,8.8944,43.941,533.79,234.85
64,16,10.983,42.749,498.86,217.71
64,16,6.7989,42.794,482.53,201.79
64,16,5.6165,45.679,575.46,251.34
64,16,8.5983,44.517,517.23,214.55
64,16,5.4978,42.934,476.37,202.03
64,16,9.4268,42.864,496.28,214.38
64,16,8.6381,44.117,524.79,226.02
64,16,7.1188,44.116,511.03,215.3
64,16,8.8761,45.722,573.88,254.48
64,16,7.0234,43.315,516.78,227.5
64,16,10.953,46.276,578.78,249.37
64,16,7.8315,44.157,540.79,238.77
64,16,6.5076,44.813,547.04,238.06
64,16,7.4209,44.93,571.08,254.08
64,16,7.6382,43.435,506.66,216.16
64,16,9.0088,43.038,466.1,187.09
64,16,9.3671,44.171,539.29,235.5
64,16,6.2406,44.468,558.2,248.89
64,16,8.7325,47.182,571.59,235.29
64,16,7.6278,46.736,593.29,255.47
64,16,8.048,44.995,533.44,225.45
64,16,7.987,45.019,543.77,232.52
64,16,8.7219,43.098,514.34,228.89
64,16,7.2103,43.615,475.24,197.41
64,16,7.2608,43.714,483.05,200.64
64,16,7.2857,43.843,496.36,201.71
64,16,10.32,43.728,503.01,212.76
64,16,7.7657,45.401,555.34,243.85
64,16,7.3886,44.968,534.41,220.29
64,16,8.9422,45.181,571.86,255.79
64,16,7.8411,44.356,522.79,219.88
64,16,10.556,43.686,536.01,239.52
64,16,10.633,44.128,511.44,213.47
64,16,7.8388,45.352,544.08,231.55
64,16,9.185,43.268,484.92,199.83
64,16,5.4939,42.902,481.93,200.65
64,16,7.6243,44.725,532.38,223.98
64,16,6.3816,45.839,566.29,246.57
64,16,6.2455,44.854,531.6,223.95
64,16,7.789,44.617,533.79,230.75
64,16,7.9274,45.106,524.54,215.55
64,16,8.8003,44.781,507.02,209.58
64,16,8.4406,44.927,533.43,228.96
64,16,10.025,42.896,467.23,187.13
64,16,7.5447,46.154,572.47,244.19
64,16,6.364,43.901,497.49,203.78
64,16,11.117,46.905,581.89,249.15
64,16,11.746,43.428,517.65,228.41
64,16,7.823,45.55,565.27,249.56
64,16,7.837,42.685,488.87,207.73
64,16,11.892,43.55,523.16,230.1
64,16,8.1645,43.43,510.13,223.61
64,16,7.9564,43.648,501.78,211.61
64,16,7.3169,44.445,519.46,221.56
64,16,8.1445,43.409,495.5,208.56
64,16,8.479,45.05,544.38,232.98
64,16,10.52,45.545,571.08,250.87
64,16,8.8564,46.123,540.34,219.91
64,16,6.4794,46.648,578.63,243.67
64,16,5.4035,41.732,485.76,212.86
64,16,10.885,45.992,569.28,244.16
64,16,6.9464,44.796,539.33,233.49
64,16,9.9447,46.822,575.36,242.93
64,16,6.2699,44.085,533.3,239.74
64,16,8.6153,45.661,539.79,216.4
64,16,6.2811,43.98,504.73,204.95
64,16,8.0738,43.21,488.27,204.86
64,16,14.342,43.709,483.04,193.22
64,16,6.1985,44.925,542.97,232.48
64,16,6.5048,43.446,529.28,233.32
64,16,7.0537,45.019,543.98,232.33
64,16,5.8035,43.047,493.98,208.27
64,16,6.246,48.85,627.69,258.73
64,16,8.7934,44.028,505.3,213.07
64,16,7.2666,43.688,522.27,226.7
64,16,8.4521,45.459,548.9,232.46
64,16,7.5755,43.122,495.31,209.39
64,16,7.938,42.317,481.64,208.95
64,16,10.042,43.908,534.8,233.13
64,16,7.6056,44.808,528.64,220.95
64,16,10.481,45.016,538.69,225.85
64,16,7.5199,42.085,466.54,194.59
64,16,5.6976,43.519,502.45,215.44
64,16,10.031,44.757,521.52,221.19
64,16,6.4804,43.128,501.34,213.05
64,16,8.4492,44.644,540.62,229.65
64,16,9.9694,43.965,536.65,236.14
64,16,11.238,45.697,571.87,252.6
64,16,8.8156,43.01,482.1,200.52
64,16,5.9541,43.693,484.57,197.48
64,16,8.292,44.496,531,228.88
64,16,11.289,44.922,543.79,239.94
64,16,8.4715,43.873,506.01,212.92
64,16,10.894,42.249,470.27,196.38
64,16,7.4601,44.155,503.02,209.49
64,16,8.1158,42.593,495.94,219.61
64,16,6.8735,41.169,455.53,193.62
64,16,7.9872,44.874,524.84,219.34
64,16,6.3336,45.785,559.97,243.47
64,16,7.2391,41.517,469.72,203.55
64,16,8.8897,42.439,473.03,200.14
64,16,9.7733,47.458,593.5,256.61
64,16,6.2741,45.021,548.78,239.82
64,16,9.1901,46.293,570.68,245.61
64,16,7.1385,43.691,510.47,220.12
64,16,8.102,41.229,466.15,205.02
64,16,5.9585,43.754,516,219.58
64,16,7.1932,41.015,457.42,200.65
64,16,5.9656,45.074,545.64,236.23
64,16,8.2044,43.075,485.69,203.42
64,16,9.046,43.302,505.92,214.77
64,16,7.8668,46.308,587.31,254.82
64,16,7.8123,45.322,554.02,240.12
64,16,7.3921,45.77,562.78,242.03
64,16,6.5819,46.078,550.62,228.82
64,16,10.023,43.221,508.59,215.91
64,16,8.9539,41.499,484.31,218.46
64,16,6.7484,45.42,540.8,227.19
64,16,11.967,40.679,439.58,182.73
64,16,10.347,44.861,530.39,222.05
64,16,7.6157,45.034,537.27,229.94
64,16,7.4856,47.871,625.19,273.93
64,16,8.0393,43.685,534.03,233.89
64,16,7.9822,45.452,546.54,234.38
64,16,9.5279,42.991,510.4,223.42
64,16,11.179,44.655,527.11,223.98
64,16,8.4494,44.236,515.04,216.15
64,16,7.3402,44.177,528.16,223.81
64,16,6.3058,43.391,495.62,208.66
64,16,9.9456,42.882,487.55,204.79
64,16,7.2161,46.786,598.9,263.02
64,16,10.252,44.656,549.04,235.12
64,16,11.11,44.751,545.12,237.95
64,16,13.876,45.163,558.99,248.34
64,16,8.6593,44.143,523.54,224
64,16,8.4923,44.133,475.94,189.69
64,16,6.5302,45.123,565.49,249.79
64,16,7.4527,43.758,481.25,192.99
64,16,9.4333,43.937,522.48,221.81
64,16,7.594,43.904,503.93,212.5
64,16,7.5628,45.448,561.43,244.53
64,16,7.0469,41.796,476.33,207.4
64,16,7.4421,43.471,511.5,224.25
64,16,7.5148,47.16,583.44,242.58
64,16,6.9037,43.048,471.28,180.38
64,16,8.0572,43.829,510.48,217.25
64,16,7.8845,47.495,595.77,249.82
64,16,7.4722,43.21,510.81,222.77
64,16,10.313,45.133,556.6,244.89
64,16,10.361,43.258,488.6,207.61
64,16,6.6129,44.413,537.87,236.05
64,16,9.3304,41.356,447.03,186.29
64,16,6.3005,44.745,521,221.42
64,16,7.0587,44.195,521.97,220.58
64,16,6.3522,44.27,509.23,212.68
64,16,7.895,45.619,559.92,242.38
64,16,7.3244,43.106,499.06,215.31
64,16,7.5006,42.825,496.81,216.94
64,16,8.1956,44.752,539.88,234.52
64,16,8.6846,44.257,539.17,233.27
64,16,9.2825,47.714,589.21,248.52
64,16,8.2288,44.758,535.86,226.4
64,16,9.0018,45.667,558.35,236.62
64,16,11.389,45.172,553.67,237.86
64,16,10.439,43.889,514.04,223.56
64,16,8.5763,44.874,520.1,217.23
64,16,6.7647,46.659,567.17,238.29
64,16,7.8095,45.45,570.3,252.99
64,16,9.4937,45.561,555.35,239.06
64,16,7.2326,44.485,533.5,232.32
64,16,7.1098,45.714,557.95,234.29
64,16,10.283,45.027,549.47,237.84
64,16,8.369,43.326,498.33,210.3
64,16,8.4629,42.005,487.68,217.2
64,16,7.7333,42.023,480.74,208.14
64,16,7.559,47.402,614.75,265.21
64,16,7.9195,43.019,495.43,212.77
64,16,7.406,44.896,523.56,216.03
64,16,6.1225,45.053,559.43,247.49
64,16,6.52,42.404,483.79,208.19
64,16,6.4345,45.342,542.61,229.37
64,16,8.8685,44.141,525.96,228.34
64,16,7.2868,43.861,512.08,217.25
64,16,7.7803,42.318,463.88,190.79
64,16,5.8878,46.127,569.66,246.18
64,16,6.3165,44.479,533.53,233.33
64,16,6.7222,47.499,612.2,261.04
64,16,8.1067,44.476,549.99,239.9
64,16,10.433,45.471,563.32,248.84
64,16,8.8782,41.673,463.89,195.09
64,17,7.526,46.061,595.88,269.28
64,17,7.6892,45.582,529.39,216.22
64,17,6.296,42.442,488.91,209.08
64,17,6.8337,43.047,500.03,213.64
64,17,8.7212,43.875,494.33,202.31
64,17,7.0909,45.075,555.1,237.76
64,17,8.1301,45.449,544.55,232.39
64,17,7.659,44.037,509.3,212.09
64,17,9.2002,44.805,537.96,228.38
64,17,6.8138,42.988,482.42,204.69
64,17,8.4434,44.009,514.75,217.85
64,17,7.0625,43.71,507.83,212.69
64,17,7.9101,43.958,526.91,231.02
64,17,11.547,43.82,502.05,212.55
64,17,5.8838,43.778,535.51,235.37
64,17,7.7226,47.653,635.4,284.75
64,17,7.4253,47.078,588.47,252.86
64,17,7.4406,44.821,530.2,226.32
64,17,5.8563,42.85,482.12,198.12
64,17,7.3825,47.544,630.87,278.2
64,17,7.7274,43.195,506.6,221.67
64,17,8.7968,44.172,527.24,227.22
64,17,6.5848,43.747,509.14,212.71
64,17,7.5603,46.706,595.56,263.41
64,17,10.781,43.78,529.64,228.8
64,17,10.395,43.334,529,235.99
64,17,9.3976,45.807,579.15,254.42
64,17,9.2526,45.662,554.57,233.34
64,17,6.3284,46.698,610.65,267.43
64,17,10.631,44.471,538.82,232.86
64,17,6.9627,45.255,547.85,240.4
64,17,8.7712,43.843,525.29,229.65
64,17,6.1406,45.069,551.84,238.94
64,17,7.2902,42.879,492.03,212.8
64,17,7.3457,43.317,516.53,227.61
64,17,10.333,43.317,514.35,225.46
64,17,9.2521,43.496,474.8,188.67
64,17,9.0698,47.388,625.63,275.44
64,17,8.5648,44.644,537.26,235.02
64,17,8.9296,43.356,513.4,221.7
64,17,6.6092,46.05,562.15,237.2
64,17,8.4384,44.375,532.17,229.72
64,17,7.8415,44.459,525.51,222.13
64,17,10.687,42.941,488.61,202.14
64,17,8.7838,45.784,556.8,236.99
64,17,6.0357,44.295,535.33,232.64
64,17,7.1434,43.996,521.05,225.96
64,17,8.752,45.685,584.33,257.88
64,17,8.8583,43.764,493.8,207.04
64,17,8.5082,44.071,523.37,224.25
64,17,7.7655,46.145,560.75,241.91
64,17,7.0195,44.252,561.31,252.84
64,17,7.8039,44.913,533.22,228.7
64,17,7.8944,42.926,516.58,229.51
64,17,6.8935,43.656,506.06,213.13
64,17,7.0137,44.033,515.32,219.51
64,17,6.7361,45.99,536.52,217.16
64,17,6.3768,43.903,510.38,212.95
64,17,9.7033,44.661,547.8,235.53
64,17,8.3533,44.577,552.47,242.36
64,17,6.1115,42.566,510.57,227.23
64,17,6.0981,43.41,526.76,236.41
64,17,6.2652,46.148,566.19,245.79
64,17,6.4056,46.281,582.82,253.77
64,17,8.4747,45.002,553.14,237.11
64,17,10.196,48.436,641.47,282.94
64,17,6.2326,44.974,539.02,227.14
64,17,8.5929,44.908,562.85,251.6
64,17,7.4768,44.879,552.53,243.12
64,17,9.3174,43.616,518.4,228.03
64,17,7.6431,46.831,562.17,230.53
64,17,8.0603,46.82,577.91,245.35
64,17,7.6789,46.632,584.78,250.36
64,17,10.496,43.803,530.74,237.12
64,17,8.344,44.151,521.57,222.69
64,17,10.133,44.258,517.88,218.14
64,17,9.8061,46.172,567.05,236.13
64,17,7.0035,42.181,492.56,214.47
64,17,8.6164,42.041,472.62,200.22
64,17,6.2527,45.52,571.59,253.58
64,17,5.8367,43.015,506.7,220
64,17,9.9602,44.237,508.03,213.28
64,17,9.4419,45.014,550.23,240.15
64,17,8.742,44.223,541.16,233.4
64,17,9.1766,43.264,495.45,208.69
64,17,7.4249,46.12,559.89,242.91
64,17,8.088,46.818,586.79,252.42
64,17,8.6879,44.426,537.9,240.61
64,17,13.435,47.003,560.94,232.25
64,17,7.2321,45.997,580.52,248.19
64,17,8.3303,44.257,510.22,215.21
64,17,8.0287,44.586,542.64,233.16
64,17,7.6638,42.714,479.91,208.15
64,17,7.1587,44.692,535.54,231.34
64,17,7.479,42.115,464.19,190.39
64,17,7.6749,45.126,543.82,230.5
64,17,14.934,45.8,548.13,229.84
64,17,8.193,47.805,617.5,265.92
64,17,7.5308,43.865,535.91,239.72
64,17,7.0935,47.263,597.32,256.42
64,17,7.4065,43.941,514.45,221.5
64,17,6.3468,43.621,504.92,213.76
64,17,11.079,44.77,495.67,189.55
64,17,8.5044,41.868,496.81,223.6
64,17,6.461,44.969,567.54,253.78
64,17,7.6981,41.759,462.98,201.01
64,17,8.9558,43.398,486.34,203.98
64,17,8.1965,42.544,476.37,201.54
64,17,9.6896,44.779,535.59,230.23
64,17,8.8446,45.432,560.13,240.25
64,17,6.3954,44.237,517.9,217.85
64,17,8.157,45.715,575.61,253.64
64,17,9.7146,44.808,558.91,249.55
64,17,7.8089,43.416,500.47,210.67
64,17,10.648,46.934,584.52,246.57
64,17,8.28,43.815,500.24,204.74
64,17,7.5044,44.983,559.55,245.78
64,17,8.0804,46.235,542.69,216.13
64,17,6.6023,44.611,563.35,255.25
64,17,7.8441,44.233,530.09,227.73
64,17,8.0032,46.802,614.1,275.04
64,17,9.9269,45.176,563.15,247.06
64,17,9.0273,44.943,541,230.95
64,17,7.245,48.136,611.85,257.72
64,17,7.9555,43.532,495.45,208.67
64,17,9.6714,47.138,592.66,257.85
64,17,14.491,44.006,528.38,231.37
64,17,8.1097,45.465,539.77,228.44
64,17,7.0255,44.604,557.01,252.61
64,17,6.9839,44.281,537.33,237.64
64,17,10.292,44.09,495.5,206.02
64,17,6.867,46.536,603.29,267.36
64,17,10.497,43.561,488.61,204.23
64,17,6.8035,43.774,497.2,204.12
64,17,11.101,45.293,564.65,245.39
64,17,11.306,43.836,517.9,223.46
64,17,6.8493,43.716,505.19,211.15
64,17,10.556,47.424,600.86,258.5
64,17,7.1965,45.094,563.42,250.17
64,17,7.7118,44.032,514.93,216.67
64,17,7.3195,42.272,468.33,197.04
64,17,6.5421,45.8,584.59,256.95
64,17,7.6738,44.948,532.7,224.85
64,17,8.9258,45,541.51,233.22
64,17,7.7287,46.043,572.98,251.14
64,17,10.147,42.218,485.89,214.62
64,17,5.9128,45.583,557.28,236.89
64,17,10.257,42.302,477.33,203.02
64,17,6.9274,43.667,491.1,203.87
64,17,6.6341,42.486,481.35,204.18
64,17,9.237,47.541,607.16,266.44
64,17,8.3296,42.432,477.59,204.04
64,17,10.368,43.674,521.35,226.64
64,17,7.5789,45.254,558.01,248.61
64,17,10.038,45.415,545.26,231.72
64,17,10.987,43.095,486.66,205.16
64,17,6.9691,45.145,513.58,204.26
64,17,6.3911,43.416,517.97,230.82
64,17,6.4669,45.652,549.55,234
64,17,10.408,44.519,547.86,241.07
64,17,7.4581,45.932,570.6,251.77
64,17,6.9734,45.902,568.74,244.01
64,17,9.507,41.733,485.31,215.85
64,17,7.3439,45.003,523.92,223.27
64,17,6.7791,44.546,551.95,244
64,17,6.4361,44.45,551.64,244.28
64,17,6.7412,46.135,577.21,253.83
64,17,11.001,43.718,552.41,253.71
64,17,7.4026,42.87,500.23,219.67
64,17,8.5642,43.727,518,226.35
64,17,10.85,42.928,498.09,216.82
64,17,7.2838,44.989,537.11,224.24
64,17,8.3949,44.758,486.67,192.63
64,17,7.6953,44.094,531.89,229.29
64,17,8.331,46.17,580.97,250.39
64,17,5.876,44.552,547.14,238.79
64,17,7.2593,43.127,505.66,223.41
64,17,9.5629,45.171,535.43,227.98
64,17,9.572,44.655,516.71,211.73
64,17,6.7921,43.828,497.11,205.86
64,17,8.8169,44.929,513.17,209.8
64,17,9.4983,43.689,504.13,206.89
64,17,6.9669,42.545,491.71,215.28
64,17,9.8989,45.319,554.11,239.28
64,17,9.2659,45.005,560.65,245.54
64,17,8.2329,43.908,499.09,212.09
64,17,7.1099,44.676,510.3,211.71
64,17,17.443,46.921,588.86,251.03
64,17,6.3665,40.81,456.16,201.46
64,17,12.567,42.806,478.93,201.63
64,17,8.1225,43.76,512.72,219.88
64,17,6.5486,44.338,536.4,237.36
64,17,7.585,44.412,510.99,212.06
64,17,7.7005,45.869,561.3,240.82
64,17,7.6497,44.246,528.34,227.59
64,17,8.1814,44.415,525.87,221.11
64,17,7.28,43.59,514.21,217.66
64,17,8.1345,43.464,507.2,221.13
64,17,7.3353,44.943,537.36,227.19
64,17,10.461,44.435,531.79,229.21
64,17,10.418,45.847,570.53,246.82
64,17,11.197,42.905,476.69,196.07
64,17,7.3697,44.409,524.91,215.36
64,17,7.8588,44.823,531.02,226.85
64,17,7.5617,44.212,513.8,214.96
64,17,6.6519,47.164,576.42,241.69
64,17,7.8202,45.441,548.61,233.58
64,17,10.39,45.583,569.39,249
64,17,8.7448,45.882,582.95,257.28
64,17,7.5842,44.044,536.83,235.5
64,17,9.7545,45.866,572.54,242.88
64,17,12.886,44.877,523.45,220.56
64,17,11.775,45.185,516.74,211.29
64,17,6.5902,44.517,555.07,249.81
64,17,6.3297,43.391,492.08,204
64,17,9.0895,45.078,541.41,233.76
64,17,7.0601,43.731,518.99,223.46
64,17,7.8372,44.457,549.29,245.75
64,17,7.5005,44.734,560.93,254.07
64,17,7.4461,43.106,497.2,212.09
64,17,7.0134,45.482,550.11,230.1
64,17,8.5669,45.163,556.39,240.73
64,17,10.414,44.892,543.9,237.74
64,17,8.8454,46.128,550.29,226.75
64,17,7.302,45.22,567.78,252.91
64,17,7.8557,44.43,524.74,222.37
64,17,10.209,44.113,507.95,209.25
64,17,6.498,45.659,569.08,240.26
64,17,11.123,47.304,597.67,258.51
64,17,10.326,43.279,494.1,207.73
64,17,6.9164,43.637,531.75,236.44
64,17,6.5819,45.767,554.65,231.04
64,17,11.377,45.638,567.14,247.53
64,17,7.185,42.772,502.21,219.79
64,17,7.4987,44.541,527.36,224.65
64,17,8.5243,43.276,518.3,228.93
64,17,7.8482,44.891,518.88,210.47
64,17,9.003,43.823,506.01,213.76
64,17,9.8247,44.481,530.98,227.19
64,17,5.5527,44.368,550.31,244.03
64,17,9.6404,45.559,545.12,225.3
64,17,9.2263,44.505,527.03,223.13
64,17,15.511,42.945,486.68,205.89
64,17,9.4649,45.799,539.28,223.04
64,17,8.8667,44.453,520.25,219.05
64,17,6.9823,44.758,551.58,241.49
64,17,7.3544,43.372,484.66,195.12
64,17,5.7637,46.992,580.34,241.33
64,17,7.4787,43.069,500.71,215.57
64,17,9.9275,45.133,531.03,222.35
64,17,7.4625,44.484,537.43,235.83
64,17,6.7642,43.172,494.04,211.97
64,17,7.36,46.733,591.08,257.1
64,17,9.5068,46.741,603.69,268.89
64,17,10.001,46.183,570.42,247.22
64,17,9.3331,45.124,536.38,228.73
64,17,8.6661,43.614,508.43,217.96
64,17,7.6357,44.747,549.73,238.28
64,17,9.2781,45.601,569.2,248.89
64,17,8.1004,46.657,578.78,245.7
64,17,8.4136,43.977,506.03,210.57
64,17,10.417,45.941,582.06,254.23
64,17,8.2964,42.319,470.89,193.86
64,17,11.609,42.793,496.76,214.88
64,17,9.1638,43.792,528.2,233.97
64,17,6.2362,45.107,563.97,251.52
64,17,8.8309,45.731,544.54,230.85
64,17,8.0179,46.212,584.17,255.83
64,17,7.9567,45.036,533.31,222.51
64,17,6.9659,44.503,509.3,211.77
64,17,7.4066,45.568,537.43,221.83
64,17,10.148,43.898,541.31,236.47
64,17,12.268,43.267,497.61,214.16
64,17,8.8511,44.091,508.16,213.56
64,17,11.589,44.429,534.48,234.25
64,17,8.0252,44.963,546.58,241.11
64,17,7.1352,44.046,523.99,225.14
64,17,8.4293,43.518,518.36,221.96
64,17,12.023,45.945,552.01,231.97
64,17,7.9907,47.498,609.84,267.39
64,17,10.349,42.342,501.35,223.7
64,17,7.6805,44.169,516.14,220.21
64,17,6.3378,45.48,537.87,224.75
64,17,11.018,44.528,524.88,225.61
64,17,6.8918,45.118,542.63,237.36
64,17,7.2257,45.351,546.64,228.01
64,17,8.0787,47,549.07,220.25
64,17,6.5777,45.074,552.62,236.76
64,17,8.1252,45.102,539.22,229.84
64,17,8.4919,43.87,511.47,220.77
64,17,10.255,43.542,507.01,215.77
64,17,7.5851,44.175,517.72,221.42
64,17,7.2284,46.034,573.8,250.53
64,17,7.6048,46.309,561.01,239.59
64,17,6.9235,41.763,465.49,195.41
64,17,7.7532,45.841,541.52,224.44
64,17,6.7732,45.376,567.97,247.83
64,17,8.113,46.356,578.6,250.64
64,17,8.7279,44.9,517.16,214.13
64,17,8.5033,44.765,528.54,226.12
64,17,12.361,44.402,516.46,217.1
64,17,6.2613,43.064,474.87,197.27
64,17,7.5535,42.931,504.6,219.56
64,17,10.206,44.324,537.12,235.19
64,17,6.7089,46.407,585.99,254.07
64,17,6.5859,45.85,566.02,245.09
64,17,9.5877,44.16,530.18,231.82
64,17,6.9908,44.224,541.55,238.24
64,17,7.5361,47.912,626.23,273.03
64,17,11.475,43.632,505.86,220.12
64,17,6.3343,44.173,529.1,229.59
64,17,7.6125,44.365,523.53,220.63
64,17,10.896,44.839,517.97,212.62
64,17,7.9065,44.405,525.9,224.76
64,17,10.643,44.509,525.09,224.54
64,17,6.821,44.145,538.56,240.2
64,17,8.6614,45.383,548.02,234.13
64,17,8.8168,44.885,530.6,225.76
64,17,11.899,45.858,574.9,250.1
64,17,5.7465,45.225,560.7,246.88
64,17,8.4478,45.206,519.18,206.87
64,17,9.065,45.407,526.06,222.13
64,17,6.8953,43.76,524.87,229.82
64,17,7.6402,44.219,514.16,211.86
64,17,8.542,44.62,554.71,246.59
64,17,11.014,44.982,526.67,220.66
64,17,8.236,45.281,551.42,231.55
64,17,8.8944,48.875,608.05,253.84
64,17,9.3802,44.572,524.76,223.33
64,17,8.8673,43.404,501.16,217.1
64,17,6.8284,47.316,605.46,260.46
64,17,7.6963,44.191,522.21,227.04
64,17,9.9717,48.554,631.39,268.89
64,17,10.288,43.778,497.26,205.32
64,17,6.5266,43.742,527.8,230.78
64,17,8.2907,43.067,491.16,207.62
64,17,8.375,44.275,514.41,212.88
64,17,7.2483,41.829,470.1,200.5
64,17,8.9702,46.183,582.55,255.77
64,17,10.438,45.54,553.48,231.1
64,17,6.4391,46.755,598.86,264.7
64,17,6.641,44.801,550.04,238.19
64,17,9.1662,44.116,520.38,223.5
64,17,12.11,45.448,557.99,240.43
64,17,7.2913,43.756,510.46,215.48
64,17,7.8145,47.712,613.67,264.6
64,17,11.168,43.673,503.42,216.25
64,17,7.776,46.414,592.32,265.42
64,17,6.4628,42.732,460.96,188.07
64,17,7.114,43.554,523.33,232.62
64,17,10.018,44.034,534.47,230.3
64,17,6.2034,43.952,544.26,239.73
64,17,8.8964,45.317,543.34,232.48
64,17,9.7221,44.073,514.07,217.54
64,17,6.2063,44.592,536.39,231.91
64,17,9.7174,43.29,510.2,217.58
64,17,9.4263,45.511,557.7,242.54
64,17,6.397,43.015,511.25,226.81
64,17,7.6023,42.18,477.84,200.77
64,17,6.7767,46.887,579.5,246.73
64,17,5.8935,44.348,545.59,238.27
64,17,7.7931,43.685,490.62,204.1
64,17,7.6014,43.716,510.42,220.8
64,17,9.2756,43.557,514.4,222.05
64,17,9.7123,43.675,505.67,213.75
64,17,6.1046,42.005,488.2,215.62
64,17,6.1556,45.089,555.32,242.47
64,17,7.0749,45.769,543.83,231.47
64,17,8.5574,44.966,539.49,230.33
64,17,8.4485,45.293,554.64,237.69
64,17,7.1644,45.129,527.21,219.23
64,17,6.938,44.568,558.62,250.77
64,17,7.8387,44.84,560.1,245.64
64,17,11.318,46.494,572.75,242.55
64,17,8.1813,45.112,538.02,228.53
64,17,8.2585,43.557,495.96,202.44
64,17,6.8189,43.921,505.51,209.22
64,17,8.2687,47.122,602.47,263.22
64,17,8.5846,45.066,534.68,227.93
64,17,5.7855,43.526,529.65,234.47
64,17,7.477,46.362,570.89,246.68
64,17,8.3192,45.254,544.9,233.89
64,17,9.4886,47.696,603.27,262.03
64,17,6.72,44.848,530.75,219.07
64,17,6.8662,43.443,492.04,204.62
64,17,6.4173,44.169,517.66,216.97
64,17,6.0571,42.719,478.45,203.47
64,17,6.4515,44.066,529.85,228.6
64,17,7.6542,46.479,593.38,258.3
64,17,7.8785,44.211,506.65,213.61
64,17,8.8023,46.288,582.69,252.46
64,17,8.519,46.05,547.66,230.3
64,17,8.7767,45.124,570.7,251.38
64,17,9.4456,43.34,486.9,203.95
64,17,6.9803,42.603,490.98,214
64,17,6.6626,44.432,535.73,228.07
64,17,7.5112,43.701,530.64,235.81
64,17,8.6491,46.24,592.54,265.63
64,17,6.2593,44.229,532.49,232.62
64,17,7.0892,46.96,609.74,270.65
64,17,7.0576,48.665,629.31,267.94
64,17,7.8001,45.531,553.34,239.89
64,17,8.6774,45.066,546.25,237.38
64,17,8.6964,43.226,483.96,203.27
64,17,10.337,46.044,565.8,234.2
64,17,7.0546,45.214,515.9,205.64
64,17,7.1597,43.159,495.62,211.96
64,17,7.13,45.324,554.19,236.64
64,17,11.557,44.968,517.98,212.55
64,17,8.9262,43.364,514.84,223.97
64,17,6.9468,43.516,515.25,222.64
64,17,7.4804,47.242,627.75,286.52
64,17,9.0743,46.796,588.08,252.07
64,17,6.8071,43.977,526.84,230.01
64,17,6.936,45.547,540.59,224.22
64,17,8.7979,44.822,527.96,224.57
64,17,8.8044,44.497,543.16,239.82
64,17,7.6969,43.219,506.62,220.4
64,17,6.605,43.994,485.73,197.1
64,17,7.3142,43.83,497.16,206.21
64,17,9.6831,43.262,511.64,226.98
64,17,7.0582,43.492,516.67,222.38
64,17,10.551,45.025,527.97,216.28
64,17,6.4488,43.547,502.4,214.18
64,17,10.016,47.388,599.32,259.62
64,17,8.5372,46.342,598.94,265.4
64,17,7.2579,43.548,470.14,182.92
64,17,7.3833,43.768,524.94,229.55
64,17,6.1132,44.804,526.92,220.46
64,17,7.1601,44.993,524.56,217.52
64,17,6.8605,43.626,517.3,223
64,17,10.698,46.024,584.21,255.35
64,17,5.562,45.443,533.46,224.43
64,17,6.8652,45.967,561.97,236.72
64,17,8.9299,42.866,471.03,196.31
64,17,7.2964,45.249,561.58,246.47
64,17,8.2938,46.621,589.53,253.3
64,17,7.8603,44.844,552.17,242.96
64,17,7.2282,47.695,637.03,280.29
64,17,8.7004,48.055,621.01,266.86
64,17,6.7011,44.605,540.85,236.07
64,17,7.2763,47.275,611.92,264.84
64,17,6.7474,44.794,539.22,234.8
64,17,8.6502,45.024,534.16,231.82
64,17,10.803,45.606,550.22,236.72
64,17,12.742,44.703,547.83,236.68
64,17,7.7595,43.815,517.01,221.79
64,17,10.136,43.181,517.57,225.62
64,17,9.5149,43.822,510.24,214.28
64,17,7.6183,42.026,473.73,201.37
64,17,11.073,44.247,524.18,222.08
64,17,9.7312,45.416,569.42,249.42
64,17,8.5882,46.75,602,265.19
64,17,6.5617,45.942,541.42,225.78
64,17,6.8473,43.23,506.15,219.68
64,17,7.2779,48.047,598.31,253.74
64,17,8.4299,45.211,513.39,199.17
64,17,8.74,44.484,527.5,223.17
64,17,7.1638,45.056,543.25,233.5
64,17,6.4532,43.946,497.58,206.03
64,17,8.3615,45.525,544.37,233.47
64,17,8.0171,43.264,488.36,200.38
64,17,7.9817,47.873,625.8,271.69
64,17,7.6975,45.57,570.12,252.29
64,17,9.2506,42.805,495.81,211.22
64,17,9.2937,44.72,529.38,226.87
64,17,6.4827,45.759,562.25,243.25
64,17,8.5683,44.059,510.45,215.07
64,17,6.1876,45.964,570.12,244.77
64,17,6.5696,42.387,505.53,227.59
64,17,8.8118,41.402,449.17,187.73
64,17,8.8803,43.796,536.8,239.56
64,17,10.278,45.266,524.7,214.47
64,17,7.0965,45.875,555.11,231.92
64,17,10.453,44.192,481.42,186.61
64,17,10.492,44.255,528.43,227.46
64,17,13.693,46.348,579.51,246.64
64,17,7.4892,45.2,516.09,209.2
64,17,8.3284,42.042,472.57,200.36
64,17,7.5813,45.25,559.66,245.52
64,17,6.5378,45.393,549.76,237.28
64,17,7.5879,46.629,574.78,240.69
64,17,7.7281,46.439,568.87,243.79
64,17,8.9527,45.516,565.78,249.91
64,17,8.9204,44.404,534.31,227.66
64,17,7.3943,44.581,539.93,235.32
64,17,8.274,44.998,534.59,226.69
64,17,11.349,43.718,497.6,210.41
64,17,8.5164,46.177,568.99,245.3
64,17,7.2537,45.963,579.53,257.33
64,17,7.5833,42.101,478.93,208.44
64,17,7.5079,44.832,554.78,244
64,17,6.7081,43.74,529.78,234.03
64,17,12.013,43.865,490.52,200.43
64,17,10.941,44.656,523.03,209.86
64,17,5.788,45.505,569.47,252.73
64,17,13.11,45.357,562.98,247.59
64,17,10.341,46.75,584.9,249.89
64,17,9.2751,44.586,533.34,229.03
64,17,7.6883,44.315,524.03,223.27
64,17,7.87,43.023,505.77,217.9
64,17,8.1172,43.745,514.4,223.07
64,17,8.943,43.63,484.65,195.97
64,17,7.8729,43.27,507.24,223.99
64,17,6.6454,43.942,510.83,217.21
64,17,9.7122,41.827,465.56,195.78
64,17,6.8783,42.473,486.6,209.68
64,17,9.8428,45.135,556.82,244.57
64,17,9.619,46.025,570.01,244.77
64,17,8.5441,44.221,543.46,243.94
64,17,5.6329,43.282,478.77,194.7
64,17,7.5015,45.596,547.84,230.61
64,17,7.9104,45.045,554.17,237.19
64,17,9.0404,46.965,554.86,217.48
64,17,7.2111,45.299,555.24,241.01
64,17,8.2167,43.254,511.47,218.74
64,17,8.3222,46.602,583.28,251.98
64,17,7.1624,43.928,518.41,222.81
64,17,8.6433,44.953,543.87,236.73
64,17,8.1453,45.199,553.14,240.95
64,17,8.1629,45.621,566.72,247.17
64,17,8.0107,43.943,503.47,209.87
64,17,7.5099,44.612,519.9,215.68
64,17,7.8602,43.005,494.75,210.9
64,17,8.6452,42.776,485,202.37
64,17,7.1594,44.534,515.78,214.71
64,17,11.447,45.229,569.64,254.73
64,17,8.7972,44.155,534.56,230.96
64,17,8.5136,45.338,540.41,227.41
64,17,6.7505,43.613,516.14,224.21
64,17,6.8278,44.388,519.44,224.47
64,17,8.4984,41.588,469.43,204.16
64,17,6.7373,45.822,556.68,240.28
64,17,8.3721,43.748,496.12,207.29
64,17,8.466,42.513,485.15,208.21
64,17,8.9344,42.396,480.66,206.79
64,17,8.0233,46.384,580.54,252.48
64,17,7.2954,44.905,555.82,247.91
64,17,7.1486,46.927,559.36,227.86
64,17,6.8151,45.802,587.63,262.68
64,17,8.063,44.041,535.13,231.22
64,17,6.6586,44.159,539.52,235.22
64,17,6.8805,46.337,581.98,243.17
64,17,6.0121,43.253,497.17,213.91
64,17,7.1421,43.757,511.7,216.71
64,17,8.0845,43.259,508.04,218.55
64,17,7.7647,43.359,504.08,215.28
64,17,8.2833,43.4,508.9,216.25
64,17,10.014,44.169,508.07,214.6
64,17,7.5266,44.109,498.27,205.61
64,17,8.5198,44.942,529.8,221.94
64,17,10.712,44.896,550.42,241.18
64,17,7.8081,43.646,511.58,222.74
64,17,8.5318,45.319,548.28,239.88
64,17,8.9442,44.56,568.07,258.46
64,17,8.2289,43.351,500.44,214.99
64,17,6.4326,44.599,537.04,237.76
64,17,5.6945,45.912,571.17,250.02
64,17,7.5919,44.124,518.01,212.86
64,17,6.9444,45.063,517.68,206.46
64,17,8.1946,45.32,543.58,228.01
64,17,10.046,45.568,550.42,233.95
64,17,6.5918,44.313,518.69,216.07
64,17,8.499,43.855,519.09,215.97
64,17,7.7335,46.034,575.18,249.82
64,17,7.0337,45.34,559.8,242.11
64,17,8.1297,45.807,574.35,253.98
64,17,8.4337,46.05,572.51,245.99
64,17,8.8807,45.214,541.13,223.41
64,17,8.4884,43.372,506.81,217.84
64,17,13.619,46.001,545.21,226.14
64,17,6.7196,43.769,519.22,224.88
64,17,9.5833,44.029,516.29,220.86
64,17,7.9655,43.852,506.03,212.6
64,17,8.1227,47.318,598.88,251.59
64,17,11.804,43.986,511.58,217.9
64,17,7.6552,44.41,549.25,242.89
64,17,7.4003,44.824,541.85,227.17
64,17,5.9818,42.496,494.85,216.31
64,17,7.7291,44.141,552.35,252.09
64,17,7.315,43.882,529.55,227.4
64,17,8.762,44.156,526.67,228.81
64,17,9.2871,45.591,539.43,217.19
64,17,9.2462,44.876,531.89,229.52
64,17,7.824,44.708,526.49,223.36
64,17,7.1475,45.82,539.92,217.55
64,17,7.5498,44.185,527.18,227.76
64,17,7.867,44.132,523.55,223.68
64,17,7.1832,44.49,550.85,245.34
64,17,5.576,46.237,580.79,252.69
64,17,6.464,42.018,471.98,199.49
64,17,6.9551,43.444,498.97,213.93
64,17,9.0985,48.709,640.92,281.45
64,17,8.3767,45.988,582.84,259.32
64,17,6.886,42.373,503.05,225.58
64,17,8.2509,45.079,536.27,222.93
64,17,7.6507,44.315,531.67,232.03
64,17,6.8586,45.342,569.41,253.04
64,17,5.6207,42.064,476.09,204.91
64,17,8.0225,45.66,562.42,235.01
64,17,5.6668,42.97,496.86,213.39
64,17,5.6142,44.506,540.44,235.13
64,17,8.8605,41.948,462.15,194.39
64,17,7.3053,43.953,514.29,218.94
64,17,6.4215,43.375,506.26,219.98
64,17,7.6669,42.738,473.65,199.48
64,17,7.6597,45.117,560.38,249.74
64,17,7.3454,43.41,495.67,207.74
64,17,6.0418,42.947,494.59,211.89
64,17,8.1201,44.683,528.84,228.23
64,17,6.8865,46.226,557.47,234.66
64,17,8.408,45.018,527.27,221.91
64,17,8.261,48.299,628.95,268.84
64,17,12.564,45.366,552.92,241.57
64,17,8.2158,44.108,512.1,218.95
64,17,7.4397,42.417,494.11,213.69
64,17,9.701,45.534,544.66,232.74
64,17,7.782,45.956,561.01,236.14
64,17,7.2361,46.197,566.64,246.33
64,17,7.597,45.798,548.02,227.53
64,17,7.732,45.437,583.62,261.75
64,17,8.1674,44.562,538.32,232.04
64,17,7.8167,44.671,544.15,240.2
64,17,6.3156,44.848,529.1,227.24
64,17,6.1995,42.94,480.98,200.18
64,17,8.9725,45.643,539.98,224.32
64,17,8.8235,44.762,538.79,230.8
64,17,10.87,42.798,492.56,215.18
64,17,9.5292,45.42,554.49,239.44
64,17,7.4394,44.092,518.42,220.21
64,17,6.9984,43.58,501.87,212.8
64,17,5.6855,44.903,524.87,211.51
64,17,7.1519,44.572,555.55,248.25
64,17,10.863,43.915,533.67,233.16
64,17,13.082,43.961,510.88,217.91
64,17,7.5722,43.837,504.8,213.26
64,17,9.1446,45.535,591.15,265.86
64,17,8.0519,42.614,484.49,209.52
64,17,7.534,43.267,509.38,224.79
64,17,8.1454,45.495,551.91,237.61
64,17,7.8342,42.461,481.69,205.83
64,17,6.573,43.583,522.56,227.29
64,17,6.8454,45.023,539.41,232.95
64,17,7.0718,43.542,506.4,212.62
64,17,6.5711,44.284,516.7,218.04
64,17,7.7799,42.867,499.15,218.94
64,17,6.0044,43.59,513.53,223.72
64,17,6.4196,46.322,565.4,243.47
64,17,8.2291,47.407,594.9,248.93
64,17,11.185,44.139,532.67,234.05
64,17,10.178,44.187,526.65,225.93
64,17,7.4684,45.203,543.51,235.28
64,17,7.2947,44.211,523.31,225.04
64,17,5.4886,42.756,483.93,205.71
64,17,10.822,44.16,545.54,241.16
64,17,5.6192,45.265,557.97,237.07
64,17,10.903,43.951,511.47,217.03
64,17,7.2119,46.107,550.97,229.15
64,17,8.3407,42.187,487.07,215.03
64,17,8.983,44.616,536.22,227.22
64,17,7.1968,44.623,554.79,244.6
64,17,7.8791,43.836,512.65,220.39
64,17,7.5159,43.293,484.81,204.44
64,17,8.7734,46.508,583.23,251.01
64,17,7.1746,48.434,635.46,280.35
64,17,7.947,42.832,494.93,212.77
64,17,8.8014,43.59,497.79,206.93
64,17,9.8012,48.041,593.52,239.68
64,17,6.8027,46.44,578.79,244.45
64,17,7.2063,44.757,542.61,231.36
64,17,8.6664,45.812,538.15,216.29
64,17,7.7826,43.308,531.71,241.54
64,17,6.2454,45.059,553.71,243.53
64,17,11.658,45.448,539.07,219.63
64,17,5.7601,44.205,511.79,210.76
64,17,7.3041,42.658,494.93,217.92
64,17,5.7987,44.142,527.51,229.54
64,17,6.3418,45.59,553.59,232.4
64,17,6.5981,44.739,523.11,218.23
64,17,8.2933,44.682,549.04,242.46
64,17,11.466,42.414,469.9,196.99
64,17,8.9484,47.024,579.6,248.59
64,17,6.659,46.796,571.71,232.81
64,17,7.8006,45.272,538.13,219.19
64,17,6.3633,46.517,602.59,266
64,17,6.6546,42.16,504.7,230.29
64,17,10.555,42.436,483.07,203.32
64,17,5.5637,42.771,481.27,200.36
64,17,10.5,46.331,547.9,223.06
64,17,6.7652,42.009,503.34,228.54
64,17,7.0978,45.54,536.15,226.33
64,17,10.283,45.065,525.77,219.03
64,17,9.3422,46.362,590.88,255.81
64,17,5.9081,44.198,512.86,213.78
64,17,8.656,44.596,541.13,235.41
64,17,8.2261,45.857,556.32,239.76
64,17,6.9974,43.981,517.59,223.8
64,17,9.8973,44.024,526.18,230.67
64,17,6.9007,44.829,534.51,227.45
64,17,10.483,44.786,548.79,242.08
64,17,9.5113,46.946,597.58,258.73
64,17,8.2352,41.721,466.99,199.42
64,17,7.7786,45.362,569.02,247.36
64,17,8.1893,43.109,498.98,210.46
64,17,6.8925,44.051,519.96,226.62
64,17,6.7603,44.361,556.14,248.58
64,17,8.1759,44.155,530.18,232.18
64,17,7.2859,46.911,611.48,270.41
64,17,7.193,45.878,547.74,231.34
64,17,6.7154,48.08,601.87,247.58
64,17,8.3196,44.795,541.98,235.05
64,17,11.531,42.538,503.9,222.11
64,17,6.2473,43.964,527.62,232.41
64,17,8.0465,42.437,481.78,204.21
64,17,7.7528,43.5,478.16,190.75
64,17,7.5405,46.97,597.14,258.65
64,17,9.9671,42.831,515.13,231.55
64,17,8.9656,47.08,596.27,254.06
64,17,7.6629,42.783,500.23,218.79
64,17,6.2276,43.512,476.63,186.13
64,17,8.3451,44.568,510.89,207.86
64,17,7.2577,43.597,485.57,198.95
64,17,8.0603,46.134,564.9,238.26
64,17,9.1695,44.799,523.66,217.56
64,17,6.0647,47.236,605.91,260.34
64,17,7.9938,48.545,634.01,274.44
64,17,7.2651,43.359,481.37,198.8
64,17,9.123,44.801,548.09,239.43
64,17,8.8447,46.441,569.98,243.23
64,17,8.3875,45.799,557.18,238.31
64,17,6.9645,44.123,518.13,220.16
64,17,6.0727,43.137,516.04,222.93
64,17,8.6412,42.53,473.49,202.37
64,17,9.4764,43.98,526.92,228.6
64,17,8.3474,48.543,648.25,284.88
64,17,7.3666,43.533,533.15,236.98
64,17,9.9868,43.556,505.11,214.27
64,17,10.525,45.181,555.73,238.31
64,17,10.341,44,506.97,213.67
64,17,7.7852,41.848,448.74,188.87
64,17,7.9796,44.395,514.67,211.81
64,17,7.0498,44.693,573.96,259.3
64,17,7.8887,43.848,507.22,216.5
64,17,8.5409,43.703,493.97,205.9
64,17,7.8967,44.255,537.1,234.34
64,17,9.0081,44.854,536.36,227.67
64,17,6.9486,44.143,498.57,201.05
64,17,6.5918,44.7,546.78,237.89
64,17,7.6109,44.389,513.87,210.32
64,17,12.575,44.5,516.1,215.99
64,17,9.6384,42.969,503.82,221.75
64,17,8.8845,44.173,536.85,229.42
64,17,6.9368,44.855,528.31,221.21
64,17,7.6843,47.915,622.47,271.61
64,17,9.1645,45.695,537.39,221.55
64,17,8.3194,42.743,488.55,203.93
64,17,7.129,44.353,534.27,228.64
64,17,8.8399,44.377,521.76,223.49
64,17,9.3737,43.981,545.9,244.91
64,17,7.5486,44.442,525.47,220.55
64,17,7.2844,44.708,540.83,232.94
64,17,9.0575,45.545,548.65,232.84
64,17,5.8099,43.428,499.47,208.63
64,17,6.4064,44.339,546.04,242.31
64,17,10.373,43.734,487.3,198.71
64,17,8.6587,43.808,525.85,231.95
64,17,6.104,46.015,565.37,242.58
64,17,7.8556,46.511,597.13,263.71
64,17,7.0146,45.973,556.25,234.2
64,17,8.8837,44.848,538.54,230.2
64,17,7.8154,44.624,545.95,235.78
64,17,8.6642,45.173,548.5,233.52
64,17,6.1678,44.943,553.85,242.6
64,17,7.4989,43.571,490.4,206.21
64,17,10.07,48.491,619.81,263.36
64,17,8.0364,46.252,575.59,249.91
64,17,6.8391,44.309,522.67,221.68
64,17,7.1873,44.649,535.13,231.44
64,17,5.2991,42.897,519.85,232.97
64,17,7.3596,45.49,581.97,257.34
64,17,9.7682,45.031,548.59,240.97
64,17,6.7568,45.402,565.38,245.4
64,17,7.4823,44.93,541.65,235.01
64,17,8.5118,45.784,567.94,246.35
64,17,6.4035,44.125,533.82,232.93
64,17,8.8095,45.596,591.18,268.61
64,17,6.9987,41.686,457.38,194.6
64,17,6.672,42.555,471.83,193.49
64,17,8.0244,44.967,532.52,224.05
64,17,7.2888,45.402,557.51,238.68
64,17,6.4537,44.878,541.45,233.55
64,17,6.5259,46.009,564.69,244.59
64,17,6.427,45.658,562.14,244.58
64,17,5.9713,44.75,514.03,207.9
64,17,5.8888,44.501,544.16,237.02
64,17,7.7569,43.353,512.07,226.96
64,17,8.4317,44.344,535.02,233.78
64,17,9.7738,42.869,473.23,197.05
64,17,7.5824,43.204,491.75,208.05
64,17,6.5561,45.276,560.18,245.57
64,17,10.334,42.26,472.71,196.48
64,17,10.604,42.026,488.71,215.3
64,17,7.1224,45.109,539.99,231.77
64,17,8.0739,44.691,550.22,244.63
64,17,8.8115,44.593,530.47,220.68
64,17,7.7564,46.357,583.27,251.39
64,17,7.1063,42.168,468.96,198.76
64,17,10.272,43.93,510.8,213.22
64,17,8.2531,43.456,485.97,203.41
64,17,6.627,45.025,538.47,223.42
64,17,8.4535,45.219,548.72,229.67
64,17,6.4893,45.984,579.51,257.43
64,17,9.3806,43.983,498.52,197.42
64,17,7.4201,45.301,537.14,218.69
64,17,7.5549,44.734,545.61,235.75
64,17,6.7052,44.086,529.24,230.47
64,17,8.2749,44.416,534.66,230.32
64,17,6.3635,43.443,500.29,206.72
64,17,7.3177,43.712,498.43,200.37
64,17,7.05,43.872,523.9,227.87
64,17,8.2907,45.709,551.99,232.64
64,17,7.2436,44.108,508.2,213.29
64,17,10.143,42.736,491.94,211.65
64,17,8.323,42.66,504.38,221.05
64,17,6.6534,42.341,487.86,214.33
64,17,6.6984,43.112,496.11,209.84
64,17,5.9537,44.696,551.94,243.41
64,17,10.217,44.196,522.63,222.69
64,17,6.8681,44.636,530.08,226.49
64,17,7.3514,44.33,524.5,217.3
64,17,7.445,42.912,485.32,200.46
64,17,6.9427,45.288,552.27,239.1
64,17,7.726,43.973,538.43,236.43
64,17,8.3419,44.497,558.91,253.01
64,17,9.0501,45.4,573.93,253.75
64,17,6.8438,46.224,573.56,239.89
64,17,9.0571,47.425,611.18,265.54
64,17,7.9422,44.139,498.83,207.59
64,17,7.9643,45.197,527.37,219.41
64,17,6.764,44.195,515.37,217.76
64,17,7.8941,45.516,554.33,242.2
64,17,8.4555,43.825,521.44,226.68
64,17,8.2447,42.119,474.33,203.53
64,17,15.021,44.142,519.63,225.68
64,17,6.0014,45.126,534.87,226.65
64,17,6.0087,44.702,551.87,240.07
64,17,8.1954,44.001,517.44,220.07
64,17,12.379,43.858,517.79,221.72
64,17,9.7092,43.989,512.68,210.4
64,17,10.358,43.394,479.62,197.03
64,17,8.3632,45.465,553.71,243.67
64,17,8.5842,44.801,536.61,231.68
64,17,7.9192,44.218,501.09,205.79
64,17,9.2597,45.155,559.64,242.65
64,17,7.6633,45.288,544.22,230.11
64,17,7.4086,44.961,535.37,226.18
64,17,8.7848,45.11,533.23,222.95
64,17,6.8112,42.034,465.09,193.27
64,17,12.398,45.9,569.28,245.26
64,17,7.4255,48.765,618.28,258.82
64,17,11.044,46.46,586.61,260.5
64,17,7.1916,46.187,571.23,247.78
64,17,10.209,44.555,535.84,226.39
64,17,6.3392,44.53,552.96,245.34
64,17,7.5447,44.584,538,231.18
64,17,9.0861,42.417,507.78,231.62
64,17,9.3979,44.944,550.47,241.53
64,17,7.2993,44.507,517.47,215.29
64,17,8.8921,42.23,481.2,202.38
64,17,9.2202,42.454,481.84,204.08
64,17,8.7085,44.3,545.87,238.6
64,17,8.2505,45.279,549.06,238.69
64,17,7.8111,46.097,551.38,229.69
64,17,7.9944,46.238,572.61,246.26
64,17,11.503,43.666,498.92,212.58
64,17,6.8575,45.133,550.49,237.87
64,17,7.2896,42.725,479.94,199.57
64,17,9.0087,43.85,525.26,227.89
64,17,7.3939,47.981,616.45,265.53
64,17,8.8245,44.157,517.62,221.82
64,17,9.6168,44.93,548.17,232.35
64,17,8.0121,44.031,503.98,210.15
64,17,10.501,45.076,540.99,231.6
64,17,8.4604,43.526,499.42,212.8
64,17,8.4942,46.176,556.64,232.44
64,17,6.2165,43.443,497.86,209.97
64,17,13.604,44.442,481.8,182.76
64,17,6.9657,45.244,539.83,227.8
64,17,7.361,46.778,568.16,234.7
64,17,11.161,46.811,578.82,245.03
64,17,9.5904,47.145,582.79,248.48
64,17,7.1261,44.35,544.42,243.33
64,17,6.0682,44.643,548.68,242.63
64,17,11.326,43.922,500.23,207.37
64,17,7.0256,46.213,556.99,232.39
64,17,7.7408,43.095,489.01,207.82
64,17,6.3041,42.412,488.16,209.45
64,17,7.2715,45.151,537.18,225.59
64,17,10.341,42.947,493.01,209.47
64,17,8.724,45.315,534.61,227.82
64,17,9.5271,45.905,560.95,242.98
64,17,7.5678,44.323,516.47,220.43
64,17,9.12,46.577,569.53,239.72
64,17,8.7494,43.71,539.98,240.93
64,17,7.1474,42.762,514.71,231.98
64,17,9.1877,46.479,567.62,244.9
64,17,10.019,43.735,508.08,211.79
64,17,7.2218,43.988,519.78,225.81
64,17,7.5896,44.318,521.33,220.29
64,17,8.7806,46.066,583.67,255.6
64,17,7.184,44.583,552.54,246.19
64,17,7.8964,45.021,544.2,238.02
64,17,9.3519,46.659,555.74,233.12
64,17,7.2737,42.545,478.22,205.83
64,17,6.4722,45.662,554.23,239.14
64,17,10.004,45.603,554.74,240.31
64,17,7.3271,43.749,491.67,206.08
64,17,8.0697,44.833,543.03,236.19
64,17,6.5855,45.721,584.37,261.96
64,17,10.449,45.793,576.24,253.19
64,17,9.8198,44.016,515.05,219.87
64,17,11.069,45.516,562.18,243.47
64,17,8.5981,44.046,486.66,202.59
64,17,7.885,43.504,508.95,219.59
64,17,5.8616,44.726,549.51,243.04
64,17,10.181,42.197,473.04,198.65
64,17,6.3085,45.384,560.58,243.09
64,17,10.94,44.838,547.97,230.25
64,17,6.4037,48.434,623.71,266.82
64,17,9.897,43.744,495.51,205.38
64,17,8.4623,45.581,572.87,252.27
64,17,6.727,43.183,487.44,203.11
64,17,7.4593,44.764,511.41,209.66
64,17,7.0889,44.679,496.55,198.28
64,17,10.428,44.808,527.33,220.02
64,17,9.7199,42.357,466.9,195.04
64,17,9.9889,44.916,493.33,193.48
64,17,7.1941,44.527,508.02,209.21
64,17,8.5863,43.304,486.06,198.37
64,17,9.3078,44.906,530.59,226.13
64,17,9.1234,45.668,552.69,230.43
64,17,9.3538,46.007,565.91,238.25
64,17,9.2506,45.563,553.01,236.17
64,17,7.5223,45.554,516.65,209.08
64,17,8.5984,45.405,556.2,237.73
64,17,10.276,45.42,560.39,244.5
64,17,7.6836,46.655,552.07,223.71
64,17,12.349,43.866,516.26,220.59
64,17,8.6521,46.497,605.04,270.62
64,17,6.1864,45.555,570.68,253.45
64,17,8.9904,44.829,549.58,243.12
64,17,8.1946,44.857,531.23,228.99
64,17,7.5286,43.495,486.19,200.78
64,17,9.3883,44.16,528.14,231.27
64,17,6.413,42.571,473.28,195.32
64,17,8.1183,43.018,488.81,207.74
64,17,7.3268,44.645,519.14,218.52
64,17,8.9661,44.397,560.49,248.03
64,17,8.7366,41.611,488.5,220.45
64,17,11.482,44.011,525.72,229.3
64,17,6.9036,43.753,516.14,219.01
64,17,9.0547,43.569,518.29,224.09
64,17,7.7314,43.059,484.52,201.38
64,17,7.9932,45.092,522.73,218.84
64,17,7.0628,44.297,514.68,218.69
64,17,13.875,47.094,606.97,267.35
64,17,8.7982,44.205,521.02,222.99
64,17,7.7391,43.011,472.2,189.29
64,17,10.136,45.684,565.18,248.34
64,17,8.2603,44.524,550.86,241.05
64,17,7.8231,43.752,514.56,219.24
64,17,8.6011,43.299,503.99,217.95
64,17,10.589,46.054,558.37,236.05
64,17,9.9204,44.163,548.76,244.15
64,17,8.9169,44.466,513.13,216.24
64,17,6.4501,43.816,515.84,221.91
64,17,9.2637,46.922,563.07,228.47
64,17,8.6005,45.448,562.99,246.67
64,17,6.7332,46.334,549.97,225.3
64,17,6.4366,45.001,517.66,214.14
64,17,10.653,42.496,491.75,211.63
64,17,6.2136,44.231,526.84,222.83
64,17,11.302,45.65,558.33,242.94
64,17,10.853,47.785,598.29,244.55
64,17,9.152,44.615,526.74,221.09
64,17,6.7786,44.474,545.33,243.46
64,17,6.39,43.964,501.32,207.6
64,17,8.1428,42.507,465.92,190.33
64,17,10.195,44.084,506.45,210.47
64,17,8.6799,42.568,499.8,219.85
64,17,7.0066,43.986,519.23,222.61
64,17,6.1251,43.498,491.77,206.24
64,17,9.0313,43.192,491.31,203.09
64,17,10.137,42.547,476.95,200.78
64,17,9.7382,46.158,581.88,253.93
64,17,7.9919,44.931,537.53,229.04
64,17,7.8419,43.507,505.94,217.14
64,17,6.9471,42.869,510.63,226.14
64,17,8.4481,46.492,592.94,261.76
64,17,8.8534,43.939,501.22,208.62
64,17,7.8034,47.48,592.42,242.81
64,17,7.9098,44.937,555.7,246.65
64,17,8.1356,44.805,527.46,220.89
64,17,6.9067,42.994,497.41,216.74
64,17,7.798,45.699,578.37,258.5
64,17,8.8908,45.916,559.75,239.11
64,17,7.6743,44.244,520.65,224.23
64,17,7.1573,46.56,600.28,267.02
64,17,8.3764,44.204,512.47,216.58
64,17,7.8179,43.225,476.49,199.74
64,17,12.39,45.235,539.86,221.68
64,17,9.2851,46.115,575.17,249.87
64,17,11.854,46.649,609.48,269.95
64,17,9.1199,43.126,474.49,196.69
64,17,8.7277,42.611,476.85,198.67
64,17,8.494,44.642,541.05,231.65
64,17,7.7685,43.486,499.62,213.23
64,17,8.8575,43.502,518.66,226.33
64,17,7.1416,42.882,509.64,230.13
64,17,7.3335,44.514,527.79,217.6
64,17,10.761,45.334,535.51,224.25
64,17,6.6374,43.334,501.17,214.13
64,17,5.8956,43.994,514.19,216
64,17,6.544,46.7,561.65,230.33
64,17,6.0537,45.445,555.38,236.85
64,17,6.1601,45.309,546.03,229.71
64,17,6.6723,44.114,513.97,211.14
64,17,10.695,44.175,526.75,225.75
64,17,10.798,42.096,487.83,215.03
64,17,7.5808,45.098,530.29,222.69
64,17,7.5513,46.67,578.08,248.59
64,17,6.3188,45.854,543.33,225.11
64,17,8.6156,45.394,570.72,251.47
64,17,10.286,44.282,557,252.57
64,17,5.6667,42.623,493.82,215.07
64,17,5.7142,42.217,465.37,195.37
64,17,6.7639,46.512,602.47,269.43
64,17,11.203,44.558,510.25,208.81
64,17,7.0058,45.626,588.8,264.35
64,17,7.9908,44.703,524.44,220.97
64,17,9.9671,43.835,520.47,225.68
64,17,8.1048,42.89,475.85,196.5
64,17,9.4933,44.539,541.19,240
64,17,6.516,44.325,555.88,251.88
64,17,6.9083,43.567,509.01,220.7
64,17,6.1422,45.343,549.95,231.28
64,17,6.0384,45.142,560.43,246.6
64,17,7.361,45.377,550.36,235.8
64,17,7.6879,46.454,524,200.68
64,17,8.4461,45.876,553.81,233.47
64,17,8.4273,44.477,521.66,212.44
64,17,13.938,49.379,645.42,274.47
64,17,8.7063,44.326,542.15,242.42
64,17,9.4132,46.06,585.96,260.28
64,17,7.292,44.53,547.61,237.07
64,17,6.6418,45.606,560.94,239.8
64,17,6.192,43.938,501.79,206.83
64,17,6.8574,44.125,540.81,239.11
64,17,7.4726,43.002,502.7,220.17
64,17,8.3867,44.69,550.19,240.31
64,17,8.3185,45.411,527.6,215.19
64,17,7.0644,43.073,489.44,209.62
64,17,8.0309,45.238,567.33,251.47
64,17,7.9851,47.773,593.5,238.12
64,17,9.2376,44.45,545.81,242.09
64,17,6.392,44.087,540.74,242.1
64,17,9.1775,47.233,577.72,246.09
64,17,7.2893,42.746,506.6,221.28
64,17,6.8512,42.612,498.36,219.14
64,17,8.2494,45.133,542.83,230.69
64,17,9.16,44.06,517.84,223.82
64,17,6.5839,43.011,480.99,196.05
64,17,7.195,46.283,572.08,244.84
64,17,9.6152,46.157,582.52,257.45
64,17,7.7199,44.575,537.9,232.31
64,17,7.0192,45.925,544.56,222.42
64,17,9.0343,45.553,571.58,255.1
64,17,7.7469,46.044,577.28,252.76
64,17,9.4551,44.729,537.98,232.97
64,17,9.1601,46.182,559.62,240.69
64,18,8.3606,46.129,570.6,250.84
64,18,9.5536,42.576,503.97,221.52
64,18,10.926,44.218,527.73,228.97
64,18,9.7498,45.421,553.14,237.6
64,18,6.9135,44.199,539.18,237.21
64,18,7.0828,44.817,544.41,232.15
64,18,8.6924,45.331,546.62,235.63
64,18,6.9974,46.106,592.16,259.43
64,18,6.8469,44.002,513.14,210.68
64,18,9.5446,44.892,548.96,241.24
64,18,6.5091,45.294,517.85,201.15
64,18,7.5568,45.177,545.51,229.94
64,18,10.586,45.171,541.28,228.38
64,18,6.4447,45.062,555.66,244.17
64,18,6.3945,46.375,565.67,240.38
64,18,6.1734,45.584,556.31,238.31
64,18,7.0362,44.371,552.7,247.72
64,18,14.028,43.972,519.46,219.81
64,18,6.974,44.776,559.49,245.65
64,18,6.8224,45.359,572.14,258.66
64,18,6.6028,46.443,602.16,271.19
64,18,11.969,43.783,500.5,210.98
64,18,6.2901,45.822,562.84,234.7
64,18,8.0863,46.86,572.35,240.06
64,18,8.0585,45.884,583.16,259.57
64,18,7.1964,45.48,569.25,252.68
64,18,8.6943,43.179,496.05,211.62
64,18,7.3512,43.579,535.13,239.27
64,18,7.8983,44.359,519.19,220.8
64,18,9.1282,44.442,535.75,232.72
64,18,7.8103,43.971,517.04,221.31
64,18,7.8309,43.625,503.1,214.12
64,18,8.0529,48.238,596.82,241.81
64,18,6.759,42.424,487.29,211.64
64,18,10.012,45.187,558.36,245.81
64,18,8.5361,44.48,514.98,215.83
64,18,8.1792,42.403,498.54,218.35
64,18,8.6517,44.436,558.18,246.83
64,18,7.4239,42.633,513.11,232.42
64,18,9.6845,45.217,540.95,225.75
64,18,7.0518,46.056,596.9,261.99
64,18,10.639,44.235,526.89,227.46
64,18,8.7743,43.905,523.54,225.45
64,18,9.1723,43.531,500.1,210.35
64,18,7.9311,44.964,538.99,227.67
64,18,6.4024,45.475,543.18,228.83
64,18,7.1072,43.937,527.1,228.42
64,18,8.4505,45.838,571.77,250.72
64,18,9.2341,47.174,564.05,228.37
64,18,9.8065,42.889,499.08,213.42
64,18,6.8586,44.292,511.29,211.24
64,18,9.0701,43.352,524.3,231.94
64,18,8.6806,44.159,520.35,225.49
64,18,6.0748,46.797,603.31,266.18
64,18,6.115,44.895,557.1,242.62
64,18,6.1661,41.954,456.38,193.88
64,18,9.6107,43.954,526.42,228.16
64,18,7.8934,45.005,528.32,222.21
64,18,8.0334,43.464,511.52,216.25
64,18,7.215,44.955,531.19,225.71
64,18,7.252,43.329,513.27,223.61
64,18,8.122,44.39,547.49,244.32
64,18,8.4761,43.22,496.15,210.31
64,18,8.5127,42.15,480.3,204.09
64,18,9.6467,45.172,553.93,239.93
64,18,10.933,45.017,552.6,242.33
64,18,6.5295,44.489,521.96,216.81
64,18,8.0257,45.61,548.84,229.56
64,18,11.268,45.1,551.35,242.27
64,18,9.9952,45.617,593.27,264.5
64,18,9.7839,41.652,463.44,194.43
64,18,10.033,45.925,588.27,260.42
64,18,7.2152,45.34,572.52,256.62
64,18,7.7222,43.966,521.92,231.77
64,18,7.6195,44.016,534.74,234.18
64,18,6.8039,43.068,487.38,204.3
64,18,11.293,46.693,577.88,238.14
64,18,7.9981,45.007,544.57,233.19
64,18,9.5975,44.495,514.82,214.15
64,18,6.391,45.353,546.83,230.36
64,18,6.9359,46.248,552.51,227.67
64,18,5.6751,44.189,510.66,206.67
64,18,7.5302,47.063,591.95,252.41
64,18,7.9312,44.116,535.4,238.02
64,18,10.745,43.399,511.23,225.69
64,18,6.2357,45.716,564.76,246
64,18,8.3304,44.599,519.1,215.64
64,18,7.4515,43.829,509.7,217.19
64,18,6.881,46.618,597.36,264.6
64,18,7.8842,43.338,509.09,220.13
64,18,6.8476,46,585.97,260.57
64,18,10.13,43.2,495.26,201.61
64,18,6.9495,43.127,509.67,224.1
64,18,8.4261,44.509,541.39,237.3
64,18,7.7677,44.341,531.31,227.84
64,18,7.7827,45.849,551.29,228.84
64,18,7.1926,45.495,567.04,251.09
64,18,8.1502,41.339,474.62,207.85
64,18,10.592,47.688,620.3,268.53
64,18,10.333,42.906,499.13,213.58
64,18,5.7436,45.049,539.49,235.37
64,18,5.9492,42.998,499.61,215.12
64,18,7.1825,43.431,494.34,198.43
64,18,7.9873,46.062,581.98,255.74
64,18,7.7926,44.59,530.82,225.55
64,18,6.3524,44.903,541.13,228.74
64,18,6.5525,43.862,522.56,221.34
64,18,9.0418,43.309,479.53,196.29
64,18,6.2635,42.519,495.73,217.54
64,18,10.005,41.018,461.23,204.37
64,18,7.4404,45.357,559.39,244.52
64,18,6.7371,45.606,529.94,218.76
64,18,8.4673,44.098,522.2,227.87
64,18,7.4593,44.781,537.46,237.07
64,18,9.2641,46.031,561.33,238.32
64,18,8.6577,44.613,535.49,226.29
64,18,6.4259,45.275,566.91,252.2
64,18,11.537,43.417,512.72,225.08
64,18,10.461,44.731,519.61,215.58
64,18,7.8106,44.065,533.07,235.76
64,18,8.9497,41.773,480.27,212.48
64,18,7.0193,48.759,616.65,257.29
64,18,7.4891,43.924,514.78,217.81
64,18,9.5349,44.836,551.53,243.18
64,18,10.972,44.575,522.39,218.3
64,18,6.4431,45.542,546.07,225.71
64,18,7.8438,44.457,531.72,229.87
64,18,8.0501,44.311,516.32,219.61
64,18,7.4723,46.766,581.41,249.08
64,18,7.9174,45.226,565.99,251.15
64,18,7.3588,43.978,534.72,233.5
64,18,7.9901,42.029,495.07,222.18
64,18,7.7456,45.151,545.82,232.22
64,18,7.1372,44.034,504.82,214.75
64,18,6.6588,46.242,545.34,225.36
64,18,8.4044,45.071,552.17,241.34
64,18,9.6507,44.947,529.04,218.35
64,18,6.8179,42.318,467.88,195.48
64,18,11.762,45.188,545.17,231.95
64,18,9.2829,44.26,510.87,213.52
64,18,9.3179,42.312,489.49,216.11
64,18,9.3954,44.127,541.22,245.1
64,18,6.4992,45.073,539.42,230.3
64,18,7.2041,44.407,533.82,226.66
64,18,7.1122,43.92,529.59,228.37
64,18,7.7138,46.53,599.35,264.44
64,18,9.3036,45.485,572.24,253.84
64,18,13.326,45.967,583.47,249.02
64,18,8.1858,46.194,538.45,218.77
64,18,9.1937,42.179,494.49,221.22
64,18,12.045,46.166,591.87,260.37
64,18,6.8788,44.711,539.72,235.39
64,18,6.612,44.295,494.9,199.54
64,18,5.4618,46.823,594.31,248.91
64,18,6.7277,43.922,555.93,250.17
64,18,8.9601,44.986,551.79,240.77
64,18,10.366,45.724,571.43,249.25
64,18,7.6916,46.894,576.05,239.94
64,18,6.1943,43.664,518.37,213.67
64,18,10.401,44.839,530.06,216
64,18,7.5755,43.704,553.89,255.1
64,18,8.8813,45.131,556.65,244.08
64,18,8.2016,42.913,514.88,226.69
64,18,7.1413,44.525,533.43,227.77
64,18,5.836,43.459,519.54,228.45
64,18,7.1098,44.714,544.94,234.54
64,18,6.7495,43.204,505.92,217.4
64,18,9.0445,45.141,528.6,220.87
64,18,8.5829,45.608,557.96,238.82
64,18,15.129,45.567,559.76,241.66
64,18,6.1317,42.481,501.57,221.76
64,18,10.183,45.256,548.09,239.3
64,18,8.0024,44.311,514.39,213.58
64,18,11.226,43.644,521.67,232.76
64,18,6.9115,45.657,563.47,244.61
64,18,11.032,43.131,502.71,218.69
64,18,6.4494,46.661,568.98,237.46
64,18,10.254,47.395,622.31,281.1
64,18,6.1218,42.822,480.96,197.97
64,18,7.3691,45.451,553.53,238.7
64,18,7.3895,42.518,484.1,210.07
64,18,10.975,44.298,501.65,210.28
64,18,7.1263,46.462,583.35,248.5
64,18,7.0309,43.447,518.3,228.29
64,18,8.3445,45.922,589.02,263.3
64,18,8.499,45.052,565.67,253.81
64,18,7.4071,45.472,566.65,247.9
64,18,7.9588,46.528,560.4,232.99
64,18,7.6254,42.368,480.67,206.71
64,18,7.9878,44.38,502.91,207.76
64,18,9.2728,43.737,510.46,221.58
64,18,6.2347,43.158,493.64,203.51
64,18,9.283,46.203,586.46,259.07
64,18,10.713,45.29,556.51,241.1
64,18,8.6441,43.728,520.7,227.47
64,18,7.8103,44.252,548.25,244.5
64,18,7.5913,46.692,585.8,252.74
64,18,8.2005,44.115,523.91,223.93
64,18,8.5636,45.473,535.28,219.65
64,18,8.5763,43.756,513.5,222.72
64,18,9.8843,44.933,560.29,248.88
64,18,8.7322,47.502,585.97,238.38
64,18,7.4251,44.462,522.5,223.4
64,18,6.9475,45.451,552.17,228.8
64,18,12.031,45.789,534.36,220.27
64,18,9.0656,47.561,574.21,228.9
64,18,9.8024,43.352,491.09,207.19
64,18,8.6159,45.7,537.2,214.87
64,18,11.069,44.517,546.21,242.72
64,18,8.6258,41.716,461.7,199.28
64,18,7.3488,46.469,591.89,258.59
64,18,11.42,45.833,573.24,253.57
64,18,7.7132,46.615,572.46,245.48
64,18,7.5454,42.123,495.7,223.95
64,18,8.2176,44.351,531.25,228.25
64,18,6.1023,43.463,522.6,228.6
64,18,7.9912,45.841,564.09,247.71
64,18,7.2485,45.5,550.43,230.57
64,18,10.272,45.538,572.62,251.48
64,18,9.4778,43.72,515.78,214.12
64,18,8.3975,44.1,520.49,224.97
64,18,7.2096,42.712,509.82,229.32
64,18,6.8647,42.259,489.86,211.37
64,18,8.8762,46.207,592.25,263.91
64,18,8.4823,42.371,480.62,204.09
64,18,9.7601,47.67,619.6,269.95
64,18,6.4873,45.693,562.3,240.13
64,18,7.3965,43.003,488.2,209.49
64,18,9.8505,47,580.25,242.74
64,18,8.0036,43.94,530.22,230.92
64,18,7.0392,44.166,525.89,226.86
64,18,7.5215,41.975,472.23,202.4
64,18,10.235,43.684,513.98,219.62
64,18,11.834,47.359,599.59,260.63
64,18,10.646,44.388,511.31,214.11
64,18,12.594,45.71,536.02,217.84
64,18,8.0559,45.833,557.83,231.51
64,18,7.7158,43.308,492.63,206.03
64,18,7.9718,47.127,592.86,249.2
64,18,9.5206,44.081,520.5,219.83
64,18,7.96,43.137,491.99,209.79
64,18,7.463,43.958,503.25,211.32
64,18,5.7724,42.952,520.57,229.23
64,18,7.8526,45.193,550.3,233.39
64,18,9.3513,44.97,526.93,216.33
64,18,9.159,45.499,576.85,258.21
64,18,9.1853,45.511,566.25,241.47
64,18,7.1895,44.601,548.27,240.84
64,18,9.2117,44.024,518.92,221.96
64,18,6.8244,46.634,592.66,262.45
64,18,7.8245,44.079,525.79,223.35
64,18,6.6991,46.188,567.46,247.16
64,18,6.5455,47.363,618.57,276.16
64,18,7.4892,44.685,516.83,209.4
64,18,10.786,46.644,608.6,275.22
64,18,6.3254,45.777,580.36,256.63
64,18,9.7194,44.161,522.23,223.11
64,18,6.6272,44.212,551.13,247.33
64,18,9.9101,45.331,541.84,226.99
64,18,8.0706,45.025,546.14,234.56
64,18,7.3903,46.053,555.63,236.35
64,18,7.6689,44.69,546.62,240.74
64,18,5.8136,46.73,594.54,256.21
64,18,8.1996,46.465,560.47,237.97
64,18,8.6224,46.337,574.46,248.45
64,18,7.2497,44.907,546.29,238.92
64,18,7.4577,42.68,503.43,226.59
64,18,7.8601,47.133,603.16,263.43
64,18,8.2214,45.016,560.86,248.34
64,18,10.059,47.28,613.47,266.25
64,18,8.4944,45.564,578.64,259.19
64,18,6.9617,44.894,559.04,247.29
64,18,6.1926,45.21,539.59,218.44
64,18,9.3118,45.557,560.8,245.37
64,18,9.0546,44.142,528.58,234.39
64,18,7.1243,43.692,527.7,234.23
64,18,9.7509,45.041,558.49,240.17
64,18,6.1432,43.916,510.04,218.76
64,18,7.7761,42.187,481.25,209.73
64,18,13.095,48.608,610.16,252.9
64,18,6.3133,46.26,570.92,242.72
64,18,6.3638,46.934,614.18,272.37
64,18,6.7659,44.32,549.43,242.88
64,18,6.4257,44.262,516.23,221.83
64,18,7.8689,45.489,554.64,237.08
64,18,10.551,43.528,504.62,214.63
64,18,8.1187,43.577,522.85,225.42
64,18,9.2624,45.231,550.31,240.85
64,18,6.4225,45.117,557.06,243.34
64,18,6.7402,44.69,529.4,221.7
64,18,9.2943,45.185,566.81,252.32
64,18,10.507,42.374,490.56,214.53
64,18,7.9324,43.628,502.35,207.39
64,18,6.5907,44.815,529.23,228.33
64,18,6.4099,45.584,574.27,248.19
64,18,6.0715,46.199,569.66,245.35
64,18,6.6055,46.679,586.6,250.09
64,18,7.1051,44.515,543.13,234.97
64,18,9.9004,43.429,525.16,236.93
64,18,8.8225,44.984,548.11,237.03
64,18,8.8253,45.061,527.02,214.36
64,18,9.2122,45.084,549.68,237.89
64,18,6.6549,44.433,517.69,220.17
64,18,6.0449,45.656,558.44,236.03
64,18,11.596,45.006,549.63,237.59
64,18,7.318,42.695,500.01,216.05
64,18,8.5306,45.724,572.14,245.13
64,18,6.4601,43.691,487.14,199.63
64,18,8.9274,45.336,567.67,246.4
64,18,8.301,42.951,524.39,234.81
64,18,8.6076,43.562,521.91,227.62
64,18,7.325,45.196,536.79,225.95
64,18,8.722,43.25,525.75,236.75
64,18,7.596,49.074,655.29,279.84
64,18,6.8705,42.835,496.67,213.76
64,18,8.0999,45.274,561.63,251.02
64,18,6.7954,47.187,601.29,260.96
64,18,5.7229,45.808,566.24,239.16
64,18,7.8122,43.859,521.8,225.74
64,18,6.4302,44.181,524.06,226.33
64,18,11.352,42.917,519.87,231.49
64,18,8.7207,45.219,561.03,240.76
64,18,8.6789,43.971,510.69,212.64
64,18,10.55,44.793,535.22,227.75
64,18,7.3123,43.049,487.87,208.83
64,18,6.2924,44.166,527.28,227.54
64,18,9.5685,45.017,545.79,236.36
64,18,11.372,44.885,521.91,213.67
64,18,6.9135,44.856,513.52,205.61
64,18,7.9585,45.113,539.12,228.9
64,18,6.1819,43.167,513.89,227.69
64,18,6.3134,45.961,593.83,265.11
64,18,7.7439,46.504,576.43,244.01
64,18,9.3174,44.387,537.87,229.76
64,18,9.1735,44.216,519.18,220.58
64,18,8.1049,44.588,552.34,245.89
64,18,9.4496,45.026,547.77,232.97
64,18,8.8512,45.996,596.86,266.56
64,18,7.2114,45.254,561.91,243.8
64,18,7.7839,47.841,616.94,267.18
64,18,8.4732,45.019,552.39,236.66
64,18,8.4501,43.012,497.18,212.23
64,18,9.666,44.576,548.52,241.69
64,18,5.7587,44.361,533.82,233.05
64,18,7.1836,44.399,535.06,231.97
64,18,7.7353,42.88,500.75,216.03
64,18,8.0822,45.242,556.45,245.35
64,18,8.356,42.751,496.25,213.29
64,18,9.2272,44.702,543.29,233.5
64,18,7.5958,45.579,584.71,261.46
64,18,7.6964,43.965,518.39,221.84
64,18,8.0657,46.904,604.23,267.28
64,18,8.8326,46.751,606.97,267.46
64,18,7.621,44.917,530.66,226.28
64,18,7.0716,45.237,549.49,233.82
64,18,8.6531,44.995,532.92,223.6
64,18,9.3567,42.625,505.19,223.04
64,18,8.7887,44.827,540.72,234.31
64,18,6.7292,43.704,508.69,214.83
64,18,7.3839,43.823,530.63,234.51
64,18,6.2031,45.978,542.16,221.02
64,18,10.273,43.976,528.37,228.13
64,18,9.6453,45.158,542.97,229.56
64,18,8.0603,46.144,583.21,260.53
64,18,5.9623,45.233,565.05,245.97
64,18,8.9493,45.839,565.7,243.17
64,18,8.3142,43.472,521.46,230.81
64,18,6.4712,46.308,587.44,256.39
64,18,7.5499,43.859,531,238.45
64,18,7.4779,43.81,527.17,231.38
64,18,9.922,42.058,453.5,186.03
64,18,10.313,46.098,584.62,260.56
64,18,11.164,42.152,474.39,197.81
64,18,7.4133,46.631,549.89,222.05
64,18,8.4659,43.292,506.3,221.26
64,18,6.5235,46.743,568.1,235.53
64,18,8.8064,45.283,534.35,220.57
64,18,8.9154,43.893,520.05,223.54
64,18,6.7465,45.309,522.46,211.06
64,18,5.9817,45.33,566.87,255.57
64,18,8.0839,44.424,509.72,211.67
64,18,11.91,44.37,531.86,226.97
64,18,9.1273,44.135,522.3,222.87
64,18,8.9901,44.441,541.73,238.41
64,18,8.3836,44.755,530.31,219.65
64,18,7.2308,44.901,574.81,256.84
64,18,8.3548,43.343,513.53,222.81
64,18,8.5652,42.199,471.59,199.85
64,18,8.4097,43.75,516.75,222.99
64,18,7.1066,43.663,518.82,226.8
64,18,6.686,43.087,512.59,224.53
64,18,9.4585,45.06,544.22,233.42
64,18,10.304,46.583,604.82,272.33
64,18,5.7899,44.138,518.83,220.93
64,18,8.7589,46.323,585.31,256.81
64,18,5.9569,44.658,551.13,241.13
64,18,8.1169,44.729,546.48,241.59
64,18,9.0994,45.203,552.09,242.35
64,18,10.355,43.78,509.62,214.52
64,18,6.3554,46.189,587.51,256.9
64,18,8.0245,44.66,506.09,207.17
64,18,7.1188,45.566,537.43,220.5
64,18,11.241,44.338,541.42,235.9
64,18,8.7675,45.176,559.23,250.22
64,18,7.0532,46.729,612.89,273.71
64,18,8.7672,44.83,534.87,229.39
64,18,7.4464,40.592,432.65,183.57
64,18,8.9775,43.582,494.71,204.69
64,18,6.3219,45.205,556.98,243.28
64,18,11.887,45.296,540.37,223.13
64,18,8.5896,46.249,555.09,232.92
64,18,8.2746,43.039,486.39,198.84
64,18,8.2445,45.929,552.11,235.27
64,18,8.0515,43.465,503.48,205.89
64,18,8.2843,46.983,579.26,245.18
64,18,5.8109,46.653,611.65,274.44
64,18,7.0739,45.449,532,222.09
64,18,9.0375,45.968,545.63,222.22
64,18,6.5495,42.715,500.27,219.75
64,18,9.0711,45.022,568.7,253.1
64,18,7.3172,46.534,590.66,257.54
64,18,6.9904,45.133,554.01,242.11
64,18,8.7886,47.131,602.19,263.41
64,18,18.453,46.477,582.94,249.05
64,18,7.4115,46.384,581.32,255.48
64,18,8.0001,43.535,506.91,217.85
64,18,7.0031,44.922,526.91,211.88
64,18,7.2056,44.933,540.06,233.22
64,18,8.8344,45.693,549.46,232.39
64,18,7.9708,42.14,465.1,194.95
64,18,8.4703,44.581,539.15,237.45
64,18,10.082,45.401,535.71,217.02
64,18,7.5895,43.921,533.67,237.4
64,18,6.731,45.611,555.28,234.35
64,18,6.7145,45,547.34,236.92
64,18,8.6319,44.91,551.28,239.68
64,18,9.2184,42.73,491.94,210.94
64,18,7.7025,45.144,560.97,247.95
64,18,9.792,43.232,474.16,186.91
64,18,8.158,45.051,531.07,220.6
64,18,13.118,41.072,464.02,203.42
64,18,7.0354,46.075,577.68,252.87
64,18,6.8413,43.581,506.66,218.45
64,18,7.9925,45.538,568.97,249.2
64,18,8.0379,42.404,439.4,171.25
64,18,6.6493,46.6,596.67,268.23
64,18,12.106,44.668,534.12,232.01
64,18,10.529,45.981,568.31,244.39
64,18,8.5316,45.213,550.17,238.78
64,18,6.9837,43.6,501.9,209.44
64,18,9.5031,43.715,503.51,209.41
64,18,10.512,46.89,598.79,264.1
64,18,6.6168,44.315,535.87,238.23
64,18,6.8138,46.414,582.74,247.91
64,18,7.3911,43.025,495.48,209.51
64,18,9.447,44.512,492.55,195.81
64,18,6.8758,42.845,480.68,203.65
64,18,6.4667,44.108,522.08,221.72
64,18,8.1654,44.633,534.62,224.7
64,18,7.7451,45.42,543.1,229.35
64,18,8.3309,47.067,641.76,292.2
64,18,8.0282,45.482,559.98,244.27
64,18,7.8382,44.828,541.26,232.96
64,18,11.602,46.477,566.44,236.56
64,18,7.9745,45.536,581.04,261.27
64,18,15.794,44.065,487.89,194.99
64,18,9.3697,46.71,605.33,270.93
64,18,9.7856,44.433,542.93,235.86
64,18,5.8554,47.69,612.01,263.13
64,18,6.4124,44.658,552.64,242.1
64,18,11.869,44.822,531.06,223.26
64,18,6.6692,43.817,514,219.59
64,18,7.7359,43.608,524.32,229.15
64,18,8.4392,46.818,605.93,274.6
64,18,6.6247,44.185,538.96,233.38
64,18,7.5619,44.699,523.66,219.03
64,18,8.7939,43.546,497.24,210.19
64,18,7.278,41.496,453.86,185.43
64,18,5.4816,43.2,502.41,213.8
64,18,8.3297,44.61,509.26,207.5
64,18,6.5356,42.525,492.8,213.16
64,18,7.4532,43.998,512.21,215.55
64,18,6.9025,45.077,555.24,237.99
64,18,8.5293,43.59,513.14,225.01
64,18,5.9391,45.23,574.95,258.98
64,18,5.5687,42.41,494.1,217.81
64,18,8.458,44.75,554.39,245.5
64,18,6.2998,42.29,478.08,209.1
64,18,7.4227,42.656,493.67,215.92
64,18,7.1601,45.098,569.05,254.6
64,18,7.1114,46.072,591.43,259.18
64,18,9.3554,44.82,536.29,229.3
64,18,10.203,45.26,557.61,247.22
64,18,7.7209,45.604,548.63,229.67
64,18,7.6745,45.473,568.94,245.96
64,18,7.1261,43.794,507.72,216.24
64,18,8.7439,44.572,533.98,228.57
64,18,16.057,46.207,559.13,235.19
64,18,8.7624,43.674,513.21,221.47
64,18,11.27,45.932,549.05,224.47
64,18,8.4407,47.947,627.68,276.82
64,18,8.4169,43.909,532.29,231.75
64,18,9.0337,45.279,561.86,244.09
64,18,10.062,45.302,545.51,233.08
64,18,9.5166,46.547,591.98,257.88
64,18,8.4354,46.358,555.26,227.7
64,18,9.6463,45.877,571.1,246.81
64,18,11.121,44.653,540.46,235.26
64,18,7.9782,43.421,498.38,211.46
64,18,6.4813,42.537,499.86,220.27
64,18,7.8457,46.493,589.24,255.86
64,18,7.3511,46.217,577.85,248.13
64,18,8.356,44.136,511.65,214.06
64,18,8.7909,46.007,568.29,243.78
64,18,8.9194,43.712,500.44,205.64
64,18,9.5437,43.593,513.7,221.56
64,18,9.0286,43.796,505.73,211.63
64,18,7.6813,45.102,549.26,233.33
64,18,9.3293,45.31,552.07,242.47
64,18,7.7073,42.153,496.41,221.87
64,18,7.7907,46.796,588.85,254.97
64,18,6.8838,42.847,513.69,228.4
64,18,7.373,44.162,510.83,211.94
64,18,6.714,46.598,579.74,251.86
64,18,10.221,44.078,519.2,225.5
64,18,7.7383,44.653,520.27,219.68
64,18,7.7634,45.251,563.63,250.01
64,18,6.924,43.399,486.83,199.92
64,18,9.5187,44.959,541.33,228.71
64,18,9.5438,43.759,539.05,241.83
64,18,6.4476,46.787,589.83,256.1
64,18,7.1153,45.049,551.34,238.26
64,18,8.0058,45.793,568.26,249.31
64,18,8.3707,43.22,505.16,217.18
64,18,10.387,44.016,529.4,229.14
64,18,8.0384,44.657,550.92,239.47
64,18,6.9461,43.451,484.43,199.35
64,18,6.1094,44.127,522.72,225.1
64,18,8.4707,44.344,518.87,222.16
64,18,9.704,46.994,565.29,230.3
64,18,8.0637,44.564,533.93,226.52
64,18,8.3958,45.988,568.51,242.43
64,18,11.195,45.23,557.88,246.4
64,18,8.314,43.061,496.47,216.76
64,18,6.9156,44.902,554.84,244.02
64,18,7.2862,43.826,513.38,219.53
64,18,7.0906,46.679,579.57,249.15
64,18,11.622,42.725,477.51,196.92
64,18,7.308,44.095,500.51,205.34
64,18,9.3617,46.112,542.43,219.23
64,18,9.3387,47.631,619.37,272.48
64,18,6.5444,45.36,559.74,235.5
64,18,9.9868,43.8,505.72,214.96
64,18,7.8948,46.314,578.01,251.55
64,18,8.6556,45.262,557.56,241.57
64,18,6.3844,43.875,497.98,208.46
64,18,7.0276,45.779,523.19,204.82
64,18,8.1442,43.933,495.91,204.07
64,18,6.8274,42.318,491.14,212.98
64,18,6.1977,44.26,531.04,227.8
64,18,5.5552,45.243,556.81,241.94
64,18,6.3384,45.47,561.64,247.14
64,18,6.5218,44.154,537.32,235.7
64,18,9.4765,44.274,517.46,221.88
64,18,7.55,44.745,552.86,245.57
64,18,9.5986,43.928,524.9,227.79
64,18,13.044,43.512,521.41,231.32
64,18,9.1052,43.559,524.74,235.18
64,18,6.1764,45.751,564.91,248.58
64,18,8.0402,45.612,566.34,246.26
64,18,6.4806,44.86,541.7,229.06
64,18,6.735,43.388,505.32,213.87
64,18,8.0617,45.508,545.85,231.9
64,18,6.6436,45.159,570.33,256.59
64,18,8.1733,45.717,554.61,237.22
64,18,9.4092,45.424,543.11,224.26
64,18,12.13,43.903,494.99,206.46
64,18,8.5991,45.451,566.73,250.48
64,18,9.3739,43.068,512.26,227.16
64,18,7.0659,42.702,474.41,192.37
64,18,7.426,47.051,585.41,249.32
64,18,9.5864,45.207,537.68,226.49
64,18,7.7882,46.706,583.24,246.01
64,18,6.9208,45.348,550.19,235.04
64,18,8.2246,44.713,523.12,218.01
64,18,7.5707,43.663,522.83,227.13
64,18,9.2125,44.309,535.51,236.75
64,18,10.47,46.39,583.55,253.93
64,18,13.022,44.994,513.12,210.66
64,18,6.0721,45.922,572.59,248.97
64,18,8.6206,44.615,547.32,244.41
64,18,7.7839,45.065,564.42,249.42
64,18,10.06,46.031,559.59,233.72
64,18,7.5288,43.77,515.68,222.03
64,18,7.9005,43.524,540.07,245.46
64,18,6.728,43.617,518.71,225.71
64,18,10.753,44.18,508.41,212.18
64,18,6.836,47.443,632.53,277.6
64,18,10.883,44.372,524.15,225.05
64,18,7.412,45.547,565.09,247.27
64,18,11.019,45.996,595.27,269.54
64,18,7.6613,44.157,524.06,225.3
64,18,9.5682,45.271,553.83,239.65
64,18,7.6627,46.051,557.62,235.64
64,18,6.9635,45.343,553.03,238.75
64,18,9.1677,44.96,533.81,222.35
64,18,7.4907,43.695,519.44,228.31
64,18,6.9735,44.543,547.97,240.55
64,18,7.9505,43.402,538.3,244.03
64,18,7.1843,44.343,529.69,224.8
64,18,8.0867,44.247,518.32,217.23
64,18,8.3841,43.872,513.95,222.41
64,18,10.339,46.031,520.88,204.2
64,18,7.4294,44.557,537.07,228.39
64,18,8.7829,45.446,554.85,238.67
64,18,8.6746,44.546,536.58,236.26
64,18,7.2707,47.943,610.9,265.69
64,18,7.3558,46.74,583.92,248.74
64,18,5.9029,46.27,572.42,242.94
64,18,9.4798,42.833,508.5,228.03
64,18,9.7565,41.422,474.86,208.33
64,18,10.046,45.457,564.71,247.65
64,18,7.2502,44.59,538.43,230.87
64,18,7.8557,42.594,490,213.02
64,18,7.5371,42.852,497.51,215.99
64,18,8.39,43.627,484.25,194.95
64,18,6.3841,47.148,572.13,238.71
64,18,11.985,44.518,549.87,243.25
64,18,6.7122,48.703,652.38,286.89
64,18,6.7711,43.218,494.09,210.11
64,18,8.3878,45.542,580.84,256.47
64,18,6.8777,44.773,528.7,222.99
64,18,7.2543,45.026,546.01,232.08
64,18,7.966,44.799,554.72,242.31
64,18,8.569,44.235,511.09,214.87
64,18,11.004,43.993,536.87,234.61
64,18,9.1555,44.744,534.75,228.5
64,18,12.107,44.83,552.17,242.67
64,18,7.9804,45.878,558.14,240.25
64,18,7.6127,43.665,514.63,218.93
64,18,7.0646,44.317,538.01,237.04
64,18,8.7331,46.395,581.75,254.81
64,18,7.5807,43.172,502.18,217.66
64,18,8.9578,47.222,604.6,264.66
64,18,11.856,43.942,514.39,221.62
64,18,10.283,43.41,504.47,220.44
64,18,8.2989,41.475,461.33,197.98
64,18,6.0073,44.172,516.17,217.08
64,18,6.6527,42.657,478.28,201.2
64,18,9.7614,46.636,580.92,243.87
64,18,8.1328,44.511,553.26,244.01
64,18,8.7584,45.665,571.85,254.01
64,18,7.5165,44.088,524.48,222.57
64,18,7.4138,46.176,543.06,213.19
64,18,8.4912,47.646,608.75,259.97
64,18,7.2447,46.541,589.32,251.94
64,18,6.7889,43.167,516.32,230.41
64,18,7.7197,46.422,579.73,247.01
64,18,7.6976,45.076,548.38,235.5
64,18,8.736,42.327,488.09,214.55
64,18,8.6574,47.137,573.11,237.57
64,18,9.4314,41.249,469.87,204.69
64,18,6.8341,44.719,561.02,250.44
64,18,6.8465,43.225,522,233.17
64,18,10.18,44.538,506.07,206.32
64,18,9.1335,44.618,538.03,231.14
64,18,6.1159,44.244,530.93,228.5
64,18,7.9548,42.358,501.96,224.98
64,18,6.8651,46.546,606.87,268.27
64,18,10.859,45.269,536.31,220.02
64,18,8.513,46.311,584.17,253.6
64,18,8.4486,47.209,605.67,264.29
64,18,8.6801,46.32,572.87,245.12
64,18,8.0238,45.918,577.21,252.75
64,18,7.2879,44.945,546.21,236.83
64,18,8.6376,43.826,511.8,219.28
64,18,6.9165,42.298,470.63,197.21
64,18,7.0949,45.026,563.46,250
64,18,8.1083,41.569,474.1,207.74
64,18,10.466,44.749,510.86,205.01
64,18,6.1216,41.675,460.54,189.54
64,18,6.7618,45.804,542.76,224.56
64,18,7.1201,43.174,484.99,200.26
64,18,7.935,44.04,510.34,214.58
64,18,9.5291,45.867,537.9,219.89
64,18,9.0129,44.121,534.55,230.92
64,18,10.174,43.926,525.03,226.04
64,18,8.3015,43.86,527.32,229.86
64,18,6.6704,43.712,513.89,224.82
64,18,11.165,43.625,519.25,223.03
64,18,6.1513,45.823,561.7,238.4
64,18,7.9696,47.8,622.34,273.91
64,18,7.574,45.209,542.51,230.4
64,18,6.5532,45.826,553.33,235.52
64,18,7.1235,43.004,481.79,196.83
64,18,7.1154,45.482,538.75,224.86
64,18,11.067,46.835,578.86,247.95
64,18,6.7582,44.961,538.35,227.11
64,18,9.2901,45.489,530.46,213.82
64,18,8.7726,44.826,539.22,228.26
64,18,7.155,44.047,521.6,226.7
64,18,7.1098,43.172,489.22,203.17
64,18,6.783,44.811,543.3,234.09
64,18,8.1547,45.386,549.83,235.58
64,18,6.7242,45.461,549.65,230.41
64,18,8.9922,45.359,536.82,221.18
64,18,8.2008,43.184,506.25,222.24
64,18,6.7806,45.002,547.02,233.69
64,18,5.8214,45.141,578.15,264.41
64,18,9.2972,45.662,551.36,230.77
64,18,9.1965,43.505,513.4,221.61
64,18,9.03,44.755,508.37,207.97
64,18,5.6171,46.327,580.09,247.86
64,18,8.1619,44.526,523.37,223.72
64,18,9.4702,44.064,526.39,229.8
64,18,8.5192,48.167,628.85,275.11
64,18,7.3876,44.859,547.36,236
64,18,12.43,46.751,597.09,257.59
64,18,6.9979,48.564,593.72,239.7
64,18,9.7739,45.409,571.77,249.65
64,18,6.0506,46.087,575.6,247.79
64,18,7.1133,42.221,474.18,200.29
64,18,12.318,43.619,511.33,219.31
64,18,8.8931,46.132,569.87,245.65
64,18,7.621,41.852,455.09,188.64
64,18,7.6301,45.431,572.38,249.22
64,18,9.912,45.408,554.7,242.19
64,18,9.6405,42.59,473.98,199.05
64,18,7.8076,47.224,613.94,271.66
64,18,7.9121,44.53,524.94,223.22
64,18,7.6304,45.229,556.04,243.69
64,18,8.4024,43.486,522.23,232.78
64,18,9.0831,44.462,539.5,238.15
64,18,5.7177,45.123,562.65,248.69
64,18,14.991,45.511,574.38,256.31
64,18,6.6983,45.237,553.85,243.26
64,18,8.2155,47.466,612.19,266.32
64,18,7.7296,46.634,571.58,244.26
64,18,7.6199,45.872,577.72,256.79
64,18,7.5105,44.504,519.33,216.39
64,18,14.036,43.203,504.39,219.35
64,18,8.7927,46.759,589.56,255.33
64,18,8.8274,45.041,544.58,235.5
64,18,7.3338,44.148,522.18,226.67
64,18,8.2686,48.562,626.71,270.81
64,18,8.1858,41.92,465.47,200.56
64,18,8.4275,44.963,534.32,223.95
64,18,8.9394,44.027,526.63,227.47
64,18,7.391,45.436,559.42,244.67
64,18,14.182,42.912,498.81,215.62
64,18,11.016,48.927,627.4,263.02
64,18,12.676,45.175,561.14,248.31
64,18,7.8377,43.205,499.06,214.87
64,18,7.0195,46.084,584.06,261.23
64,18,7.9896,43.407,497.57,211.76
64,18,7.0163,44.445,523.53,220.46
64,18,6.5704,43.202,513.91,227.37
64,18,7.2581,44.701,527.79,222
64,18,10.552,44.757,527.44,221.32
64,18,9.4106,42.441,445.51,170.42
64,18,7.8816,46.201,605.13,270.95
64,18,7.0351,44.633,551.12,246.13
64,18,7.2854,44.211,516.94,214.79
64,18,8.8096,44.261,540.81,240.85
64,18,8.063,44.685,541.41,232.86
64,18,6.6346,44.838,552.99,248.14
64,18,7.8615,46.622,581.08,245.67
64,18,7.4078,43.942,529.42,231.39
64,18,7.8599,44.894,563.19,251.48
64,18,6.1887,44.215,527.72,229.84
64,18,7.0769,44.815,537.79,227.3
64,18,9.0456,44.654,523.64,220.32
64,18,7.9122,43.984,506.37,212.68
64,18,6.8442,43.82,519.84,227.72
64,18,6.2631,45.976,544.85,232.18
64,18,10.412,43.817,524.52,226.48
64,18,8.897,48.238,609.53,252.93
64,18,8.9704,42.956,494.48,214
64,18,8.6955,44.219,532.01,232.9
64,18,7.0355,47.573,597.87,249.89
64,18,9.4852,44.611,536.09,232.35
64,18,8.9732,45.669,540.33,222.71
64,18,12.527,44.644,509.5,208.85
64,18,5.9747,43.61,508.68,216.31
64,18,8.7107,45.307,528.84,216.78
64,18,5.2921,46.534,588.61,255.71
64,18,9.0331,45.588,569.61,250.5
64,18,8.0273,46.126,554.5,226.16
64,18,9.7464,44.424,535.92,234.62
64,18,8.3153,45.234,524.69,216.14
64,18,6.8453,42.855,472.49,195.45
64,18,9.1495,45.61,561.01,236.99
64,18,6.1237,45.142,553.4,241.3
64,18,10.42,45.237,546.89,232.02
64,18,9.5189,45.732,538.49,220.19
64,18,7.6657,42.587,502.41,220.37
64,18,8.3723,47.068,614.3,276.21
64,18,6.0728,45.212,580.35,265.86
64,18,6.4015,43.576,497.47,207.53
64,18,9.0888,47.014,588.05,253.41
64,18,8.3795,44.906,530.86,223.43
64,18,9.1748,45.469,572.3,255.86
64,18,6.9968,43.423,509.74,223.11
64,18,7.9876,45.32,539.53,226.6
64,18,7.4351,41.936,465.1,200.97
64,18,7.2385,41.885,480.57,209.63
64,18,9.0202,44.307,521.52,220.75
64,18,8.8651,44.114,503.2,210.68
64,18,7.4939,47.164,629.04,287.71
64,18,11.372,44.682,533.42,227.53
64,18,10.086,42.673,503.69,219.98
64,18,8.9449,44.425,546.27,239.49
64,18,7.0882,44.957,540.85,232.72
64,18,8.3749,43.262,529.21,237.86
64,18,8.9276,44.536,518.86,213.59
64,18,6.046,44.888,509.39,204.98
64,18,7.0792,45.284,541.28,230.95
64,18,6.8022,46.795,611.63,273.3
64,18,9.5075,44.342,525.88,222.67
64,18,9.618,43.743,517.96,224.24
64,18,6.1413,45.308,569.63,250.41
64,18,8.0668,43.83,510.89,215.29
64,18,6.1119,45.271,567.25,245.29
64,18,7.702,45.534,568.79,250.95
64,18,6.4418,45.9,573.22,245.28
64,18,8.1396,44.391,515.83,218.95
64,18,6.592,45.857,552.32,225.87
64,18,5.5926,42.992,514.11,227.48
64,18,7.6601,43.361,503.37,217.03
64,18,7.4667,45.896,585.94,258.71
64,18,15.052,46.224,573.88,245.12
64,18,10.971,44.045,526.46,227.52
64,18,7.0198,44.236,550.2,248.84
64,18,9.6515,44.298,513.14,215.32
64,18,7.758,43.661,508.86,218.42
64,18,10.008,46.351,578.75,250.64
64,18,6.7096,47.736,597.4,252.5
64,18,7.5729,43.22,495.52,208.59
64,18,9.8105,44.496,512.2,216.39
64,18,10.204,43.231,495.03,211.42
64,18,7.4695,45.251,587.05,267.8
64,18,7.4927,45.919,563.19,245.92
64,18,7.5723,44.98,542.27,232.08
64,18,7.3011,44.924,549.41,243.53
64,18,6.1494,44.395,551.46,247.22
64,18,10.559,44.31,517.57,216.02
64,18,8.3636,46.802,600.88,257.89
64,18,9.641,41.8,460.35,193.47
64,18,5.892,45.028,537.34,226.86
64,18,14.369,44.379,533.8,233.47
64,18,6.3398,42.438,510,230.07
64,18,9.763,45.148,531.73,224.81
64,18,11.276,44.629,556.9,245.89
64,18,6.5365,48.052,610.77,263.72
64,18,10.033,42.312,474.41,199.74
64,18,9.9352,46.491,571.76,241.14
64,18,7.9059,43.078,489.26,208.96
64,18,7.0325,46.024,563.86,239.38
64,18,9.4718,44.925,529.86,222.92
64,18,5.7716,45.157,560.59,241.96
64,18,6.8535,43.146,494.09,211.99
64,18,7.2245,45.403,581.08,261.87
64,18,7.2757,43.44,501.4,213.99
64,18,8.7857,44.676,526.01,218.53
64,18,6.8742,44.042,519.18,220.56
64,18,7.9175,45.255,535.66,226.95
64,18,7.7105,44.126,520.83,223.38
64,18,9.8925,44.94,519.47,215.13
64,18,8.7655,43.999,514.17,216.33
64,18,7.2851,46.558,577.88,245.38
64,18,9.7368,44.394,531.11,231.01
64,18,7.6152,44.625,548.39,238.54
64,18,9.0727,47.987,638.51,276.21
64,18,11.373,41.311,443.75,186.12
64,18,5.8897,44.567,527.89,220.98
64,18,7.7262,45.063,537.68,225.41
64,18,7.4404,44.351,555.47,246.88
64,18,5.7748,44.362,539.03,234.04
64,18,7.8649,44.114,537.87,230.2
64,18,9.6864,45.321,551.78,239.38
64,18,8.8117,43.375,511.08,222.56
64,18,7.9856,45.395,568.4,255.24
64,18,9.1873,44.51,546.46,244.68
64,18,8.362,44.84,520.88,217.24
64,18,15.561,43.884,528.31,231.75
64,18,6.6502,45.959,592.34,264.16
64,18,7.5386,44.883,555.24,243.22
64,18,7.6682,44.305,532.73,231.22
64,18,10.036,46.002,585.54,262.8
64,18,7.8238,46.015,570.23,245.78
64,18,7.0694,43.575,509,220.37
64,18,7.0999,43.26,506.36,221.57
64,18,7.7801,46.106,548.01,222.53
64,18,7.9565,43.13,485.18,201.4
64,18,8.2494,43.635,529.81,238.1
64,18,10.178,43.869,515.21,224.52
64,18,5.7448,44.599,561.65,253.83
64,18,5.783,46.727,590.42,255.81
64,18,10.896,44.722,517.35,220.89
64,18,8.6107,44.658,530.48,221.62
64,18,9.7877,44.372,529.03,226.71
64,18,8.7106,45.289,546.8,233.66
64,18,10.841,44.996,553.59,243.58
64,18,6.4962,42.954,517.26,226.05
64,18,9.9039,47.142,579.39,238.15
64,18,8.1069,44.65,519.97,218.51
64,18,9.9504,47.804,640.28,283.84
64,18,8.1184,42.911,489.21,209.84
64,18,7.2848,41.537,465.91,195.82
64,18,8.6227,41.471,464,201.7
64,18,6.8072,44.187,523.98,224.3
64,18,5.8846,42.685,502.16,220.76
64,18,8.2891,44.746,517.36,211.81
64,18,6.1852,45.367,517.17,205.49
64,18,8.6155,43.374,501.93,212.94
64,18,8.1737,45.405,570.77,246.67
64,18,8.2355,44.031,510.88,213.02
64,18,7.631,43.143,492.14,207.46
64,18,8.7648,43.31,500.14,218.79
64,18,9.7584,47.631,573.75,222.56
64,18,7.7852,43.311,519.36,230.45
64,18,7.6684,43.883,548.44,245.78
64,18,7.8752,44.475,541.17,237.5
64,18,7.8399,43.029,490.41,211.71
64,18,6.9333,48.673,657.1,290.06
64,18,7.7556,43.479,508.32,222.55
64,18,6.7395,44.236,529.29,226.66
64,18,6.3514,43.953,526.25,226.44
64,18,7.3754,44.986,555.12,239.56
64,18,7.5387,45.011,524.85,216.3
64,18,11.397,43.039,493.64,208.66
64,18,6.984,44.018,519.04,217.73
64,18,7.1969,44.001,522.68,225.82
64,18,8.2257,45.471,554.03,236.5
64,18,8.8613,45.543,551.78,230.28
64,18,9.568,42.933,493.26,211.2
64,18,8.5028,43.211,504.22,220.92
64,18,9.5929,43.691,523.95,229.31
64,18,7.0916,45.395,564.64,250.85
64,18,6.7222,45.044,537.58,228.15
64,18,8.0581,45.756,538.15,222.96
64,18,7.4165,46.812,593.48,258.94
64,18,9.262,43.546,508.48,216.04
64,18,8.1303,44.916,556.45,245.51
64,18,5.9379,44.993,557.37,242.08
64,18,7.4076,47.388,593.74,253.96
64,18,7.1811,42.439,485.59,207.27
64,18,11.344,43.543,525.6,232.99
64,18,7.0846,45.63,554.86,236.66
64,18,7.405,42.551,504.29,221.86
64,18,9.2667,47.813,630.15,274.53
64,18,6.7567,45.821,594.09,264.61
64,18,6.0365,45.444,579.71,253.69
64,18,5.28,46.506,573.92,247.3
64,18,6.9411,45.302,547.18,233.55
64,18,7.4469,46.117,572.54,249.26
64,18,8.5533,43.916,532.3,234.72
64,18,6.3847,43.771,517.63,223.69
64,18,11.86,45.711,546.08,222.88
64,18,6.3654,45.304,551.13,238.52
64,18,8.6988,43.69,487.33,199.58
64,18,6.8364,44.519,546.55,244.54
64,18,6.5493,44.362,548.17,243.14
64,18,8.0687,45.816,573.34,255.36
64,18,8.065,44.393,533.7,228.7
64,18,9.5773,44.912,548.65,237.65
64,18,7.299,43.541,521.99,226.59
64,18,8.0814,47.202,598.27,260.49
64,18,8.1339,46.094,560.96,229.68
64,18,7.8184,43.38,510.21,222.8
64,18,7.079,44.599,542.08,234.38
64,18,10.358,46.244,572.71,241.78
64,18,7.0673,43.411,517.67,231.6
64,18,6.9605,47.336,601.46,258.03
64,18,11.813,45.347,541.44,225.89
64,18,9.5411,44.447,519.45,224.26
64,18,9.4068,46.426,582.14,252.18
64,18,8.2482,45.237,538.37,230.59
64,18,7.5933,42.117,460.5,189.61
64,18,6.8682,46.457,576,248.2
64,18,10.956,44.497,543.02,237.45
64,18,7.45,45.111,555.41,240.31
64,18,6.8911,45.275,560.85,246.29
64,18,6.9511,44.276,518.2,219.23
64,18,6.7477,45.73,566.11,243.17
64,18,6.9557,45.571,536.41,223.68
64,18,10.827,47.314,586.81,251.94
64,18,8.1409,45.139,550.71,237.83
64,18,7.4513,46.15,589.11,259.47
64,18,8.0908,46.172,583.14,259.38
64,18,6.7825,43.078,515.04,229.35
64,18,9.6238,43.796,526.8,233.75
64,18,11.875,43.144,496.76,214.11
64,18,8.9525,47.561,616.58,267.97
64,18,6.4819,44.805,514.02,209.95
64,18,8.2052,44.152,528.76,231.71
64,18,13.15,42.447,488.83,207.23
64,18,8.4406,45.771,554.31,231.87
64,18,8.1452,44.598,555.74,243.18
64,18,6.7208,43.974,522.53,225.74
64,18,9.8827,45.184,547.57,236.6
64,18,8.9482,44.311,490.15,200.96
64,18,7.172,46.876,601.67,263.73
64,18,8.3758,45.871,556.12,234.33
64,18,8.5022,42.992,506.22,220.44
64,18,7.6878,43.363,488.01,201.95
64,18,7.0187,44.847,560.18,252.11
64,18,7.8651,46.085,562.47,236.48
64,18,5.0348,45.02,600.8,277.76
64,18,7.8757,46.278,566.63,240.02
64,18,12.48,43.613,521,223.91
64,18,8.1999,45.515,572.5,256.77
64,18,6.7478,43.062,512.58,227.77
64,18,7.7269,44.738,540.86,235.23
64,18,7.2166,42.895,487.34,208.98
64,18,8.019,45.999,559.44,240.67
64,18,7.3361,44.097,523.45,227.19
64,18,7.2903,44.825,561.78,247.5
64,18,9.8544,44.842,540.94,234.77
64,18,6.7881,43.767,513.33,219.98
64,18,7.1124,45.197,571.29,251.28
64,18,6.9748,44.123,524.64,227.21
64,18,7.2212,44.658,552.46,237.13
64,18,8.5645,44.823,534.94,229.01
64,18,9.2384,44.252,506.98,209.34
64,18,8.3682,44.956,587.61,271.31
64,18,6.9259,47.543,662.52,307.51
64,18,7.397,43.791,510.4,216.04
64,18,8.1836,44.396,521.06,219.58
64,18,7.4599,43.743,544.32,247.33
64,18,7.2762,43.844,524.22,230.78
64,18,8.58,45.668,570.14,248.08
64,18,7.5177,46.388,599.43,267.04
64,18,6.306,47.945,618.16,260.34
64,18,6.9168,42.021,454.22,190.03
64,18,7.6743,44.82,529.43,221.96
64,18,9.4584,44.88,539.96,229.69
64,18,7.8219,46.31,579.73,246.04
64,18,7.0822,44.543,527.86,224.13
64,18,8.0096,45.295,556.78,240.65
64,18,9.9144,45.271,546.75,234.25
64,18,6.906,47.244,611.69,263.59
64,18,6.1105,46.22,584.12,254.46
64,18,9.1139,45.129,546.19,231.79
64,18,7.2676,43.852,520.81,222.13
64,18,6.9433,44.034,516.31,220.38
64,18,6.5039,43.382,529.38,238.25
64,18,7.927,47.14,573.49,238.04
64,18,5.9693,44.981,542.06,231.22
64,18,7.0788,43.821,543.4,246.55
64,18,9.813,44.14,507.93,211.31
64,18,6.7568,44.779,561.38,252.87
64,18,7.0192,44.296,524.97,225.11
64,18,7.6384,44.562,542.27,239.37
64,18,6.7304,47.251,614.42,268.98
64,18,7.5117,42.776,498.47,217.4
64,18,8.5544,46.567,577.28,240.35
64,18,10.368,45.405,546.83,232.28
64,18,10.512,42.793,505.81,219.11
64,18,7.239,45.96,569.85,250.83
64,18,7.4821,47.3,582.01,238.49
64,18,10.463,47.359,583.5,246.23
64,18,8.9243,44.833,550.37,236.45
64,18,9.5019,44.958,560.72,251.04
64,18,8.7693,45.021,537.82,225.98
64,18,14.436,45.034,540.46,226.12
64,18,7.6668,44.363,554,247.5
64,18,6.2986,42.592,489.19,212.11
64,18,6.9618,47.626,620.71,274.3
64,18,6.0693,45.43,554.99,243.45
64,18,6.9299,46.41,607.38,271.49
64,18,8.4261,43.555,519.22,230.8
64,18,7.6631,44.03,536.85,239.38
64,18,8.3842,45.171,538.44,227.11
64,18,9.6773,41.566,452.01,191.99
64,18,5.7611,45.014,538.37,228.61
64,18,7.8641,42.581,497.45,216.24
64,18,11.52,45.004,557.11,242.99
64,18,9.4693,44.864,560.69,251.55
64,18,7.7143,44.712,530.29,226.8
64,19,9.315,46.33,591.26,260.98
64,19,8.1402,45.937,562.14,244.78
64,19,5.6008,44.011,547.32,247.55
64,19,6.3218,42.532,489.39,211.87
64,19,8.1754,44.707,544.72,244.41
64,19,8.0714,46.427,570.02,244.27
64,19,10.847,47.358,587.07,244.27
64,19,6.8151,44.237,539.87,237.55
64,19,7.2855,43.8,533.6,233.97
64,19,7.6542,44.773,515.07,206.3
64,19,6.1253,46.461,611.41,277.86
64,19,11.968,44.751,556.36,245.88
64,19,7.9525,45.451,574.75,255.8
64,19,11.973,43.618,528.43,231.72
64,19,10.453,44.714,533.3,232.03
64,19,12.693,48.401,606.89,249.75
64,19,10.228,43.984,549.71,250.26
64,19,8.4678,45.995,582.66,257.14
64,19,6.7227,43.424,517.48,228.15
64,19,7.2995,44.98,520.58,212.88
64,19,7.5746,45.172,541.86,230.34
64,19,9.9515,44.271,532.19,233.01
64,19,6.0038,44.46,530.19,230.17
64,19,9.8217,46.599,593.95,254.03
64,19,7.2835,45.65,540.18,223.81
64,19,9.9751,43.992,484.94,196.57
64,19,7.5648,46.688,601.97,265.28
64,19,9.8521,43.465,532.23,241.52
64,19,10.065,46.652,596.75,262.74
64,19,6.4719,42.763,491.76,209.95
64,19,7.6517,44.529,535.22,225.66
64,19,9.078,46.292,584.02,254.19
64,19,7.8864,43.429,528.69,233.72
64,19,6.6182,45.13,556.35,247.2
64,19,7.4646,46.593,611.51,273.3
64,19,10.147,45.833,542.71,223.99
64,19,7.4059,45.727,577.97,253.84
64,19,5.814,46.33,581.73,247.22
64,19,6.9211,44.547,541.03,235.55
64,19,9.6161,43.393,498.18,209.68
64,19,9.1893,47.191,608.71,268.24
64,19,7.5282,44.866,552.2,243.69
64,19,7.842,45.237,537.69,223.61
64,19,7.4721,46.638,600.91,269.32
64,19,8.4604,45.158,559.86,240.76
64,19,7.2393,44.704,562.72,254.62
64,19,6.5143,44.018,522.43,222.02
64,19,6.5594,43.409,499.25,212.63
64,19,7.1055,45.084,569.14,258.49
64,19,8.6972,44.999,541.45,232.19
64,19,8.5163,45.394,560.98,245.52
64,19,8.1996,41.718,455.1,191.81
64,19,8.8814,42.467,484.6,212.64
64,19,6.7018,45.409,539.69,226.65
64,19,7.5918,47.635,618.8,266.72
64,19,6.9811,47.831,609.31,266.72
64,19,9.0818,45.877,569.89,249.9
64,19,6.5318,45.673,569.34,247.33
64,19,7.6013,45.777,567.53,247.64
64,19,11.336,45.186,537,222.25
64,19,9.8666,44.329,523.81,227.2
64,19,8.8427,47.783,608.27,261.08
64,19,8.6586,44.047,527.06,230.41
64,19,5.7266,45.258,544.05,222.99
64,19,6.2096,45.759,587.7,260.24
64,19,9.7736,45.207,545.87,235.57
64,19,6.6994,44.192,512.66,217.17
64,19,8.1767,44.351,540.69,235.35
64,19,6.7324,45.065,571.61,256.94
64,19,10.269,46.99,602.68,263.17
64,19,8.8856,44.221,557.27,253.01
64,19,9.4853,44.19,504.25,200.03
64,19,8.4217,45.219,553.46,238.16
64,19,7.8387,45.655,551.18,231.69
64,19,10.554,46.097,578.26,245.69
64,19,7.693,45.517,567.8,252.73
64,19,7.9612,43.428,485.2,201.85
64,19,7.9568,43.84,518.24,223.56
64,19,9.8962,46.499,547.84,218.67
64,19,9.9785,46.925,597.34,262.79
64,19,8.9081,44.693,517.56,216.58
64,19,6.8252,43.363,520.83,228.08
64,19,7.1734,44.057,495.08,200.62
64,19,8.8961,45.327,542.01,230.07
64,19,7.6204,47.094,609.29,265.62
64,19,10.355,45.312,553.24,238.98
64,19,9.4876,43.913,513.99,214.04
64,19,7.4832,44.606,543.47,234.39
64,19,7.9924,46.983,605.91,261.91
64,19,8.4475,44.037,517.3,219.82
64,19,12.191,44.817,557.56,239.7
64,19,10.296,45.412,548.32,231.79
64,19,9.2948,46.002,583.79,253.78
64,19,6.9425,43.099,490.76,204.18
64,19,10.591,45.798,537.53,224.9
64,19,8.2036,42.659,476.56,199.51
64,19,8.2397,44.083,544.39,243.59
64,19,7.4422,45.242,545.95,224.3
64,19,7.6118,47.01,576.51,236.61
64,19,8.6474,45.898,552.62,231.82
64,19,7.2009,45.869,578.98,258.44
64,19,8.0789,43.268,513.02,227.22
64,19,6.8507,47.693,567.37,234.2
64,19,7.0779,45.257,577.65,262.06
64,19,7.9408,42.973,514.98,232.76
64,19,10.547,45.724,569.77,250.39
64,19,6.5051,46.137,548.65,229.48
64,19,8.1207,43.594,530.29,236.63
64,19,8.2678,46.211,578.47,254.62
64,19,8.7321,44.726,508.86,208.36
64,19,9.0339,43.802,539.74,242.29
64,19,8.1408,43.956,538.8,242.87
64,19,8.4408,43.157,481.74,204.68
64,19,5.737,45.87,579.95,256.58
64,19,8.7862,45.887,564.79,244.96
64,19,7.3405,44.468,514.6,216.97
64,19,8.2444,46.315,586.6,255.38
64,19,8.0764,45.793,571,248.26
64,19,8.9261,44.085,529.97,229.67
64,19,7.3985,44.583,537.44,233.33
64,19,8.2013,46.618,601.68,265.49
64,19,8.384,45.806,563.44,243.71
64,19,7.217,43.898,511.63,214.83
64,19,8.0183,44.797,529.05,222.11
64,19,9.577,45.101,580.53,258.57
64,19,6.967,46.224,550.38,226.98
64,19,10.843,46.897,593.89,258.94
64,19,7.1987,44.814,565.61,255.29
64,19,10.097,45.926,585.23,252.1
64,19,8.8284,43.452,487.64,200.17
64,19,8.8692,47.619,605.08,260.27
64,19,8.9656,45.566,557.49,237.7
64,19,6.7643,44.303,511.71,212.75
64,19,9.7752,44.631,545.67,238.98
64,19,6.9409,45.322,545.3,229.57
64,19,9.3527,44.531,554.79,247.78
64,19,6.6564,44.23,545.15,245.49
64,19,7.1108,47.088,602.75,260.58
64,19,6.6552,44.629,556.41,248.75
64,19,6.7239,44.85,553.36,247.19
64,19,9.6827,45.443,554.47,235.86
64,19,6.8886,45.319,578.69,258.21
64,19,5.9241,45.902,572.81,243.79
64,19,11.611,43.841,499.49,210.9
64,19,9.252,44.514,518.9,213.64
64,19,9,44.32,515.67,216.95
64,19,12.685,45.037,570.62,254.05
64,19,6.7402,42.873,520.42,231.77
64,19,9.1795,44.179,533.86,236.44
64,19,8.0555,43.625,500.81,211.76
64,19,9.9965,45.049,549.49,241.56
64,19,5.9679,48.134,633.82,271.53
64,19,10.698,45.224,580.49,264.19
64,19,10.97,45.371,537.8,222.58
64,19,8.3581,42.757,495.82,218.51
64,19,7.5279,46.071,597.05,267.99
64,19,7.5548,45.586,544.13,226.63
64,19,7.6248,45.584,573.76,251.43
64,19,5.2224,45.509,600.47,274.37
64,19,5.916,46.655,596.68,258.04
64,19,8.4848,42.158,483.79,208.2
64,19,7.3016,43.864,521.19,229.26
64,19,8.6236,44.547,522.18,221.01
64,19,8.0707,45.73,571.44,247.94
64,19,5.8875,47.86,632.26,281.46
64,19,9.3704,43.668,511.28,222.47
64,19,9.2155,45.942,562.29,239.48
64,19,7.6773,44.561,539.42,235.98
64,19,8.1043,45.649,546.51,231.86
64,19,7.2911,45.081,560.07,245.09
64,19,9.0568,44.571,522.96,216.25
64,19,7.2882,43.399,498.8,210.56
64,19,9.6665,46.895,591.97,249.64
64,19,7.4122,44.632,522.11,216.22
64,19,9.2452,44.817,539.47,228.47
64,19,8.6618,48.432,646.66,278.93
64,19,6.3871,43.827,519.07,224.31
64,19,6.924,46.024,577.56,255.06
64,19,6.6246,44.798,542.31,238.64
64,19,7.3375,47.466,617.07,273.53
64,19,10.28,44.859,523.66,217.78
64,19,8.3103,45.686,575.88,250.42
64,19,6.8964,43.612,513.72,214.87
64,19,8.5686,45.066,557.71,245.72
64,19,6.9081,44.377,508.98,202.83
64,19,8.634,45.311,582.57,267.71
64,19,8.6723,48.453,646.25,286.01
64,19,7.696,44.371,547.91,242.67
64,19,9.5185,45.852,557.6,242.65
64,19,6.5323,44.404,515.82,218.14
64,19,10.102,45.391,553.8,238.42
64,19,7.7791,44.17,503.61,202.43
64,19,8.3328,44.963,553.52,237.48
64,19,11.109,43.466,497.92,209.71
64,19,10.086,44.887,523.88,211.75
64,19,9.6175,43.262,499.47,220.97
64,19,6.8531,46.864,616.23,277.48
64,19,8.6215,46.796,564.01,230.08
64,19,7.2119,44.573,561.03,252.18
64,19,8.6097,45.185,559.16,246.27
64,19,9.9373,47.911,626.9,274.93
64,19,8.5843,46.357,583.98,258.12
64,19,6.4446,45.385,576.53,259.08
64,19,10.98,46.357,603.18,265.32
64,19,6.6387,46.929,608.89,272.41
64,19,7.9834,44.659,531.13,226.34
64,19,7.6333,48.559,630.82,267.82
64,19,7.3999,42.313,497.57,219.76
64,19,7.7855,46.698,585.99,249.89
64,19,6.861,45.086,547.97,222.39
64,19,9.5781,44.28,512.06,217.11
64,19,8.2009,46.089,583.26,256.52
64,19,7.6744,43.091,526.2,237.44
64,19,9.7621,42.45,487.01,211.06
64,19,8.7756,44.3,540.82,236.42
64,19,9.3507,43.133,510.88,223.87
64,19,5.4204,45.003,582.51,264.93
64,19,8.1172,46.226,591.89,261.51
64,19,7.6882,46.009,581.4,254.57
64,19,7.8158,45.701,548.15,233.6
64,19,7.6217,45.995,599.1,269.19
64,19,9.0867,46.312,580.57,249.88
64,19,6.6841,43.433,537.83,241.63
64,19,10.323,44.985,552.73,241.79
64,19,9.6352,44.042,510.86,213.16
64,19,5.7373,43.15,533.88,245.51
64,19,7.5043,46.071,579.24,254.5
64,19,9.6193,43.996,526.97,232.7
64,19,8.9439,44.193,516.33,217.58
64,19,8.355,45.322,563.52,242.75
64,19,7.9858,42.061,497.8,223.9
64,19,6.9038,49.604,659.19,274.29
64,19,9.6974,47.869,609.02,257.7
64,19,8.0005,42.488,454.17,179.47
64,19,8.5795,44.872,548.24,231.8
64,19,11.683,44.085,500.39,207.86
64,19,9.3632,45.254,569.79,250.52
64,19,8.9595,46.14,569.35,246.2
64,19,6.2305,46.04,601.48,267.51
64,19,7.3094,44.781,544.72,231.8
64,19,7.4011,45.741,547.56,231.47
64,19,6.7639,45.357,545.85,226.62
64,19,6.2623,45.983,580.44,258.56
64,19,11.596,46.297,562.19,233.71
64,19,6.6923,45.817,569.56,243.85
64,19,7.1453,44.255,545.46,238.55
64,19,8.894,47.816,616.08,262.72
64,19,7.3258,47.384,649.39,299.91
64,19,14.12,44.133,494.66,199.75
64,19,8.915,45.445,563.77,242.51
64,19,7.1476,46.012,557.74,236.23
64,19,8.905,46.066,589.54,263.41
64,19,7.2975,47.432,596.19,255.66
64,19,8.1499,44.193,528.66,230.27
64,19,7.1981,45.885,584,257.92
64,19,7.0643,43.76,532.02,235.96
64,19,7.7212,44.131,507,210.86
64,19,6.903,44.488,543.33,236.59
64,19,9.3768,47.743,615.71,268.98
64,19,8.3533,46.055,540.15,226.06
64,19,7.6094,46.2,595.12,265.39
64,19,6.869,45.382,544.56,231.69
64,19,6.8772,45.112,543.02,231.58
64,19,8.6751,44.239,531.95,231.7
64,19,7.6639,45.587,541.81,224.68
64,19,7.8836,44.99,549.77,241.09
64,19,6.3018,45.136,530.42,221.14
64,19,10.133,44.275,519.01,219.47
64,19,7.4641,44.786,568.55,256.66
64,19,6.4986,47.194,625.33,275.23
64,19,7.3093,43.81,529.18,235.25
64,19,7.9454,44.839,539.73,232.57
64,19,7.7421,45.755,553.59,234.22
64,19,8.0213,44.51,533.95,232.09
64,19,8.5823,47.298,602.24,262.55
64,19,8.431,42.653,506.31,221.58
64,19,6.4072,45.672,584.57,264.29
64,19,7.1936,46.21,583.45,252.5
64,19,7.9625,43.242,506.3,220.27
64,19,6.448,44.127,513.53,215.92
64,19,9.4102,47.146,624.06,280.09
64,19,8.4943,44.012,541.85,241.47
64,19,8.238,45.848,589.9,261.79
64,19,5.6118,44.686,562.47,253.07
64,19,6.7608,44.816,540.74,236.34
64,19,9.145,42.732,477.37,199.2
64,19,9.5829,47.996,649.28,292.06
64,19,8.6814,45.912,572.55,251.21
64,19,8.0308,46.881,570.48,242.17
64,19,8.9734,43.812,536.8,239.48
64,19,9.764,45.002,553.41,240.23
64,19,10.893,42.884,478.93,198.71
64,19,10.041,45.19,559.79,244.62
64,19,7.772,49.848,678.42,300.55
64,19,7.162,45.073,546.98,241.3
64,19,5.4138,44.505,544.61,236.12
64,19,6.568,44.711,529.05,218.35
64,19,9.7713,46.241,584.67,254.89
64,19,9.7735,42.287,500.6,223.8
64,19,9.2276,43.383,494.65,207.74
64,19,9.4162,45.541,551.88,240.2
64,19,9.7692,44.592,540.51,234.48
64,19,6.5351,46.94,587.07,244.4
64,19,6.3905,43.622,525.79,232.08
64,19,5.6659,45.944,542.06,220.17
64,19,7.1294,48.101,615.84,261.56
64,19,7.2098,45.929,566.05,238.8
64,19,7.62,43.527,514.09,225.73
64,19,9.8305,44.509,512.01,209.09
64,19,7.0747,42.675,470.55,199.57
64,19,11.329,43.127,489.19,203.66
64,19,7.2768,44.316,517.55,220.54
64,19,6.957,45.201,546.79,235.83
64,19,9.3385,44.654,562.87,249.55
64,19,8.9445,42.124,477.55,204.1
64,19,6.8121,43.178,517.32,227.55
64,19,7.747,45.851,564.67,246.38
64,19,7.5456,44.285,540.41,234.67
64,19,6.8256,44.122,493.56,200.47
64,19,7.0459,43.532,529.22,238.72
64,19,7.9596,44.129,544.92,242.28
64,19,6.5054,47.157,604.92,261.39
64,19,9.2635,45.887,564.4,241.15
64,19,7.8032,42.675,486.18,199.59
64,19,8.0638,43.544,503.89,213.92
64,19,7.9618,45.541,574.41,249.45
64,19,6.3852,46.201,592.92,264
64,19,9.7467,46.157,558.07,230.31
64,19,12.4,42.71,491.47,210.29
64,19,7.6398,43.588,493.87,204.83
64,19,10.206,43.091,509.94,222.71
64,19,7.0485,42.819,466.69,185.98
64,19,9.0686,45.242,552.96,235.35
64,19,8.097,43.61,517.11,228.23
64,19,7.3076,45.91,581.61,254.85
64,19,6.8672,44.14,536.26,231.48
64,19,8.633,46.246,583.4,252.44
64,19,7.9711,45.572,543.8,230.34
64,19,6.919,46.293,578.79,251.95
64,19,9.758,44.163,515.1,223.27
64,19,8.463,44.633,546.57,242.45
64,19,9.5482,45.319,576.04,257.93
64,19,7.0317,46.038,582.35,258.11
64,19,7.1051,44.035,531.52,231.07
64,19,7.037,42.269,489.33,209.74
64,19,8.467,46.118,572.55,247.05
64,19,8.3396,44.33,534.64,233.88
64,19,7.4666,47.587,601.9,253.92
64,19,7.1901,44.323,505.84,212.38
64,19,7.3177,46.674,578.26,249.63
64,19,9.041,46.45,586.65,257.22
64,19,6.2615,44.17,527.53,223.53
64,19,12.373,42.509,476.44,202.74
64,19,8.7721,45.917,593.77,265.91
64,19,9.3468,44.597,536.91,233.89
64,19,9.4156,47.032,590.3,253.83
64,19,10.231,45.897,570.51,251.36
64,19,7.657,46.376,550.21,223.56
64,19,10.404,45.036,543.31,228.82
64,19,6.8796,45.903,560.27,239.32
64,19,8.2925,44.944,557.83,251.6
64,19,7.8768,46.663,576.14,241.99
64,19,6.3827,46.936,598.19,258.25
64,19,7.3983,42.974,495.43,217.36
64,19,6.9977,47.659,605.72,263.21
64,19,7.7348,46.224,561.93,241.64
64,19,8.2505,43.927,529.59,229.2
64,19,11.775,45.849,558.05,234.15
64,19,8.4719,45.163,552.79,238.55
64,19,9.5982,44.423,531,227.76
64,19,8.5422,43.829,503.75,213.54
64,19,11.973,44.076,519.27,220.8
64,19,6.8874,43.94,537.01,240.64
64,19,8.217,45.425,562.46,244.85
64,19,7.2432,44.182,496.37,202.26
64,19,7.5709,45.092,551.39,235.17
64,19,10.515,43.974,525.09,231.84
64,19,9.0337,46.53,556.99,229.49
64,19,7.7747,43.979,519.92,217.02
64,19,9.4532,43.136,511.06,223.08
64,19,7.6385,47.849,632.83,280.78
64,19,9.246,44.755,525.23,221.63
64,19,6.293,44.6,551.32,243.6
64,19,12.384,46.715,583.34,250.97
64,19,9.8196,44.009,536.3,238.64
64,19,6.9243,43.774,497.93,203.01
64,19,6.576,46.297,594.51,255.81
64,19,10.036,42.727,503.03,219.52
64,19,7.0252,44.625,549.01,238.27
64,19,8.5518,44.112,521.23,223.58
64,19,9.1712,46.738,569.47,237.05
64,19,6.2939,46.656,599.32,263.24
64,19,7.8669,44.321,521.25,219.48
64,19,9.9505,44.768,518.66,212.01
64,19,6.9678,42.516,511.49,233.27
64,19,9.7928,44.277,540.83,233.54
64,19,7.2488,46.231,551.51,232.28
64,19,9.3101,44.504,544.25,241.59
64,19,6.65,46.922,615.48,273.4
64,19,11.33,44.44,540.71,239.46
64,19,7.6874,46.603,585.38,253.69
64,19,7.3649,45.924,592.1,268.08
64,19,6.9962,41.843,484.73,212.97
64,19,7.9733,46.798,583.83,253.4
64,19,6.3493,44.307,532.35,231.49
64,19,8.1539,43.946,532.91,230.4
64,19,8.649,45.058,525.12,214.92
64,19,6.5959,46.269,597.61,266.52
64,19,8.1747,44.915,552.88,239.84
64,19,6.6623,43.772,540.85,240.9
64,19,6.9208,44.503,541.02,239.94
64,19,8.5143,43.552,482.22,193.43
64,19,9.6891,46.124,557.92,237.03
64,19,8.8304,45.688,533.45,219.18
64,19,5.134,43.903,512.69,222.92
64,19,8.2364,47.329,581.48,249.89
64,19,6.291,45.076,560.73,251.4
64,19,10.009,43.756,503.38,214.69
64,19,9.5552,45.218,537.98,229.8
64,19,7.8557,45.908,546.36,224.76
64,19,5.9625,46.699,570.25,240.59
64,19,6.5588,43.701,529.71,230.57
64,19,7.3059,47.051,580.62,245.27
64,19,6.7277,44.405,531.27,229.57
64,19,7.8315,46.212,568.31,240.9
64,19,6.6951,47.999,597.52,244.94
64,19,6.5523,45.699,553.84,227.48
64,19,9.252,43.888,489.8,197.7
64,19,6.8099,44.786,539.9,229.63
64,19,7.4304,45.481,562.32,242.12
64,19,7.1516,43.45,526.62,235.93
64,19,7.8727,42.89,494.38,211.53
64,19,11.728,43.992,530.35,232.9
64,19,7.0267,43.117,492.06,209.79
64,19,7.7708,44.357,513.01,211.74
64,19,8.7536,45.336,541.47,228.38
64,19,6.3213,44.538,545.37,242.81
64,19,6.8886,42.849,510.51,224.31
64,19,9.2055,45.205,541.03,226.5
64,19,8.3851,45.544,554.73,237.55
64,19,7.5588,44.093,542.68,245.84
64,19,9.524,45.972,585.69,261.28
64,19,7.7502,45.969,589.78,258.08
64,19,11.711,45.437,573.25,256.23
64,19,9.2946,43.179,505.93,213.9
64,19,8.6539,44.13,535.17,234.43
64,19,7.4192,44.812,550.6,235.37
64,19,7.917,44.796,551.91,238.99
64,19,13.299,45.506,572.6,251.22
64,19,6.9319,47.586,603.7,253.81
64,19,10.42,44.039,492.9,200.63
64,19,8.8435,43.859,544.84,238.9
64,19,6.9755,46.084,572.98,247.41
64,19,7.8637,42.688,491.28,209.81
64,19,6.574,44.515,549.26,241.2
64,19,9.3461,45.316,576.16,256.85
64,19,6.8978,41.958,460.53,189.14
64,19,7.9853,45.338,541.16,227.53
64,19,9.0282,44.056,517.43,218.86
64,19,9.5972,44.053,540.42,235.4
64,19,7.7115,46.396,579.61,245.5
64,19,6.8728,43.714,515.76,224.14
64,19,7.7951,45.999,552.93,228.85
64,19,7.7412,44.607,542.56,236.56
64,19,7.5198,45.39,546.11,226.81
64,19,9.525,44.548,534.58,228.93
64,19,9.0831,46.42,592.66,262.71
64,19,10.534,44.461,554.63,244.98
64,19,7.5543,43.173,486.42,204.22
64,19,7.259,45.367,544.24,231.5
64,19,8.1811,45.747,564.21,240.99
64,19,8.1106,46.629,552.36,224.95
64,19,8.6114,45.339,565.62,249.06
64,19,11.752,45.935,568.94,248.83
64,19,7.5277,42.852,482.38,203.08
64,19,7.9296,43.301,496.48,206.69
64,19,9.6715,43.388,534.54,242.06
64,19,9.8773,43.586,513.74,224.3
64,19,8.256,46.268,585.42,254.41
64,19,12.581,43.224,456.21,179.84
64,19,8.7073,43.31,494.85,209.37
64,19,10.018,47.704,625.47,271.66
64,19,7.4922,46.415,572.13,241.13
64,19,11.456,44.357,511.14,211.97
64,19,12.391,48.184,635.53,280
64,19,8.8122,45.14,535.75,221.36
64,19,7.6213,45.752,560.72,242.11
64,19,6.8889,42.867,492.2,209.22
64,19,7.3531,43.508,503.38,212.3
64,19,7.0036,42.686,483.12,206.24
64,19,7.5491,44.202,531.22,225.58
64,19,7.8875,44.727,532.53,224.1
64,19,7.4613,45.77,564.52,246.29
64,19,7.227,44.183,511.05,218.51
64,19,7.3516,43.554,517.08,223.61
64,19,9.5134,44.591,528.34,226.02
64,19,6.9467,46.066,574.66,244.87
64,19,10.924,42.946,461.71,187.54
64,19,6.9548,45.496,542.39,226.7
64,19,8.3339,42.377,476.42,203.04
64,19,8.4568,44.447,540.03,233.47
64,19,6.9758,44.041,543.56,240.31
64,19,7.2302,46.134,570.2,249.49
64,19,7.7549,44.894,545.77,237.83
64,19,10.052,45.597,561.74,240.64
64,19,7.661,45.047,537.98,228.73
64,19,7.7147,44.193,530.37,226.12
64,19,6.3747,47.299,618.34,277.02
64,19,9.1991,45.23,578.79,260.37
64,19,5.8651,42.855,496.38,213.42
64,19,6.8726,44.015,525.97,223.07
64,19,13.502,44.983,565.8,253.98
64,19,7.8418,46.082,574.68,249.32
64,19,7.1312,45.051,571.77,255.59
64,19,10.443,43.881,539.13,237.1
64,19,6.3874,44.058,529.99,230.25
64,19,8.5425,46.547,590.76,253.79
64,19,9.1247,44.895,537.97,231.43
64,19,8.9334,43.055,504.45,216.35
64,19,6.4853,45.613,548.76,225.86
64,19,7.4997,44.556,548.82,242.17
64,19,9.6622,43.57,515.26,226.37
64,19,9.6856,45.469,562.07,245.92
64,19,8.6714,46.717,591.34,258.48
64,19,8.589,48.595,642.43,285.33
64,19,6.1195,46.883,586.61,250.06
64,19,10.481,45.244,536.35,226.56
64,19,8.0109,46.881,617.13,279.15
64,19,7.7101,42.056,463.11,194.88
64,19,8.4199,43.895,529.11,237.47
64,19,7.5228,45.217,563.96,244.92
64,19,9.524,45.995,568.42,242.44
64,19,11.189,46.946,581.37,249.41
64,19,7.7863,43.73,516.78,229.59
64,19,8.6861,44.826,541.97,230.51
64,19,9.8294,44.627,560.37,249.7
64,19,8.8548,44.867,543,232.53
64,19,7.2231,43.107,517.86,228.98
64,19,11.494,45.357,536.82,222.07
64,19,9.5732,45.106,559.5,243.98
64,19,7.6893,42.114,462.64,193.19
64,19,7.7108,43.08,489.95,207.92
64,19,9.8341,47.161,606.17,264.4
64,19,7.4329,46.347,597.2,265.52
64,19,7.7081,41.873,471.45,205.37
64,19,8.674,41.601,481.39,212.5
64,19,8.3904,46.671,594.73,254.25
64,19,12.341,45.597,569.78,248.35
64,19,8.6591,44.416,542.86,234.82
64,19,9.7495,45.258,544.6,231.49
64,19,9.7488,46.874,563.9,229.17
64,19,9.4627,46.251,583.89,254.48
64,19,8.6364,46.087,558.91,239.18
64,19,8.2848,44.522,552.3,246.76
64,19,9.5788,46.121,560.16,239.74
64,19,9.6477,44.678,526.92,222.74
64,19,9.0118,45.923,586.63,261.51
64,19,7.2157,46.746,583.85,246.23
64,19,8.7616,47.307,594.25,253.96
64,19,6.4823,44.504,537.97,233.44
64,19,6.4911,43.873,530.12,229.76
64,19,6.658,46.962,608.89,273.49
64,19,10.313,44.767,544.34,241.21
64,19,5.5759,44.519,530.89,228.09
64,19,7.7875,42.652,478.74,199.62
64,19,6.5109,45.392,553.2,240.06
64,19,8.0416,43.696,509.35,216.13
64,19,7.5131,44.651,565.98,255.55
64,19,9.0783,44.97,535.89,230.54
64,19,9.6007,47.699,639.23,283.74
64,19,6.9784,42.752,481.05,202.86
64,19,7.8933,48.943,632.76,265.35
64,19,8.094,44.727,550.03,241.8
64,19,8.9486,47.182,612.44,272.9
64,19,6.2464,45.604,580.75,259.68
64,19,11.536,45.108,540.76,235.43
64,19,9.2877,43.703,545.54,245.49
64,19,8.2544,46.489,593.53,261.86
64,19,6.5124,44.314,537.2,236.89
64,19,8.6503,45.368,553.36,243.65
64,19,8.2349,46.172,596.05,272.93
64,19,7.0493,46.028,546.59,220.19
64,19,7.4885,44.615,525.76,226.05
64,19,7.5171,45.305,570.8,250.8
64,19,8.975,44.639,546.37,241.43
64,19,8.2646,45.855,543.13,226.73
64,19,8.2419,45.302,560.82,246.34
64,19,6.4988,43.7,547.87,249.39
64,19,7.6782,45.425,536.3,222.81
64,19,8.3824,44.223,552.81,251.49
64,19,6.5748,46.028,555.85,226.91
64,19,8.5365,45.565,548.16,232.6
64,19,8.9781,42.575,487.27,205.35
64,19,8.9527,47.295,606.94,266.16
64,19,10.148,45.71,550.22,233.14
64,19,7.9792,43.343,491.1,204.15
64,19,7.4476,43.872,501.66,210.98
64,19,10.615,45.665,568.06,250.22
64,19,7.7128,43.246,494.46,205.58
64,19,8.7994,45.113,567.41,251.96
64,19,14.996,44.439,522.92,224.15
64,19,8.5984,43.849,503.69,212.1
64,19,8.7137,45.357,565.06,245.66
64,19,10.411,44.386,515.62,214.99
64,19,7.602,46.791,570.32,242.18
64,19,6.9951,42.906,506.14,223.76
64,19,7.6902,47.119,579.21,239.02
64,19,7.5818,45.791,568.55,245.69
64,19,6.4571,43.605,502.88,216.87
64,19,9.2701,43.288,516.62,225.61
64,19,8.4207,43.476,486.04,194.36
64,19,7.567,45.127,564.94,250.95
64,19,9.7605,44.066,529.02,231.84
64,19,7.4253,44.27,518.68,220.43
64,19,7.8275,44.404,522.05,219.56
64,19,7.1027,44.97,543.39,234.79
64,19,6.2742,48.305,620.51,267.92
64,19,10.472,43.627,529.07,233.98
64,19,6.9908,46.914,584.19,248.87
64,19,9.9419,44.149,526.35,224.71
64,19,6.2536,44.473,553.88,246.02
64,19,6.9196,44.922,530.72,226.13
64,19,7.4077,42.318,473.56,203.96
64,19,11.229,43.758,523.57,230.02
64,19,9.8616,44.333,528.4,231.4
64,19,8.1582,44.953,569.86,256.59
64,19,9.7349,44.807,549.61,239.95
64,19,7.6977,43.685,543.81,244.51
64,19,11.738,42.873,494.32,214.52
64,19,7.0804,49.28,638.82,269.16
64,19,9.0698,42.578,513.15,234.03
64,19,9.108,44.841,536.71,229.46
64,19,9.1491,42.558,472.28,196.73
64,19,6.7172,47.453,636.41,286.88
64,19,8.2178,45.361,554.79,238.84
64,19,6.6644,41.996,461.63,189.54
64,19,9.4693,47.261,583.26,249.61
64,19,7.7574,45.548,549.43,232.22
64,19,6.1297,43.247,516.17,223.89
64,19,8.3449,45.289,577.34,261.31
64,19,9.1485,43.915,523.87,226.46
64,19,7.1332,44.153,538.52,237.92
64,19,8.4375,43.21,511.04,224.99
64,19,6.5789,44.2,530.01,229.42
64,19,8.1666,45.102,540.36,228.28
64,19,9.4217,44.389,526.77,227.78
64,19,6.3164,45.744,560.76,243.93
64,19,8.1987,46.029,553.78,230.75
64,19,7.6678,45.303,575.99,257.84
64,19,8.9533,43.794,514.65,222.56
64,19,7.9755,43.457,515.13,220.87
64,19,7.6221,45.15,534.23,228.44
64,19,11.107,48.31,654.52,290.83
64,19,7.8076,44.035,507.87,211.18
64,19,8.4597,44.452,501.43,195.26
64,19,6.0415,45.001,552,236.04
64,19,9.4489,44.565,553.35,246.1
64,19,7.6118,46.217,571.64,248.03
64,19,7.2504,44.749,563.51,255.28
64,19,7.4606,43.949,520.67,223.08
64,19,7.5584,43.031,498.22,213.2
64,19,10.525,43.42,524.67,231.67
64,19,9.3584,48.487,615.52,259.44
64,19,7.9205,45.837,576.16,245.63
64,19,10.139,43.715,503.58,213.51
64,19,6.6606,44.586,554.57,244.14
64,19,7.5785,45.483,573.27,253.07
64,19,6.8808,44.825,558.83,250.26
64,19,8.5268,45.053,564.29,249.95
64,19,8.0702,43.472,523.52,233.04
64,19,9.2763,45.593,575.47,252.51
64,19,9.5295,43.533,524.08,233.1
64,19,8.944,46.214,557.8,235.39
64,19,7.2702,44.491,552.73,242.05
64,19,6.9592,46.977,572.77,239.45
64,19,8.5024,49.665,642.04,271.58
64,19,7.2747,44.468,522.26,222.86
64,19,14.747,46.539,565.03,234.35
64,19,8.51,45.287,575.13,253.87
64,19,7.5529,48.393,665.06,301.04
64,19,8.1479,47.513,604.25,258.71
64,19,8.5202,45.506,554.89,241.57
64,19,6.2242,44.635,525.18,226.2
64,19,8.3842,44.665,546.04,240.23
64,19,6.6476,47.943,639.34,283.97
64,19,6.346,43.895,534.07,234.73
64,19,7.196,44.339,548.9,247.95
64,19,10.388,46.529,571.72,240.03
64,19,11.537,43.773,552.01,254.1
64,19,12.278,48.265,628.75,272.72
64,19,7.4591,44.413,512.66,209.81
64,19,7.1035,43.733,523.96,224.49
64,19,7.5189,42.623,489.64,211.34
64,19,7.0749,47.231,601.3,259.88
64,19,8.6601,44.963,537.27,226.3
64,19,6.4236,46.097,599.82,268.55
64,19,6.3332,44.555,527.41,219.25
64,19,9.3672,45.411,559.6,243.04
64,19,8.8641,42.79,483.5,202.44
64,19,5.0168,45.939,553.39,236.14
64,19,8.9636,44.441,537.36,228.7
64,19,9.9841,43.472,509.64,219.84
64,19,6.5891,44.586,514.46,215.03
64,19,8.8136,44.88,519.05,209.45
64,19,11.247,47.464,598.1,260.07
64,19,7.7074,44.109,535.71,233.48
64,19,8.776,44.837,542.33,230.63
64,19,6.9677,45.05,545.62,236.95
64,19,9.2004,44.958,543.51,230.33
64,19,8.6739,45.239,547.75,233.79
64,19,7.0854,46.486,583.8,253
64,19,9.0814,45.558,571.91,247.77
64,19,7.2544,45.647,527.57,216.85
64,19,8.0457,44.378,525.71,224
64,19,9.4625,46.001,587.25,263.71
64,19,7.8666,42.909,501.2,218.02
64,19,8.6676,45.961,582.17,259.22
64,19,7.865,44.244,507.94,207.14
64,19,8.2326,46.602,580.44,250.52
64,19,8.1864,45.393,554.03,234.07
64,19,8.1299,45.361,565.76,250.58
64,19,8.8655,47.04,577.5,239.01
64,19,6.9873,45.651,553.16,233.94
64,19,9.3927,44.586,535.48,232.71
64,19,6.2637,44.873,545.26,242.06
64,19,7.4829,48.227,624.48,264.06
64,19,6.657,44.526,543.22,231.51
64,19,6.4473,45.494,574.73,253.82
64,19,8.0821,45.311,548.86,235.78
64,19,6.8804,43.653,514.42,223.52
64,19,9.2823,45.101,549.85,237.41
64,19,7.3171,46.097,583.61,253.2
64,19,9.9606,46.971,600.24,257.23
64,19,7.9612,45.295,559.26,243.03
64,19,7.8396,44.981,547.86,237.91
64,19,6.6987,44.466,526.93,228.21
64,19,12.591,44.984,536.2,221.72
64,19,10.154,44.384,523.2,221.07
64,19,7.9521,46.913,587.02,253
64,19,11.951,47.728,591.56,250.78
64,19,9.2913,45.282,558.14,245.1
64,19,5.9771,43.841,518.77,229.92
64,19,7.3502,43.552,505.57,210.25
64,19,7.5808,46.48,558.06,228.85
64,19,6.6822,47.658,599.63,256.74
64,19,6.0757,45.289,532.48,217.36
64,19,8.5406,46.415,548.04,229.8
64,19,9.5038,44.933,529.41,223.37
64,19,6.2071,47.631,605.85,262.21
64,19,7.16,45.365,550,233.9
64,19,7.3059,44.655,510.83,207.99
64,19,9.2065,44.79,527.84,224.5
64,19,6.4973,44.239,551.04,240.87
64,19,11.128,44.807,560.94,251.64
64,19,7.0671,43.047,500.13,215.06
64,19,7.9969,45.206,534.57,221.35
64,19,6.9652,46.815,610.67,268.59
64,19,8.8335,44.166,531.91,231.91
64,19,9.6075,44.882,557.3,246.94
64,19,12.31,46.559,565.93,235.09
64,19,8.9569,45.127,565.65,249.37
64,19,6.4585,45.658,559.48,242.16
64,19,9.6022,46.22,602.02,270.56
64,19,7.7666,43.514,512.35,221.62
64,19,6.7363,45.633,546.61,228.87
64,19,11.438,44.855,533.61,227.44
64,19,7.6121,45.919,542.92,226.67
64,19,7.2235,44.783,552.21,248.19
64,19,10.319,42.677,489.76,210.91
64,19,9.0054,45.559,562.42,241.78
64,19,10.851,45.882,593.43,268.06
64,19,7.2061,42.448,499.22,222.97
64,19,7.456,43.619,531.7,239.95
64,19,9.5039,44.757,533.47,229.26
64,19,8.0014,43.417,520.42,233.98
64,19,6.9574,46.45,568.82,239.28
64,19,9.565,45.87,586.92,261.21
64,19,9.0078,44.685,547.49,241.03
64,19,7.2848,46.395,553.11,232.59
64,19,6.6054,45.198,547.77,235.25
64,19,9.6934,42.75,487.41,206.44
64,19,7.7853,45.872,588.52,263.21
64,19,7.3618,45.141,555.85,248.01
64,19,6.8571,46.43,590.73,260.07
64,19,7.1998,47.54,587.28,245.23
64,19,7.1286,46.322,581.19,255.29
64,19,8.0831,46.041,580.14,248.88
64,19,6.9304,45.273,559.83,242.57
64,19,6.7706,42.314,490.85,211.71
64,19,12.184,44.796,538.08,230.42
64,19,12.877,45.412,562.24,246.18
64,19,8.7399,47.832,604.58,258.66
64,19,8.7101,47.139,583.18,248.47
64,19,6.095,45.062,544.5,234.56
64,19,9.4105,44.182,515.64,216.7
64,19,8.5207,42.913,473.8,194.75
64,19,6.9089,44.082,544.85,242.51
64,19,8.3155,43.285,510.62,224.35
64,19,9.1905,45.515,562.46,245.41
64,19,11.212,46.208,560.96,229.25
64,19,9.2462,43.608,503.28,204.75
64,19,7.9327,45.197,548.26,231.69
64,19,8.3207,45.448,561.83,245.96
64,19,6.6951,45.037,565.04,252.24
64,19,12.023,45.825,561.67,240.84
64,19,6.2437,43.406,502.47,219.54
64,19,8.1044,45.318,519.13,211.34
64,19,9.7862,44.661,531.73,227.19
64,19,7.9234,42.794,494.2,212.88
64,19,8.0987,44.264,534.69,232.59
64,19,8.4035,47.342,608.99,268.56
64,19,9.0484,44.997,542.13,235.97
64,19,7.2263,44.923,550.3,239.31
64,19,7.7535,44.703,515.72,211.57
64,19,9.7342,43.731,481.21,196.65
64,19,7.9296,44.169,519.69,218.74
64,19,7.0766,42.083,470.24,196.05
64,19,8.7927,44.767,521.4,218.23
64,19,8.9552,45.117,569.64,252.61
64,19,7.8836,46.564,562.75,230.54
64,19,8.2257,46.408,587.6,252.06
64,19,8.5606,43.265,526.32,238.76
64,19,6.5341,45.005,562.14,252.73
64,19,8.0993,43.41,497.53,211.22
64,19,7.8575,44.951,539.68,230.2
64,19,7.6895,47.918,625.96,270.54
64,19,5.8404,45.575,537.52,221.92
64,19,11.638,46.582,578.13,240.3
64,19,8.8885,45.646,585.6,264.23
64,19,5.0396,45.264,566.96,252.57
64,19,6.5475,45.543,564.13,243.84
64,19,7.4439,45.316,558.92,244.1
64,19,14.909,45.91,575.27,249.93
64,19,8.3357,43.328,505.94,218.78
64,19,7.7845,47.227,581.84,243.67
64,19,7.1851,45.428,554.24,240.07
64,19,7.908,43.845,531.6,235.08
64,19,7.1215,46.441,603.42,271.66
64,19,9.7732,44.792,544.58,235.51
64,19,9.2672,44.662,547.93,240.15
64,19,6.4175,46.307,564.66,236.89
64,19,8.2604,44.801,524.73,216.37
64,19,6.5742,46.367,576.02,250.38
64,19,8.8824,44.129,542.71,243.76
64,19,6.26,44.235,535.31,230.52
64,19,6.8119,45.969,581.49,255.03
64,19,12.948,45.601,564.22,249.38
64,19,6.327,43.725,538.94,244.15
64,19,7.1086,44.957,556.3,244.98
64,19,6.5324,46.02,572.17,252.69
64,19,6.9117,44.288,517.49,218.2
64,19,7.2297,46.226,589.29,254.68
64,19,7.9317,47.208,603.9,264.23
64,19,7.429,46.805,617.98,274.51
64,19,8.315,45.665,567.07,244.29
64,19,10.232,44.873,550.12,237.22
64,19,8.9875,47.442,604.41,260.69
64,19,8.3098,44.333,530.26,230.98
64,19,8.081,46.869,586.6,248.98
64,19,8.26,43.729,527.47,235.47
64,19,7.6689,44.609,534.44,226.82
64,19,7.351,43.565,521.88,231.58
64,19,14.068,44.096,532.38,235.26
64,19,9.7251,47.822,590.38,244.15
64,19,8.2688,44.492,512.16,213.2
64,19,7.8714,44.03,517.71,214.66
64,19,13.276,45.089,565.52,254.34
64,19,6.8835,46.71,602,267.13
64,19,9.1169,45.815,549.73,222.52
64,19,7.173,44.26,515.52,213.51
64,19,5.6696,46,590.25,260.94
64,19,7.539,44.719,544.81,239.49
64,19,7.8766,43.234,507.02,217.32
64,19,8.1647,45.511,556.21,230.99
64,19,6.5634,44.538,539.73,234.98
64,19,9.1082,42.749,461.85,185.61
64,19,6.972,47.242,603.45,264.73
64,19,9.5446,43.294,516.92,227.55
64,19,7.8786,45.34,566.13,246.86
64,19,7.4365,44.494,539.93,237.45
64,19,8.7246,42.63,484.32,206
64,19,9.2466,45.783,587.02,261.5
64,19,6.8895,42.806,472.17,190.68
64,19,7.9496,43.459,503.9,208.51
64,19,9.1869,45.651,559.01,243.38
64,19,10.796,46.787,604,265.08
64,19,6.6282,46.374,591.85,260.41
64,19,7.3663,42.212,501.86,225.41
64,19,11.452,47.911,604.74,260.03
64,19,8.0531,44.03,513.18,211.58
64,19,8.691,43.475,509.04,215.71
64,19,13.085,44.657,535.9,227.72
64,19,9.6753,44.171,510.56,209.19
64,19,7.5019,46.035,571.54,247.21
64,19,6.4258,46.826,580.47,245.33
64,19,12.353,46.652,573.59,247.23
64,19,11.032,46.666,593.38,259.09
64,19,9.5823,44.382,529.13,228.2
64,19,6.6724,46.265,605.88,277.94
64,19,7.9295,43.326,476.78,195.6
64,19,8.4079,47.554,596.01,251.09
64,19,6.9809,44.482,492.31,199.73
64,19,9.6927,42.9,512.68,226.28
64,19,8.6533,44.258,541.39,236.22
64,19,9.0316,48.559,638.69,273.03
64,19,7.3777,43.268,498.4,213.09
64,19,7.9447,44.232,534.17,233.05
64,19,10.171,44.765,556.36,246.81
64,19,8.3787,45.568,558.02,229.89
64,19,7.019,45.675,572.23,246.39
64,19,5.8493,46.341,585.06,248.51
64,19,8.4844,44.955,585.52,267.63
64,19,8.4211,46.163,584.32,257.91
64,19,6.4468,47.852,607.53,248.81
64,19,6.5709,43.934,499.8,212.77
64,19,9.4498,43.034,486.31,203.98
64,19,9.1743,44.826,557.87,248.53
64,19,11.445,43.427,488.2,205.14
64,19,9.6877,44.424,519.02,222.56
64,19,8.2527,47.103,588.75,251.36
64,19,8.9919,44.862,526.95,214.5
64,19,7.4044,45.56,555.16,235.5
64,19,8.3689,44.026,505.31,215.83
64,19,12.483,45.91,578.92,251.81
64,19,7.6805,43.754,517.85,226.5
64,19,6.4291,43.706,509.1,216
64,19,7.3052,45.027,551.6,237.51
64,19,10.509,46.548,586.99,255.17
64,19,12.079,43.217,504.45,219.83
64,19,10.736,43.415,515.8,226.39
64,19,7.9122,44.914,552.34,240
64,19,7.764,42.529,496.7,217.53
64,19,9.4819,47.239,593.96,247.78
64,19,7.2201,43.862,507.03,213.09
64,19,8.2571,44.258,528.14,224.18
64,19,7.3824,46.21,576.37,248.94
64,19,10.987,46.181,572.14,241.85
64,19,6.9105,46.529,571.18,238.7
64,19,8.8436,45.07,542.92,224.88
64,19,6.7741,45.147,542.74,228.09
64,19,8.9032,42.87,503.65,219.79
64,19,6.8784,45.278,540.08,231.41
64,19,9.3403,45.541,555.26,232.22
64,19,11.048,47.618,573.69,229.22
64,19,7.7294,45.445,552.58,234.88
64,19,8.8025,46.023,558.63,234.1
64,19,8.325,43.626,504.99,211.39
64,19,7.1549,45.496,546.88,232.5
64,19,7.1682,43.258,518.46,229.71
64,19,6.8921,45.875,581.91,259.56
64,19,6.3983,42.38,479.58,202.23
64,19,8.5761,45.486,539.48,227.37
64,19,9.9502,44.052,537.43,237.38
64,19,11.012,44.885,516.65,209.18
64,19,14.379,46.606,547.72,218.09
64,19,8.7347,44.421,544.51,239.46
64,19,8.2903,46.318,556.58,229.3
64,19,8.6617,42.999,499.88,217.27
64,19,8.6813,45.635,551.14,234.81
64,19,6.6472,44.461,545.02,242.72
64,19,7.2073,46.943,587.83,249.85
64,19,10.29,44.389,529.63,233.01
64,19,9.125,45.239,538.39,224.61
64,19,7.1411,42.537,503.46,223.09
64,19,6.9962,46.73,615.64,275.71
64,19,9.7101,46.146,555.93,233.54
64,19,7.1139,47.405,607.16,262.32
64,19,8.374,44.957,548.21,233.73
64,19,7.2357,43.874,517.17,222.57
64,19,6.1086,46.506,578.1,247.13
64,19,7.2696,43.965,531.77,235.89
64,19,9.4816,49.159,649.31,278.93
64,19,8.8277,43.394,497.14,209.86
64,19,8.3264,46.73,603.07,263.91
64,19,8.9667,47.712,607.69,262.12
64,19,7.9028,43.692,540.91,235.97
64,19,9.1999,43.832,519.17,218.95
64,19,8.514,41.998,483.07,211.86
64,19,8.3605,46.78,580.39,248.28
64,19,9.3971,44.493,525.36,216.55
64,19,6.8143,42.53,504.96,223.28
64,19,9.7338,43.317,508.9,215.24
64,19,10.806,44.865,551.34,242.15
64,19,6.9903,46.461,579.79,249.96
64,19,12.605,45.556,559.26,243.08
64,19,10.084,45.496,545.12,231.31
64,19,7.8901,44.349,524.35,223.81
64,19,10.849,44.99,544.53,238.24
64,19,8.3539,44.617,525.81,222.73
64,19,7.6029,44.963,537.83,233.96
64,19,7.4214,44.576,516.78,218.59
64,19,7.7709,44.923,524.79,219
64,19,7.7638,44.998,532.77,227.61
64,19,9.2349,46.079,559.42,235.99
64,19,10.806,43.082,501.01,217.32
64,19,7.0846,45.243,552.34,238.05
64,19,6.7136,44.945,538.28,230.39
64,19,7.0669,45.044,568.75,255.26
64,19,6.7717,43.279,512.96,222.93
64,19,7.1064,45.53,589.18,263.29
64,19,8.2542,43.518,526.44,229.81
64,19,7.671,45.376,538.35,225.81
64,19,8.4544,44.632,544.05,237.65
64,19,7.3198,46.198,595.52,269.16
64,19,9.5258,44.032,546.18,249.7
64,19,8.1402,44.69,564.21,251.94
64,19,7.1656,47.96,607.4,250.98
64,19,7.9907,44.992,573.94,259.48
64,19,7.8277,45.597,564.48,242.08
64,19,9.0775,48.295,597.31,244.13
64,19,5.7354,45.596,555.34,236.22
64,19,7.9836,43.756,501.54,211.68
64,19,10.268,46.471,577.47,244.11
64,19,10.617,46.271,573.72,243.32
64,19,7.4169,44.704,547,231.2
64,19,7.1335,45.393,568.64,251.95
64,19,6.5395,45.321,562.66,246.37
64,19,6.8442,46.88,601.05,260.66
64,19,5.808,44.871,548.91,234.46
64,19,6.783,43.529,520.49,224.25
64,19,6.7879,46.252,574.13,246.44
64,19,9.9032,44.615,543.4,232.89
64,19,7.8394,45.626,545.88,231.68
64,19,10.332,45.995,558.68,236.52
64,19,7.2134,45.877,553.19,231.92
64,19,8.5877,45.095,550.32,240.24
64,19,6.5033,43.112,504.67,218.51
64,19,6.315,42.841,499.99,216
64,19,7.5055,43.986,488.98,196.41
64,19,9.1802,44.466,541.69,242.08
64,19,9.8622,45.013,555.71,237.02
64,19,7.3983,46.83,583.5,250.74
64,19,6.9327,45.912,589.72,262.49
64,19,8.1983,46.329,581.89,251.85
64,19,10.92,45.013,541.28,233.26
64,19,7.4158,43.492,528.14,236.92
64,19,9.7076,43.663,525.5,232.17
64,19,7.32,46.695,579.38,243.38
64,19,8.5862,43.778,516.04,216.67
64,19,10.259,41.429,453.54,190.66
64,19,8.0736,44.79,528.71,219.87
64,19,7.2954,46.745,618.81,275.3
64,19,6.9318,43.658,518.51,227.6
64,19,7.0204,44.158,510.49,214.07
64,19,6.8236,47.515,603.27,257.3
64,19,7.8467,46.158,567.83,235
64,19,10.082,44.196,529.43,227.25
64,19,9.2534,46.129,592.07,262.84
64,19,7.6211,44.459,497.47,200.31
64,19,7.2642,47.735,611.41,266.05
64,19,8.1849,44.43,538.04,232.52
64,19,8.438,43.645,504.02,214.29
64,19,8.4865,43.807,528.44,227.28
64,19,7.8196,47.204,636.67,290.74
64,19,8.7183,46.091,612.93,282.35
64,19,7.1891,41.868,497.28,225.94
64,19,10.809,43.638,520.25,231.17
64,19,7.1665,46.38,584.58,254.39
64,19,10.05,46.484,579.36,247.97
64,19,6.7363,43.662,501.83,212.53
64,19,9.2844,44.695,552.93,240.74
64,19,8.0989,44.97,531.4,221.46
64,19,7.5986,43.903,533.24,235.35
64,19,5.6817,45.202,553.76,237.1
64,19,8.7106,45.786,549.71,229.77
64,19,9.4319,44.21,551.01,251.9
64,19,6.4745,44.722,574.61,265.57
64,19,7.0305,47.624,587.76,244.05
64,19,11.47,45.723,532.87,226.14
64,19,9.1766,46.991,597.2,257.39
64,19,9.322,45.987,546.06,228.55
64,19,8.8452,44.688,548.03,236.83
64,19,8.6992,44.505,533.99,231.77
64,19,7.4832,43.778,550.19,249.26
64,19,6.0682,44.708,541.31,234.21
64,19,9.8489,46.309,608.04,267.32
64,19,8.2244,43.83,530.74,236.18
64,19,10.515,44.86,551.26,246.47
64,19,7.0892,44.184,553.78,250.47
64,19,9.2568,43.44,495.54,208.12
64,20,8.3212,44.853,549.15,241.55
64,20,7.5017,44.908,529.11,220.35
64,20,6.5469,46.032,549.37,229.22
64,20,8.3647,46.799,593.94,252.52
64,20,7.4515,44.638,521.98,218.98
64,20,11.401,44.92,535.01,228.4
64,20,7.6617,45.657,572.39,249.22
64,20,10.861,45.346,551.71,234.06
64,20,9.2915,45.407,554.59,235.83
64,20,9.194,45.967,573.31,249.17
64,20,7.5872,45.659,580.53,260.18
64,20,9.2207,46.587,586.95,253.89
64,20,7.5207,46.353,554.42,224.56
64,20,7.2846,43.456,497.12,214.11
64,20,7.4215,45.982,565.3,241.36
64,20,10.02,45.536,574.16,255.51
64,20,8.7558,46.56,622,284.46
64,20,11.621,46.922,598.33,262.92
64,20,8.8402,46.108,587.18,262.1
64,20,7.0162,47.248,600.34,261.87
64,20,8.9342,43.818,505.91,214.23
64,20,9.7617,44.982,562,249.67
64,20,7.4217,43.943,524.92,227.72
64,20,6.548,44.81,542.76,233.46
64,20,8.6527,48.163,617.85,268.53
64,20,10.431,44.791,508.61,205.97
64,20,8.7497,43.86,506.99,217.3
64,20,9.2843,45.902,555.26,235.4
64,20,11.375,44.831,556.35,249.09
64,20,8.2221,48.986,646.36,277.07
64,20,10.577,44.064,513.06,216.82
64,20,10.09,44.943,544.71,236.81
64,20,8.6322,44.396,546.89,242.98
64,20,7.4543,47.076,595.79,255.02
64,20,9.6921,45.773,544.66,226.98
64,20,7.4155,45.918,582.06,254.16
64,20,8.0495,45.917,578.96,249.95
64,20,8.8137,44.372,511.4,207.92
64,20,7.2211,47.229,597.34,256.25
64,20,8.3075,45.986,548.92,229.29
64,20,5.5253,45.409,565.56,246.81
64,20,11.536,44.477,566.03,259.7
64,20,6.2925,45.229,541.8,227.55
64,20,8.3679,45.583,537.47,222.74
64,20,8.1698,49.62,635.31,269.01
64,20,7.4672,44.982,526.33,222.51
64,20,6.3185,44.49,540.68,236.9
64,20,14.49,45.073,519.69,217.56
64,20,6.8899,43.697,538.38,243.72
64,20,8.59,42.459,487.32,208.58
64,20,6.6633,46.763,585.12,250.87
64,20,10.172,47.526,605.04,254.31
64,20,9.8146,44.741,547.46,237.6
64,20,8.1781,47.409,592.25,255.37
64,20,8.874,43.154,501.14,211.38
64,20,7.163,42.079,497.46,226.53
64,20,8.7825,45.132,534.71,223.26
64,20,8.0238,45.002,540.98,230.91
64,20,10.141,45.073,578.43,258.94
64,20,8.015,42.419,483.53,208.63
64,20,8.7453,44.606,527.39,219.67
64,20,7.9007,45.343,568.68,252.16
64,20,7.3621,42.978,525.73,242.45
64,20,10.257,43.543,490.57,207.79
64,20,11.808,43.983,529.24,231.58
64,20,9.2896,43.515,524.08,228.16
64,20,6.7931,45.797,565.1,247.29
64,20,11.646,43.672,536.98,239.53
64,20,7.4539,43.175,542.75,248.13
64,20,7.7353,45.056,577.61,253.42
64,20,7.0018,44.234,540.2,240.63
64,20,7.3906,44.855,515.93,215.41
64,20,7.4639,46.988,590.67,255.6
64,20,8.0285,47.294,597.82,257.44
64,20,7.8465,44.651,539.66,230.54
64,20,6.9083,46.946,597.41,257.41
64,20,9.3255,45.612,586.86,264.29
64,20,7.5652,45.196,547.94,237.8
64,20,9.3892,45.217,571.01,254.56
64,20,7.28,44.472,529.8,223.08
64,20,7.1911,45.914,551.38,230.02
64,20,6.6567,44.45,540.53,236.65
64,20,7.3821,44.9,549.54,242.78
64,20,8.7411,46.147,556.13,233.01
64,20,9.841,46.253,584.47,250.91
64,20,7.4157,45.196,551.66,236.41
64,20,7.8599,46.443,613.07,274.75
64,20,7.5476,48.138,620.79,269.22
64,20,10.662,44.636,553.14,243.94
64,20,7.6537,43.494,502.63,211.47
64,20,8.7737,42.458,471.71,195.06
64,20,8.8757,43.386,522.39,229.91
64,20,7.6962,44.676,534.22,227.34
64,20,6.4669,44.588,551.3,244.35
64,20,8.8545,44.793,527.99,216.06
64,20,6.5043,44.655,561.87,249.19
64,20,9.1798,45.963,589.4,262.03
64,20,13.115,43.392,506.29,213.26
64,20,9.2986,45.919,560.65,237.96
64,20,7.9867,44.746,558.27,248.48
64,20,7.8834,45.23,564.75,250.25
64,20,7.0463,46.014,569.42,246.88
64,20,7.5061,42.973,477.42,194.92
64,20,6.9519,44.957,533.12,227.83
64,20,9.1643,43.223,480.86,198.05
64,20,6.8596,46.118,564.72,237.22
64,20,7.1521,46.683,586.78,248.71
64,20,8.0071,46.48,604.11,267.66
64,20,8.896,45.289,585.56,264.77
64,20,9.1409,45.368,553.9,240.21
64,20,7.927,46.667,594.24,260.49
64,20,7.5397,45.676,560.37,243.19
64,20,8.5693,46.112,575.08,249.75
64,20,7.1014,45.484,569.8,252.32
64,20,6.7819,44.266,526.09,222.07
64,20,9.4792,42.712,504.67,220.83
64,20,8.3956,46.063,575.16,248.96
64,20,6.5792,44.611,550.69,241.88
64,20,7.8183,47.687,597.73,250.17
64,20,7.9528,44.634,544.54,241.37
64,20,9.9853,45.702,555.44,236.46
64,20,7.794,46.351,587.78,255.45
64,20,8.0766,43.935,538.7,245.68
64,20,7.7447,43.366,513.46,223.26
64,20,6.9847,44.498,549.82,240.47
64,20,10.913,45.048,547.84,237.29
64,20,7.0996,43.787,505.32,214.85
64,20,7.537,45.337,566.64,251.75
64,20,7.7181,46.237,562.47,231.34
64,20,7.2795,46.054,565.56,241.31
64,20,8.0445,45.273,534.84,224.68
64,20,7.9983,43.048,497.97,211.96
64,20,10.191,45.801,551.4,235.55
64,20,7.5085,45.005,539.33,230.51
64,20,5.6152,46.173,588.55,258
64,20,7.6027,43.122,512,229.89
64,20,7.4298,46.362,562.47,238.72
64,20,6.3885,45.438,556.13,235.33
64,20,7.0294,43.983,520.67,224.27
64,20,7.94,45.528,572,249.5
64,20,8.5549,44.8,570.83,258.02
64,20,11.398,45.191,554.53,239.76
64,20,7.7472,43.354,513.12,222.9
64,20,6.3433,45.182,587.28,273.1
64,20,7.0419,45.078,550.42,237.21
64,20,7.2705,44.242,557.85,249.09
64,20,9.5494,44.156,532.05,227.75
64,20,8.1913,46.735,591.97,255.49
64,20,8.432,44.325,535.6,233.77
64,20,6.7627,44.063,548.02,245.7
64,20,6.9238,44.26,519.61,215.66
64,20,6.9651,43.999,529.74,235.89
64,20,11.412,45.068,526.26,222.05
64,20,7.8428,43.641,530.07,233.32
64,20,7.1511,45.411,577.51,255.58
64,20,7.6927,44.365,526.35,224.51
64,20,6.4923,47.435,600.73,253.85
64,20,8.8525,45.246,547.38,235.49
64,20,9.7865,46.743,580.78,248.12
64,20,7.8492,46.11,581.73,254.15
64,20,12.995,43.958,512.34,217.76
64,20,6.7906,43.476,493.96,207.77
64,20,6.3283,45.929,578.84,255.82
64,20,9.2014,45.445,570.48,250.35
64,20,8.1479,43.978,541.35,243.2
64,20,9.4299,42.55,479.73,194.56
64,20,11.376,44.956,549.26,237.31
64,20,6.1654,43.268,495.81,206.63
64,20,6.4971,46.326,587.91,259.66
64,20,6.4244,45.068,549.45,239.08
64,20,9.4025,43.884,537.81,240.41
64,20,8.6045,44.183,503.28,208.96
64,20,8.8246,45.962,562.71,240.11
64,20,6.493,44.465,547.67,241.18
64,20,9.4057,46.046,575.87,248.33
64,20,10.424,45.167,563.43,251.48
64,20,8.6819,42.79,481.01,202.81
64,20,10.201,44.887,540.97,232.06
64,20,8.084,46.384,605.91,271.09
64,20,7.5435,47.578,632.13,280.84
64,20,6.3746,45.578,538.32,223.66
64,20,7.1046,44.877,533.7,220.41
64,20,9.0565,43.676,517.49,220.09
64,20,8.5527,45.74,594.03,263.67
64,20,6.8487,46.531,572.92,237.35
64,20,7.6788,43.121,505.79,222.59
64,20,10.095,47.074,602.22,262.04
64,20,9.6433,44.76,557.75,252.59
64,20,7.9136,42.769,508.98,219.1
64,20,8.1012,45.163,586.83,269.11
64,20,6.4466,44.111,532.55,232.8
64,20,6.3461,44.71,542.4,237.64
64,20,7.8199,44.88,533.13,224.77
64,20,7.4149,46.447,618.61,281.84
64,20,10.7,43.49,513.72,224.26
64,20,5.2766,47.509,629.23,277.48
64,20,8.6657,43.304,518.23,229.64
64,20,6.9114,43.578,515.84,229.61
64,20,10.168,44.378,522.9,221.72
64,20,8.1429,44.427,558.9,254.43
64,20,9.5823,45.087,542.33,230.14
64,20,6.4689,43.551,487.23,202.71
64,20,9.0632,45.532,559.95,244.09
64,20,8.7859,45.551,546.09,230.66
64,20,7.5704,44.037,520.8,223.51
64,20,7.7128,45.79,577.48,254.89
64,20,11.517,45.138,555.95,241.98
64,20,10.053,44.551,562.36,250.97
64,20,10.95,46.308,573.33,246.28
64,20,8.0535,44.06,537.33,237.66
64,20,8.7781,43.195,516.61,225.35
64,20,6.1224,45.324,566.49,249.44
64,20,7.9905,45.426,527.05,215.65
64,20,8.8714,46.069,552.81,234.15
64,20,8.489,43.972,536.61,236.99
64,20,9.2049,44.181,527.61,228.33
64,20,7.0037,42.87,501.57,221.48
64,20,10.137,42.571,525.4,243.51
64,20,5.894,45.439,593.76,270.06
64,20,8.4602,41.493,472.86,203.06
64,20,8.1875,44.695,520.42,210.92
64,20,10.518,47.475,616.57,273.03
64,20,8.0659,44.625,534.62,226.7
64,20,9.8814,44.491,539.92,235.87
64,20,8.1914,43.837,528.19,226.26
64,20,7.3357,43.897,496.33,200.25
64,20,7.3414,45.113,542.01,228.55
64,20,8.609,45.566,565.68,248.25
64,20,8.6308,42.232,497.76,221.79
64,20,9.4278,45.794,574.4,248.11
64,20,7.3806,45.011,551.07,241.14
64,20,6.2213,45.502,567.79,253.46
64,20,8.6111,45.234,526.38,215.35
64,20,9.6072,46.418,600.02,263.48
64,20,8.841,45.698,577.69,253.73
64,20,7.4024,46.505,577.33,245.55
64,20,7.1049,42.509,489.04,214.64
64,20,6.4997,44.701,537.14,228.58
64,20,7.1877,46.217,570.17,247.74
64,20,10.307,42.475,506.25,231.03
64,20,8.115,44.968,546.12,233.01
64,20,7.7154,43.055,513.09,227.64
64,20,12.309,43.349,523.92,233.28
64,20,7.9333,44.333,558.94,252.72
64,20,12.017,44.174,536.43,238.78
64,20,6.9183,43.931,532.55,239.04
64,20,8.9773,45.103,552.1,237.4
64,20,7.6324,45.704,574.58,250.4
64,20,10.935,46.653,570.38,239.13
64,20,8.0321,43.584,511.14,224.85
64,20,10.39,44.09,510.67,214.46
64,20,7.9805,45.593,563.81,242.4
64,20,8.0983,44.367,519.86,224.67
64,20,8.6432,44.902,553.03,242.97
64,20,10.28,45.09,561.35,248.62
64,20,9.7628,45.203,537.75,224.39
64,20,8.1417,44.46,528.81,224.38
64,20,10.482,45.902,575.01,250.82
64,20,7.7884,46.19,577.4,250.35
64,20,6.2733,46.252,582.61,250.98
64,20,9.1612,45.036,562.31,249.38
64,20,8.2557,43.996,515.12,223.56
64,20,6.5741,44.36,544.49,242.89
64,20,6.6515,47.362,599.47,260.96
64,20,9.745,46.077,576.98,253.36
64,20,8.7661,46.899,569.77,234.66
64,20,5.8724,44.65,554.06,243.36
64,20,8.3101,45.319,554.05,236.72
64,20,9.2142,42.365,478.11,205.67
64,20,12.873,46.098,572.99,248.89
64,20,9.257,45.107,562.49,250.31
64,20,8.5006,45.268,567.9,253.69
64,20,6.0212,42.944,520.03,232.92
64,20,13.823,46.48,570.98,245.13
64,20,7.6106,43.886,541.73,238.84
64,20,7,44.717,546.13,239.08
64,20,6.2833,45.643,575.48,257.58
64,20,7.0025,44.644,536.81,229.26
64,20,6.8207,44.693,547.11,244.81
64,20,8.3381,44.536,536.2,224.86
64,20,7.4172,47.728,609.86,256.28
64,20,7.1607,44.515,539.02,234.79
64,20,10.394,45.85,549.07,229.8
64,20,8.3081,45.502,573.26,254.98
64,20,9.5867,46.102,547.6,228.97
64,20,10.443,44.361,526.71,228.7
64,20,10.919,43.97,511.61,215.46
64,20,6.2625,45.048,561.5,250.82
64,20,7.2921,44.543,534.29,226.45
64,20,11.422,43.72,515.67,225.61
64,20,7.9078,43.713,511.45,213.24
64,20,9.2189,43.873,526.08,231.81
64,20,7.1513,41.524,466.12,196.64
64,20,6.468,46.914,609.79,271.83
64,20,8.4945,47.668,629.75,280.1
64,20,8.9026,46.021,560.6,239.68
64,20,10.174,45.58,568.87,249.89
64,20,7.1355,45.664,542.01,224.74
64,20,9.1491,43.211,508.95,218.49
64,20,11.165,44.673,522.36,216.43
64,20,10.126,45.44,552.45,236.55
64,20,9.2389,46.002,582.41,257.54
64,20,6.5133,45.361,555.41,234.59
64,20,9.714,44.853,555.28,245.25
64,20,10.744,46.431,577.71,249.19
64,20,7.9006,46.472,606.67,271.23
64,20,7.5082,44.772,568.11,259.61
64,20,6.8079,45.651,550.49,234.35
64,20,7.0972,44.32,551.57,248.38
64,20,8.3162,45.755,573.04,253.33
64,20,8.5404,47.107,582.3,244.51
64,20,9.4159,46.588,596.14,256.38
64,20,8.6744,44.398,528.74,225.01
64,20,7.326,43.074,499.08,210.5
64,20,7.2986,45.188,545.41,237.55
64,20,10.06,48.532,640.7,276.99
64,20,9.5985,47.471,626.29,279.26
64,20,7.7146,44.474,500.4,204.24
64,20,9.5499,45.784,538.29,216.18
64,20,7.4631,42.194,475.56,203.99
64,20,8.96,43.944,498.79,206.95
64,20,7.403,46.802,581.76,245.23
64,20,8.7895,46.003,593.87,263.88
64,20,6.9678,45.058,537.57,226.59
64,20,6.9266,48.097,633.73,274.15
64,20,7.0977,45.149,530.59,219.3
64,20,7.7465,47.879,587.15,244.87
64,20,8.6109,44.325,534.26,232.13
64,20,7.8473,45.854,556.76,232.31
64,20,7.1703,44.421,536.82,231.16
64,20,6.759,48.805,631.22,271.38
64,20,8.6191,43.898,525.74,230.38
64,20,10.684,44.68,567.49,254.53
64,20,7.7126,43.313,503.54,217.62
64,20,6.4458,42.595,508.41,228.93
64,20,7.3886,44.813,564.79,253.54
64,20,7.9738,44.25,528.41,229.42
64,20,7.3434,46.043,579.39,254
64,20,10.684,44.61,524.65,221.7
64,20,9.1255,44.631,552.93,243.38
64,20,9.0238,44.09,511.7,210.92
64,20,10.783,43.873,532.47,232.49
64,20,9.5887,43.677,525.96,232.79
64,20,6.307,45.967,557.05,232.34
64,20,6.5199,43.936,517.59,218.44
64,20,11.853,47.668,621.29,276.38
64,20,8.7386,45.598,567.21,250.87
64,20,8.7961,44.801,555.75,246.72
64,20,7.6713,45.333,557.19,241.05
64,20,6.9888,45.33,564.85,249.5
64,20,9.4065,42.477,474.06,193.32
64,20,9.0762,45.55,565.94,243.22
64,20,8.9461,45.5,574.02,258.54
64,20,9.408,47.872,620.79,267.43
64,20,6.1548,44.378,573.39,267.87
64,20,8.1686,44.539,554.58,245.4
64,20,8.0458,45.206,550.12,237.33
64,20,7.4258,47.3,603.24,258.39
64,20,8.2353,44.701,551.38,245.01
64,20,7.9631,44.534,544.97,236.57
64,20,8.5656,44.519,554.54,247.18
64,20,7.7658,44.774,565.18,253.87
64,20,6.9591,43.519,508.78,220.41
64,20,10.99,43.179,474.82,193.16
64,20,7.6231,46.213,576.97,251.89
64,20,10.327,44.215,517.47,219.15
64,20,7.3739,44.448,536.64,232.17
64,20,14.579,47.805,650.09,298.78
64,20,5.5645,44.914,560.7,250.36
64,20,5.9487,47.058,605.25,262.38
64,20,9.856,42.918,491.47,206.28
64,20,6.5828,43.589,539.59,244.4
64,20,7.1313,44.43,542.62,239.41
64,20,6.3564,45.193,544.23,234.06
64,20,8.3864,45.499,569.32,254.57
64,20,7.6652,46.101,575.05,250.44
64,20,11.981,45.36,549.78,230.38
64,20,8.3651,46.294,576.44,251.68
64,20,7.404,46.261,546.28,227.24
64,20,9.4583,46.207,580.03,253.43
64,20,8.0813,46.31,561.73,235.74
64,20,7.2507,45.937,582.61,250.48
64,20,8.8938,48.15,617.85,264.42
64,20,8.6039,44.564,521.92,220.84
64,20,6.6365,46.48,607.33,273.92
64,20,7.6422,43.206,500.37,218.17
64,20,12.824,46.251,596.57,266.28
64,20,8.2738,44.061,537.6,241.58
64,20,7.0451,46.248,554.69,232.42
64,20,7.7147,45.24,547.19,225.62
64,20,8.1052,45.481,536.36,219.73
64,20,7.239,47.424,564.35,228.61
64,20,8.1959,43.291,517.54,224.92
64,20,8.9662,45.374,567.66,246.01
64,20,6.7136,43.392,504.61,216.86
64,20,6.8089,43.505,534.14,234.32
64,20,6.1279,46.732,585.43,250.18
64,20,10.58,45.758,576.87,253.84
64,20,7.3692,45.377,551.66,237.13
64,20,9.2889,43.953,535.5,238.76
64,20,6.1788,44.459,514.13,211.11
64,20,6.3365,44.17,525.19,227.57
64,20,9.0612,45.56,557.18,236.37
64,20,8.6748,45.018,543.61,232.1
64,20,7.734,44.982,527.7,223.58
64,20,7.7408,41.462,457.36,193.57
64,20,6.446,46.882,601.87,261.65
64,20,11.204,43.169,511.02,221.54
64,20,6.3779,44.991,549.96,243.84
64,20,10.023,44.213,545.13,243.54
64,20,10.005,47.294,629.21,284.48
64,20,7.5118,44.348,540.24,239.09
64,20,9.5349,44.864,516.73,209.36
64,20,8.7167,44.865,509.85,209.03
64,20,6.8581,43.197,519.43,231.92
64,20,7.7924,45.768,560.88,240.11
64,20,6.1518,43.842,535.52,231.72
64,20,7.6523,44.452,540.49,235.52
64,20,9.3949,42.208,479.79,210.36
64,20,9.4879,44.518,537.92,229.4
64,20,9.2217,43.653,512.63,214.88
64,20,9.3857,44.081,503.06,208.44
64,20,10.196,46.327,580.36,252.18
64,20,14.113,47.76,604.38,261.84
64,20,9.8759,45.348,556.4,244.76
64,20,9.5543,45.624,565.37,243.35
64,20,7.3801,46.345,574.91,242.99
64,20,7.5138,43.839,522.55,230.35
64,20,7.269,44.632,524.29,216.13
64,20,7.5175,44.333,522.86,224.92
64,20,7.5076,45.714,557.67,240.05
64,20,8.4021,46.327,587.15,258.19
64,20,6.8142,45.299,546.9,229.41
64,20,8.61,45.475,557.34,241.82
64,20,6.7546,42.858,504.61,221.46
64,20,13.264,45.717,569.49,250.46
64,20,8.8986,44.051,537.26,240.89
64,20,8.9978,45.682,578.08,256.45
64,20,10.713,43.559,509.76,216.56
64,20,8.1259,46.007,542.19,221.41
64,20,10.504,45.579,549.34,235.41
64,20,7.6012,44.607,555.26,246.37
64,20,8.9033,45.504,550.47,234.09
64,20,8.1405,41.376,450,191.24
64,20,8.4119,46.313,575.64,246.67
64,20,8.6888,45.002,560.76,248.29
64,20,7.5249,45.944,581.05,253.24
64,20,9.2075,45.659,555.85,232.5
64,20,7.529,46.313,558.07,230.69
64,20,6.9186,44.703,552.09,239.15
64,20,7.6519,45.933,554.16,232.99
64,20,6.6021,48.584,583.57,230.54
64,20,6.9971,46.417,614.54,280.36
64,20,9.7271,42.483,500.62,221.97
64,20,9.2622,46.098,602.85,271.7
64,20,9.4135,44.959,551.57,240.37
64,20,12.006,46.228,560.79,235.4
64,20,8.6916,44.257,516.05,212.97
64,20,6.4997,45.472,560.1,243.61
64,20,7.8397,47.328,582.72,244.86
64,20,7.5179,43.358,493.11,207.6
64,20,9.6397,44.489,517.01,216.78
64,20,10.153,44.791,532.73,226.18
64,20,6.4595,44.432,547.96,241.63
64,20,9.9798,44.846,550.52,244.29
64,20,8.356,43.313,503.11,216.16
64,20,7.6127,46.295,599.89,268.16
64,20,6.3072,44.713,527.42,221.99
64,20,8.2244,44.378,550.25,244.84
64,20,8.2868,46.169,583.58,251.62
64,20,8.5357,43.757,525.91,230.04
64,20,11.166,45.568,561.69,245
64,20,7.997,43.934,506.32,212.9
64,20,9.1152,44.572,556.61,247.3
64,20,7.2747,45.397,582.24,261.4
64,20,5.8546,46.234,598.61,259.82
64,20,6.6934,47.357,586.27,247.96
64,20,10.538,45.951,573.25,246.75
64,20,8.5655,44.179,551.06,242.1
64,20,9.3561,45.304,515.99,205.53
64,20,8.3741,44.785,570.57,261.34
64,20,7.9038,44.618,552.2,243.72
64,20,8.98,44.779,518.03,212.92
64,20,7.121,47.536,607.62,260.18
64,20,7.0139,43.855,502.36,210.13
64,20,8.4424,44.799,526.04,223.14
64,20,5.957,44.662,573.03,257.17
64,20,7.0205,46.243,573.74,239.5
64,20,8.5541,45.349,550.46,234.11
64,20,8.85,45.039,528.68,220.25
64,20,9.6246,44.098,509.73,211.65
64,20,6.3662,44.07,492.3,198.51
64,20,6.7955,47.011,606.08,266.16
64,20,9.3876,45.411,566.63,249.26
64,20,7.5416,44.132,550.17,246.09
64,20,7.7048,45.658,576.14,254.8
64,20,9.7782,42.011,481.69,211.97
64,20,7.5736,44.684,515.22,214.3
64,20,8.6628,45.6,563.95,241.43
64,20,9.1754,46.023,579.54,250.75
64,20,6.8747,42.854,506.96,222.25
64,20,7.9569,46.047,569.92,251.17
64,20,8.2354,42.202,476.29,202.9
64,20,7.2973,45.484,557.52,241.44
64,20,7.3961,45.923,551.21,231.47
64,20,7.4706,47.669,624.6,273.28
64,20,7.8034,46.423,600.74,271.37
64,20,7.823,43.858,545.89,243.58
64,20,6.8336,44.265,500.69,210.17
64,20,8.5706,44.06,543.37,240.81
64,20,9.8026,46.191,581.65,251.19
64,20,9.3716,42.064,476.89,205.33
64,20,7.6577,44.826,555.4,242.11
64,20,9.717,47.149,598.11,259.81
64,20,7.3305,43.497,495.84,210.73
64,20,6.0172,48.466,663.52,295.31
64,20,6.6524,43.763,532.42,233.07
64,20,6.9421,44.097,527.16,225.06
64,20,8.496,45.822,569.33,245.14
64,20,6.5813,44.024,537.19,237.36
64,20,8.6991,43.154,527.06,239.78
64,20,7.3046,46.926,599.38,257.84
64,20,8.0199,43.528,509.12,218.12
64,20,9.3783,44.966,563.02,251.83
64,20,7.965,47.9,624.87,272.85
64,20,11.601,45.186,536.69,225.62
64,20,8.7239,46.046,577.35,251.62
64,20,7.7319,46.064,572.74,247.38
64,20,10.508,43.866,528.98,233.95
64,20,9.4523,43.722,522.09,229.98
64,20,7.7609,44.088,537.21,238.54
64,20,8.5465,45.134,552.91,238.93
64,20,6.7019,44.572,510.79,210.75
64,20,7.7357,45.688,584.59,258.4
64,20,9.991,45.159,554.97,245.05
64,20,7.6284,44.767,556.13,245.89
64,20,9.181,44.429,533.87,228.8
64,20,7.9221,47.209,613.56,270.96
64,20,10.55,44.307,536.19,233.52
64,20,10.571,45.521,587.48,263.38
64,20,7.1817,47.662,632.64,278.25
64,20,8.5834,43.98,508.37,211.54
64,20,6.7839,45.511,565.85,242.06
64,20,7.0128,44.195,541.68,241.25
64,20,8.4682,47.106,604.46,267.95
64,20,7.3196,46.532,571.79,239.72
64,20,7.6956,45,546.49,234.43
64,20,10.487,44.391,544.46,241.36
64,20,7.4836,47.197,597.19,254.59
64,20,8.1005,46.275,548.34,224.66
64,20,7.2926,46.54,597.2,264.77
64,20,7.1321,42.667,505.95,223.02
64,20,7.4791,43.92,526.09,229.46
64,20,9.3285,49.046,671.11,301.7
64,20,8.9637,46.623,606.18,272.77
64,20,6.4537,46.307,598.82,271.55
64,20,8.0981,46.015,578.74,254.8
64,20,7.2066,47.556,584.38,239.21
64,20,6.2122,44.444,539.09,238.75
64,20,6.7519,44.366,551.68,249.02
64,20,10.563,45.965,532.85,218.25
64,20,9.2966,44.831,519.04,214.53
64,20,7.2737,44.186,507.58,211.7
64,20,7.0104,44.752,543.52,231.07
64,20,9.4042,47.996,622.48,270.92
64,20,8.7728,42.898,485.18,205.8
64,20,6.8913,46.556,608.09,270.71
64,20,7.613,42.771,505.4,225.85
64,20,6.8004,45.209,569.13,251.12
64,20,11.591,44.281,539.78,234.45
64,20,7.1683,44.601,536.52,228.92
64,20,12.579,43.941,516.29,222.73
64,20,13.746,43.201,513.03,225.18
64,20,7.5566,43.712,512.83,225.34
64,20,8.2319,46.638,608.95,275.73
64,20,9.2266,45.292,537.21,224.32
64,20,7.4219,43.693,524.97,231.59
64,20,8.6974,45.252,537.39,225.77
64,20,7.188,44.104,529.81,227.6
64,20,7.8082,45.949,563.23,241
64,20,7.7511,45.643,548.02,231.69
64,20,7.2779,44.657,556.67,247.23
64,20,6.8566,48.651,618.91,262.9
64,20,7.1641,45.104,557.86,246.65
64,20,8.9266,45.778,556.94,236.04
64,20,10.934,46.978,576.97,239.03
64,20,7.3126,43.385,517.35,226.48
64,20,10.766,48.304,630.99,276.49
64,20,6.0825,47.528,625.08,271.36
64,20,8.7418,44.602,530.98,229.94
64,20,7.8053,47.272,586.53,250.08
64,20,7.5718,45.314,559.62,244.95
64,20,6.6242,45.221,545.91,236.88
64,20,9.027,44.14,471.31,184.58
64,20,7.372,42.783,498.11,215.18
64,20,10.897,44.118,546.15,240.78
64,20,8.8816,44.434,559.09,251.99
64,20,8.3154,44.888,530.17,222.64
64,20,6.8095,46.294,552.75,230.84
64,20,9.0137,43.767,510.78,218.04
64,20,7.0433,42.569,499.23,220.38
64,20,8.273,44.452,543.05,241.58
64,20,11.583,47.089,574.82,239.53
64,20,7.6565,45.701,550.33,229.39
64,20,8.9802,43.904,520.97,221.04
64,20,7.0299,44.091,527.83,220.83
64,20,9.9896,43.827,508.08,217.63
64,20,9.7086,44.331,489.41,195.33
64,20,7.7617,45.818,602.28,271.94
64,20,7.9292,44.985,543.12,229.5
64,20,8.5314,42.359,467.51,193.84
64,20,10.995,44.016,541.99,241.91
64,20,7.1533,48.166,610.59,252.44
64,20,10.447,44.474,538.28,233.6
64,20,7.1071,45.289,562.11,244.1
64,20,7.2808,46.094,595.83,267.43
64,20,6.8988,47.205,623.81,284
64,20,6.1514,45.286,571.61,253.53
64,20,7.2184,43.108,490.04,203.82
64,20,7.1692,46.715,587.73,250.17
64,20,7.6921,45.616,525.74,213.48
64,20,7.2897,47.003,570.68,235.58
64,20,9.5995,45.057,543.92,232.04
64,20,7.6752,45.873,579.9,256.32
64,20,8.0333,48.449,642.84,284.02
64,20,7.5495,43.42,502.31,213.69
64,20,10.876,46.649,604.56,265.49
64,20,7.8099,44.835,534.68,226.09
64,20,11.397,45.092,579.14,263.32
64,20,9.7559,48.432,621.22,259.76
64,20,6.4029,44.837,545.59,237.32
64,20,7.6783,46.258,576.6,248.31
64,20,7.4389,45.362,552.05,235.2
64,20,7.4021,44.68,526.93,225.85
64,20,10.058,44.555,568.87,261.58
64,20,7.7447,44.921,549.32,238.84
64,20,6.9488,45.176,550.04,239.76
64,20,5.9897,45.468,562.25,244.19
64,20,7.2414,41.777,452.78,188.12
64,20,8.8625,43.13,521.09,233.53
64,20,5.9232,43.649,512.41,222.2
64,20,8.864,43.436,524.2,232.51
64,20,9.0413,41.828,442.22,181.64
64,20,6.5106,43.917,519.26,223.43
64,20,8.4978,45.921,562.51,238.56
64,20,6.9464,44.074,502.9,210.21
64,20,7.0519,46.674,588.58,251.66
64,20,10.296,45.295,547.7,238.64
64,20,7.1148,45.416,542.18,224.22
64,20,10.353,44.844,532.75,220.53
64,20,8.8994,45.109,540.74,231.05
64,20,8.44,46.047,576.52,254.04
64,20,7.6698,45.53,549.3,231.77
64,20,8.5108,47.412,630.87,282.05
64,20,8.2532,43.538,513.06,219.38
64,20,10.012,42.973,481.92,198.04
64,20,7.1667,46.535,587.12,246.26
64,20,10.961,43.259,511.41,220.46
64,20,5.7511,45.46,564.28,250.24
64,20,5.8709,44.647,543.51,237.87
64,20,7.2427,43.527,513.23,222.31
64,20,14.342,45.722,565.01,242.26
64,20,9.3125,45.509,561.15,241.18
64,20,7.8324,45.466,530.52,217.53
64,20,11.758,43.975,538.24,238.53
64,20,7.5129,46.708,612.55,276.79
64,20,9.3698,44.365,545.65,239.25
64,20,6.7754,43.49,523.33,231.06
64,20,7.2284,44.132,538.03,238.66
64,20,6.3501,46.732,576.97,243.59
64,20,9.4667,45.238,545.45,235.85
64,20,8.1901,45.479,576.32,260
64,20,9.6631,46.186,575.03,245.3
64,20,8.0258,46.101,570.21,247.91
64,20,9.62,46.485,579.19,244.73
64,20,7.5098,45.902,576.82,248.35
64,20,10.333,44.334,518.1,218.27
64,20,8.1264,43.929,514.61,218.74
64,20,8.0436,42.59,506.14,225.28
64,20,6.3339,46.474,572.72,247.81
64,20,11.815,43.871,528.55,235.36
64,20,9.7085,45.487,581.73,257.94
64,20,14.734,45.719,559.06,244.69
64,20,8.0151,45.145,545.78,233.46
64,20,5.9794,43.106,481.93,198.82
64,20,9.0055,45.234,523.05,211.38
64,20,6.7491,43.447,506.51,218.16
64,20,6.845,41.818,470.58,202.61
64,20,9.4804,47.287,605.15,266.31
64,20,9.6389,43.749,548.38,254.02
64,20,8.6309,47.228,595.29,251.96
64,20,7.4937,44.791,526.6,222.09
64,20,7.7704,45.751,542.06,220.22
64,20,6.9805,45.368,579.3,259.35
64,20,8.6492,47.173,611.11,267.83
64,20,7.0564,43.038,484.53,204.32
64,20,6.6765,44.848,549.56,238.37
64,20,7.2423,45.801,570.75,254.05
64,20,9.9759,43.25,517.72,226.51
64,20,8.7186,47.948,613.92,260.05
64,20,8.7046,45.184,544.81,233.61
64,20,10.387,44.348,524.06,222.67
64,20,10.743,45.574,561.57,242.02
64,20,6.6013,44.158,541.97,236.8
64,20,10.625,43.939,524.28,224.88
64,20,8.8075,45.652,580.05,254
64,20,7.0647,46.217,569.85,242.58
64,20,8.0598,44.949,554.27,245.53
64,20,8.5616,45.311,534.46,223.23
64,20,8.3282,46.746,595.26,246.95
64,20,8.7518,47.809,609.15,260.23
64,20,7.4219,44.094,535.3,238.62
64,20,9.3807,44.065,538.99,239.31
64,20,9.5664,43.017,491.38,208.61
64,20,8.6366,47.786,609.65,263.15
64,20,7.3915,42.518,470.24,193.79
64,20,8.3632,45.604,576.02,256
64,20,6.67,45.425,572.97,247.42
64,20,11.017,46.78,590.17,246.55
64,20,7.1906,42.856,505.62,218.66
64,20,5.9296,45.159,547.94,237.87
64,20,8.0874,43.068,495.13,209.26
64,20,6.7,44.735,574.82,263.16
64,20,9.3792,45.069,545.99,237.03
64,20,7.5939,46.906,581.65,243.21
64,20,6.4387,44.93,548.72,236.71
64,20,8.1585,43.031,514.09,227.44
64,20,8.1266,49.272,642.65,276.36
64,20,8.707,44.044,510.11,214.17
64,20,7.9524,43.683,520.39,224.02
64,20,8.9668,45.808,540.83,217.75
64,20,7.9487,44.096,523.24,225.91
64,20,8.4387,44.722,518.42,208.83
64,20,7.71,45.936,575.94,253.83
64,20,10.401,43.477,513.82,224.28
64,20,6.0334,41.651,474.89,205.12
64,20,7.1138,44.204,549.66,248.81
64,20,7.6073,43.866,512.38,215.95
64,20,5.3951,46.43,588.2,250.6
64,20,6.22,46.639,582.8,248.7
64,20,8.4361,45.974,577.8,254.56
64,20,6.4954,43.905,521.72,222.09
64,20,9.9722,45.405,558.79,237.83
64,20,6.8364,46.815,570.39,235.84
64,20,9.4845,46.045,550.98,233.2
64,20,7.677,44.626,497.79,195.21
64,20,8.8277,45.599,560,243.28
64,20,7.7882,43.369,499.97,212.9
64,20,11.209,44.999,531.2,226.02
64,20,6.3382,44.739,543.16,239.63
64,20,12.817,46.365,610.56,278.18
64,20,7.1482,44.876,542.87,226.11
64,20,8.1078,44.112,526.53,231.02
64,20,7.2389,45.399,561.49,246.08
64,20,10.73,45.62,581.74,253.88
64,20,8.2155,44.691,517.84,200.93
64,20,11.36,43.475,480.9,196.17
64,20,8.9882,45.614,565.28,246.92
64,20,9.1363,47.505,616.4,270.68
64,20,5.6893,46.462,568.38,233.54
64,20,7.674,44.185,517.15,219.91
64,20,12.709,45.219,551.46,238.65
64,20,6.8963,46.426,581.36,250.2
64,20,6.3969,45.35,581.21,256.53
64,20,7.5624,45.876,542.38,225.68
64,20,9.2693,44.476,529.65,226.59
64,20,9.2868,44.164,524.58,217.39
64,20,11.185,44.256,510.61,211.97
64,20,7.7854,46.033,585.84,254.04
64,20,10.948,43.959,525.7,226.08
64,20,7.5738,45.08,568.5,253.25
64,20,6.5561,47.075,594.83,251.87
64,20,9.5442,47.019,595.04,255.26
64,20,7.5493,46.54,588.95,254.26
64,20,7.2832,43.825,498.79,207.81
64,20,8.2518,46.272,562.97,241.56
64,20,10.129,43.19,501.55,215.92
64,20,7.101,45.895,562.94,246.3
64,20,8.5817,42.259,486.72,206.55
64,20,9.9065,44.869,552.17,240.78
64,20,9.6969,45.349,531.37,213.92
64,20,7.4274,41.352,456.9,196.15
64,20,7.1979,45.661,567.74,241.09
64,20,7.2456,45.125,550.37,232.12
64,20,9.112,45.768,551.87,234.05
64,20,8.2904,45.08,539.58,229
64,20,6.1497,42.712,507.26,227.82
64,20,7.1909,45.715,563.66,243.29
64,20,8.7142,43.463,510.22,224.14
64,20,6.7545,44.384,508.37,206.93
64,20,9.8627,46.768,597.14,262.38
64,20,9.7762,46.04,562.57,241.43
64,20,7.3417,44.872,568.77,257.53
64,20,8.282,43.825,528.57,233.12
64,20,9.7485,43.661,535.83,243.84
64,20,8.3241,45.486,581.01,261.93
64,20,7.7056,45.355,539.11,224.31
64,20,8.0305,44.373,528.15,229.25
64,20,6.9442,46.634,582.94,250.95
64,20,7.6287,44.318,546.67,242.56
64,20,8.3686,44.735,558.17,247.35
64,20,8.3185,42.767,491.58,213.03
64,20,6.7907,44.858,548.29,238.89
64,20,10.023,43.857,530.31,230
64,20,10.249,45.578,551.75,227.59
64,20,6.5564,44.856,564.34,252.49
64,20,7.4052,45.054,574.71,260.04
64,20,7.8536,44.693,554.9,248.08
64,20,9.1341,43.839,539.32,243.97
64,20,7.304,43.128,506.79,222.04
64,20,7.9482,45.56,559.98,237.68
64,20,6.4483,43.945,520.16,220.42
64,20,6.3913,45.062,537.94,228.39
64,20,9.633,41.621,457.14,195.9
64,20,7.5114,44.314,529.58,221.82
64,20,6.4707,44.729,573.66,261.04
64,20,8.2814,43.143,497.31,204.39
64,20,12.231,45.983,555.09,238.4
64,20,11.124,44.99,545.97,230.97
64,20,6.3242,43.576,495.33,201.02
64,20,9.8992,46.341,567.1,242.73
64,20,6.7949,46.095,565.78,238.45
64,20,6.5356,44.634,556.35,246.57
64,20,8.6112,42.993,495.74,211.58
64,20,9.3646,44.272,547.56,243.3
64,20,9.7098,45.213,534.94,223.58
64,20,8.1827,45.766,559.56,241.48
64,20,6.0376,47.052,577.73,241.07
64,20,7.0028,46.834,592.88,263.91
64,20,7.6539,47.932,636.68,284.91
64,20,6.6195,43.827,516.54,224.62
64,20,6.9611,47.096,602.14,262.91
64,20,7.2236,45.109,563.83,248.31
64,20,6.9909,43.63,539.62,241.33
64,20,7.9455,47.816,617.69,268.58
64,20,6.8923,42.705,465.46,189.33
64,20,8.9553,45.487,571.45,251.21
64,20,13.102,44.295,522.14,220.35
64,20,8.818,45.811,586.24,264.14
64,20,7.3586,45.652,560.54,240.47
64,20,10.667,44.727,521.29,217.97
64,20,7.0818,45.069,552.28,239.65
64,20,6.4281,46.002,602.96,271.9
64,20,10.841,46.253,580.85,250.77
64,20,10.191,45.284,566.26,252.77
64,20,7.9871,43.748,514.39,220.95
64,20,7.0498,46.185,596.3,266.06
64,20,11.559,44.23,523.57,223.48
64,20,7.5264,45.412,585.97,265.28
64,20,12.192,43.391,514.24,224.36
64,20,7.9806,47.125,608.1,266.41
64,20,6.2178,45.726,582.35,258.89
64,20,9.3627,46.131,561.87,246.53
64,20,10.568,45.125,497.83,193.38
64,20,7.5577,47.271,594.64,255.37
64,20,8.0873,47.852,615.89,263.61
64,20,7.6995,45.196,547.61,231.02
64,20,8.435,44.202,530.62,232.57
64,20,9.4831,45.799,557.8,240.91
64,20,8.1083,42.291,465.47,192.51
64,20,6.8758,47.26,615.84,272.67
64,20,8.8852,44.375,527.78,227.23
64,20,9.2581,46.485,587.63,254.98
64,20,8.3609,46.661,587.45,248.62
64,20,6.8359,42.539,495.19,220.19
64,20,6.1449,45.929,579.69,256.67
64,20,8.8419,43.328,522.05,232.94
64,20,8.3655,47.248,603.51,262.34
64,20,10.346,46.522,596,260.17
64,20,6.3492,45.179,568.4,252.86
64,20,6.9576,45.607,561.51,240.14
64,20,8.7471,45.48,568.88,253.13
64,20,7.5552,44.563,521.24,212.26
64,20,6.3873,45.519,550.7,231.93
64,20,9.0244,44.497,519.03,221.83
64,20,6.9716,46.391,575.97,246.02
64,20,12.306,46.41,585.95,255.76
64,20,8.0222,44.449,540.58,234.85
64,20,7.0671,43.178,501.69,217.01
64,20,6.6444,45.291,568.12,249.6
64,20,9.043,45.471,562.05,242.29
64,20,8.1993,43.924,518.72,222.12
64,20,8.2358,42.977,514.09,227.16
64,20,10.807,43.05,506.76,215.79
64,20,7.8162,43.645,514.07,219.67
64,20,9.5938,45.308,555.29,239.71
64,20,8.8707,47.296,595.1,257.27
64,20,7.2576,43.847,522.6,228.83
64,20,6.916,45.256,567.19,249.17
64,20,9.5852,44.678,531.44,227.78
64,20,8.1573,45.548,578.48,255.91
64,20,7.751,44.462,542.08,234.09
64,20,9.2085,47.371,629.41,279.59
64,20,8.7533,47.854,642.15,288.46
64,20,9.8637,44.237,529.42,232.37
64,20,7.7034,43.93,534.1,232.24
64,20,9.0965,45.142,561.77,242.51
64,20,9.5419,46.175,559.37,227.93
64,20,8.17,42.66,498.44,216.46
64,20,7.4224,43.295,511.63,224.97
64,20,9.8067,46.426,546.31,221.55
64,20,8.3191,46.71,597.11,261.78
64,20,5.65,43.64,519.74,229.09
64,20,9.8415,43.928,520.58,222.31
64,20,7.1041,44.482,553.99,246.97
64,20,8.59,47.703,638.78,288.12
64,20,9.0184,46.299,602.84,273.67
64,20,7.5797,48.191,620.56,269.18
64,20,9.4652,43.802,525.93,228.66
64,20,7.8582,45.816,573,253.98
64,20,8.4214,43.704,507.09,214.74
64,20,7.0492,44.806,517.74,218.3
64,20,8.8237,44.646,577,260.48
64,20,9.9012,41.711,467.62,203.42
64,20,9.9719,44.284,520.46,220.2
64,20,10.127,44.726,527.49,220.33
64,20,7.4478,45.121,565.14,252.31
64,20,7.4952,49.395,636.91,261.69
64,20,7.4065,45.424,557.83,239.81
64,20,8.3857,44.331,528.15,226.6
64,20,10.834,47.118,590.21,247.76
64,20,6.4925,44.98,559.07,249.15
64,20,6.5884,46.343,584.95,251.75
64,20,10.843,45.454,565.77,250.63
64,20,6.963,44.932,538.81,225.53
64,20,8.5348,46.028,588.78,258.03
64,20,8.0496,46.858,602.85,267.98
64,20,7.3756,43.094,495.32,212.35
64,20,6.5534,43.887,523.13,229.29
64,20,9.0059,45.596,568.38,247.38
64,20,7.0218,44.453,542.7,240.27
64,20,8.8011,44.976,572.56,260.55
64,20,12.276,44.595,552.05,244.68
64,20,7.9896,48.114,628.02,275.27
64,20,7.3522,45.701,567.97,248.64
64,20,6.324,46.156,583.82,255.78
64,20,8.0497,46.293,598.36,269.99
64,20,9.0302,44.293,522.47,220.6
64,20,7.1012,44.789,562.59,253.89
64,20,6.6859,44.509,550.47,242.53
64,20,7.6296,44.814,531.18,226.97
64,20,5.9806,43.415,521.01,229.84
64,20,7.3197,44.857,531.3,222.14
64,20,7.8921,42.893,488.59,200.56
64,20,8.3359,45.498,518.62,207.52
64,20,7.4807,43.783,539.82,243.13
64,20,8.3024,45.531,596.3,268.12
64,20,7.3762,46.608,597.26,260.25
64,20,5.6418,46.632,603.76,269.45
64,20,8.9965,45.077,535.73,228.79
64,20,7.567,44.724,529.92,225.97
64,20,9.2975,45.737,556.51,234.8
64,20,6.9295,44.861,525.14,217.72
64,20,7.5188,44.3,542.46,238.09
64,20,7.6875,44.482,520.28,221.96
64,20,8.1638,45.605,566.26,247.35
64,20,7.3471,42.716,481.95,206.59
64,20,9.4479,44.973,549.17,238.89
64,20,10.867,46.521,555.95,229.33
64,20,7.7008,46.932,583.47,246.36
64,20,7.5265,46.908,624.64,283.29
64,20,7.1235,47.43,567.52,229.86
64,20,8.2279,44.051,527.6,230.34
64,20,7.2587,47.727,639.45,288.23
64,20,9.6382,46.477,562.88,228.12
64,20,6.8076,44.462,514.91,216.93
64,20,12.049,44.816,550.15,243.35
64,20,8.3625,45.323,575.04,252.74
64,20,7.6595,43.542,506.55,211.52
64,20,8.4163,47.646,599.55,250.48
64,20,8.3601,46.766,574.69,245.11
64,20,11.991,45.423,539.07,224.75
64,20,8.8615,46.054,556.93,235.35
64,20,8.2092,44.621,554.59,246.04
64,20,12.062,46.839,590.65,250.02
64,20,7.4632,45.232,561.87,249.89
64,20,9.5196,46.474,577.26,243.58
64,20,7.1408,45.241,553.64,236.76
64,20,8.1862,43.97,524.31,228.25
64,20,5.8493,45.264,572.96,255.88
64,20,8.9884,46.618,576.35,246.34
64,20,7.5313,46.064,590.32,261.69
64,20,8.3052,44.087,534.5,234.07
64,20,7.888,45.245,572.12,254.29
64,20,8.1449,44.626,536.56,230.78
64,20,6.6262,46.082,552.58,230.08
64,20,9.5702,44.952,547.24,232.43
64,20,11.043,43.933,541.15,240.11
64,20,11.299,42.112,498.45,220.97
64,20,7.8591,44.58,528.28,221.49
64,20,10.61,44.738,525.88,212.34
64,20,10.018,44.614,544.97,238.27
64,20,9.8791,43.977,519.98,223.31
64,20,6.156,42.861,488.33,204.97
64,20,9.1121,45.496,539.66,226.26
64,20,6.149,44.717,540.17,230.59
64,20,10.076,46.186,580.61,255.63
64,20,10.502,44.094,521.61,219.45
64,20,7.1591,45.068,560.49,244.37
64,20,6.28,45.501,559.83,240.68
64,20,7.4348,45.549,548.94,235.38
64,20,7.6498,45.061,541.36,235.45
64,20,9.8142,45.157,536.46,228.45
64,20,7.0441,43.458,499.03,205.84
64,20,6.7631,46.118,573.06,251.15
64,20,6.6661,43.616,534.44,234.5
64,20,8.0103,46.888,612.88,276.74
64,20,9.6306,44.159,514.39,223.45
64,20,8.851,44.437,540.31,235.33
64,20,12.387,43.221,509.15,225.66
64,20,8.8361,43.751,504.18,216.87
64,20,8.0579,46.405,563.05,233.99
64,20,8.3423,45.494,599.88,274.87
64,20,8.9027,41.662,473.51,207.89
64,20,7.8615,44.155,551.27,247.69
64,20,7.1189,43.123,500.87,215.26
64,20,7.1533,45.908,568.16,246.67
64,20,7.2172,45.726,565.06,243.93
64,20,5.8705,45.124,548.92,237.5
64,20,7.6941,45.352,567.1,249.17
64,20,12.935,46.327,583.76,255.58
64,20,9.6582,44.709,533.65,225.02
64,20,10.061,45.241,575.64,251.9
64,20,6.7045,46.585,559.17,234.57
64,20,6.2151,43.157,495.33,211.87
64,20,8.9241,47.474,598.07,252.91
64,20,7.8948,44.346,538.69,235.3
64,20,7.1236,46.201,575.01,246.53
64,20,9.4755,47.675,609.7,261.98
64,20,10.103,43.81,518.95,224.58
64,20,6.7199,44.613,530.47,218.85
64,20,8.5061,47.267,593.98,251.68
64,20,7.8424,43.215,512.76,223.87
64,20,6.5385,44.687,531.16,226.97
64,20,8.5422,46.068,567.13,236.36
64,20,6.5265,43.605,523.33,225.1
64,20,11.408,46.809,577.44,242.09
64,20,7.2541,46.859,597.14,261.16
64,20,7.8866,46.543,582.67,250.34
64,20,9.3753,45.968,553.97,236.2
64,20,7.6912,46.917,602.7,263.97
64,20,13.372,43.917,498.39,203.86
64,20,8.261,42.908,511.02,227.31
64,20,7.1077,44.704,553.5,241.11
64,20,9.1784,44.945,529.48,219.92
64,20,8.0607,46.57,568.25,233.67
64,20,8.1858,45.478,542.07,229.55
64,20,6.559,44.289,524.02,222.43
64,20,7.613,44.536,542.67,237.34
64,20,6.6796,43.67,523.07,228.43
64,20,6.2897,45.192,548.27,231.1
64,20,8.2992,44.473,544.16,238.71
64,20,6.6267,44.889,550.41,235.49
64,20,8.6843,44.687,531.42,228.18
64,20,7.6016,47.515,617.9,269.32
64,20,5.8537,45.854,575.92,253.85
64,20,7.5508,43.004,516.25,233.72
64,20,7.1472,43.684,505.8,216.4
64,20,7.3927,46.174,580.93,251.54
64,20,7.117,47.61,627.46,278.64
64,20,6.9093,45.021,562.97,244.87
64,20,10.053,44.804,540.51,233.29
64,20,9.2468,45.508,557.79,241.52
64,20,7.9661,44.029,511.95,211.97
64,20,10.092,47.644,605.74,260.54
64,20,7.3603,45.172,548.69,233.28
64,20,6.3883,44.902,555.85,246.44
64,20,8.0529,45.782,561.89,238.26
64,20,6.936,47.47,617.55,269.25
64,20,8.864,44.804,548.88,240.23
64,20,6.9185,43.93,534.85,229.72
64,20,12.728,44.959,544.15,233.21
64,20,15.262,45.211,554.85,241.72
64,20,7.2673,45.08,544.77,231.2
64,20,7.4336,43.249,504.7,217.74
64,20,8.01,44.729,525.81,221.68
64,20,9.596,42.676,508.07,224.84
64,20,9.1501,45.004,533.73,227.93
64,20,10.538,42.7,498.24,209.13
64,20,6.1112,45.152,546.55,233.71
